  -32.8017697547684       0.000000000000000E+000  0.000000000000000E+000
  -32.7653092643052       0.000000000000000E+000  0.000000000000000E+000
  -32.7288487738420       0.000000000000000E+000  0.000000000000000E+000
  -32.6923882833787       0.000000000000000E+000  0.000000000000000E+000
  -32.6559277929155       0.000000000000000E+000  0.000000000000000E+000
  -32.6194673024523       0.000000000000000E+000  0.000000000000000E+000
  -32.5830068119891       0.000000000000000E+000  0.000000000000000E+000
  -32.5465463215259       0.000000000000000E+000  0.000000000000000E+000
  -32.5100858310627       0.000000000000000E+000  0.000000000000000E+000
  -32.4736253405995       0.000000000000000E+000  0.000000000000000E+000
  -32.4371648501362       0.000000000000000E+000  0.000000000000000E+000
  -32.4007043596730       0.000000000000000E+000  0.000000000000000E+000
  -32.3642438692098       0.000000000000000E+000  0.000000000000000E+000
  -32.3277833787466       0.000000000000000E+000  0.000000000000000E+000
  -32.2913228882834       0.000000000000000E+000  0.000000000000000E+000
  -32.2548623978202       0.000000000000000E+000  0.000000000000000E+000
  -32.2184019073569       0.000000000000000E+000  0.000000000000000E+000
  -32.1819414168937       0.000000000000000E+000  0.000000000000000E+000
  -32.1454809264305       0.000000000000000E+000  0.000000000000000E+000
  -32.1090204359673       0.000000000000000E+000  0.000000000000000E+000
  -32.0725599455041       0.000000000000000E+000  0.000000000000000E+000
  -32.0360994550409       0.000000000000000E+000  0.000000000000000E+000
  -31.9996389645777       0.000000000000000E+000  0.000000000000000E+000
  -31.9631784741144       0.000000000000000E+000  0.000000000000000E+000
  -31.9267179836512       0.000000000000000E+000  0.000000000000000E+000
  -31.8902574931880       0.000000000000000E+000  0.000000000000000E+000
  -31.8537970027248       0.000000000000000E+000  0.000000000000000E+000
  -31.8173365122616       0.000000000000000E+000  0.000000000000000E+000
  -31.7808760217984       0.000000000000000E+000  0.000000000000000E+000
  -31.7444155313352       0.000000000000000E+000  0.000000000000000E+000
  -31.7079550408719       0.000000000000000E+000  0.000000000000000E+000
  -31.6714945504087       1.110223024625157E-016  1.110223024625157E-016
  -31.6350340599455       1.586729879432536E-015  1.697752181895051E-015
  -31.5985735694823       2.725359000976812E-014  2.895134219166318E-014
  -31.5621130790191       4.236892954534444E-013  4.526406376451075E-013
  -31.5256525885559       5.780325328628988E-012  6.232965966274095E-012
  -31.4891920980926       6.910910038682161E-011  7.534206635309570E-011
  -31.4527316076294       7.242255318129671E-010  7.995675981660628E-010
  -31.4162711171662       6.652376887523147E-009  7.451944485689210E-009
  -31.3798106267030       5.356208755469055E-008  6.101403204037976E-008
  -31.3433501362398       3.780319143855109E-007  4.390459464258907E-007
  -31.3068896457766       2.338848635046516E-006  2.777894581472407E-006
  -31.2704291553134       1.268499802969079E-005  1.546289261116320E-005
  -31.2339686648501       6.031215013383199E-005  7.577504274499519E-005
  -31.1975081743869       2.513947897847943E-004  3.271698325297895E-004
  -31.1610476839237       9.186606269012639E-004  1.245830459431053E-003
  -31.1245871934605       2.943140058476074E-003  4.188970517907127E-003
  -31.0881267029973       8.266708494354607E-003  1.245567901226173E-002
  -31.0516662125341       2.035767808107995E-002  3.281335709334168E-002
  -31.0152057220708       4.395466767488841E-002  7.676802476823009E-002
  -30.9787452316076       8.320881429967870E-002  0.159976839067909     
  -30.9422847411444       0.138110704122566       0.298087543190474     
  -30.9058242506812       0.200995695584897       0.499083238775371     
  -30.8693637602180       0.256486903184483       0.755570141959854     
  -30.8329032697548       0.287027792423531        1.04259793438339     
  -30.7964427792916       0.281842488488076        1.32444042287146     
  -30.7599822888283       0.243389647851814        1.56783007072328     
  -30.7235217983651       0.186551962424929        1.75438203314820     
  -30.6870613079019       0.131475945567220        1.88585797871542     
  -30.6506008174387       9.550841216258932E-002   1.98136639087801     
  -30.6141403269755       8.869841018120067E-002   2.07006480105921     
  -30.5776798365123       0.112825845204891        2.18289064626411     
  -30.5412193460490       0.161405897253787        2.34429654351789     
  -30.5047588555858       0.219947414834014        2.56424395835191     
  -30.4682983651226       0.268675914313277        2.83291987266518     
  -30.4318378746594       0.289361976434367        3.12228184909955     
  -30.3953773841962       0.273619147797274        3.39590099689683     
  -30.3589168937330       0.226933207879014        3.62283420477584     
  -30.3224564032698       0.165038663979684        3.78787286875552     
  -30.2859959128065       0.105239836023060        3.89311270477858     
  -30.2495354223433       5.883980167820954E-002   3.95195250645679     
  -30.2130749318801       2.884379698667254E-002   3.98079630344347     
  -30.1766144414169       1.239703027654612E-002   3.99319333372001     
  -30.1401539509537       4.671539622758765E-003   3.99786487334277     
  -30.1036934604905       1.543376418354915E-003   3.99940824976112     
  -30.0672329700272       4.470381693760570E-004   3.99985528793050     
  -30.0307724795640       1.135191069186583E-004   3.99996880703742     
  -29.9943119891008       2.527172651479000E-005   3.99999407876393     
  -29.9578514986376       4.932098846412039E-006   3.99999901086278     
  -29.9213910081744       8.438170332354385E-007   3.99999985467981     
  -29.8849305177112       1.265530743417283E-007   3.99999998123289     
  -29.8484700272480       1.663768178073290E-008   3.99999999787057     
  -29.8120095367847       1.917326529368799E-009   3.99999999978790     
  -29.7755490463215       1.936732399888258E-010   3.99999999998157     
  -29.7390885558583       1.714750601710877E-011   3.99999999999872     
  -29.7026280653951       1.330736790292747E-012   4.00000000000005     
  -29.6661675749319       9.053532663144681E-014   4.00000000000014     
  -29.6297070844687       5.357530825228496E-015   4.00000000000014     
  -29.5932465940054       2.956619324367971E-016   4.00000000000014     
  -29.5567861035422       0.000000000000000E+000   4.00000000000014     
  -29.5203256130790       0.000000000000000E+000   4.00000000000014     
  -29.4838651226158       0.000000000000000E+000   4.00000000000014     
  -29.4474046321526       0.000000000000000E+000   4.00000000000014     
  -29.4109441416894       0.000000000000000E+000   4.00000000000014     
  -29.3744836512262       0.000000000000000E+000   4.00000000000014     
  -29.3380231607629       0.000000000000000E+000   4.00000000000014     
  -29.3015626702997       0.000000000000000E+000   4.00000000000014     
  -29.2651021798365       0.000000000000000E+000   4.00000000000014     
  -29.2286416893733       0.000000000000000E+000   4.00000000000014     
  -29.1921811989101       0.000000000000000E+000   4.00000000000014     
  -29.1557207084469       0.000000000000000E+000   4.00000000000014     
  -29.1192602179837       0.000000000000000E+000   4.00000000000014     
  -29.0827997275204       0.000000000000000E+000   4.00000000000014     
  -29.0463392370572       0.000000000000000E+000   4.00000000000014     
  -29.0098787465940       0.000000000000000E+000   4.00000000000014     
  -28.9734182561308       0.000000000000000E+000   4.00000000000014     
  -28.9369577656676       0.000000000000000E+000   4.00000000000014     
  -28.9004972752044       0.000000000000000E+000   4.00000000000014     
  -28.8640367847411       0.000000000000000E+000   4.00000000000014     
  -28.8275762942779       0.000000000000000E+000   4.00000000000014     
  -28.7911158038147       0.000000000000000E+000   4.00000000000014     
  -28.7546553133515       0.000000000000000E+000   4.00000000000014     
  -28.7181948228883       0.000000000000000E+000   4.00000000000014     
  -28.6817343324251       0.000000000000000E+000   4.00000000000014     
  -28.6452738419619       0.000000000000000E+000   4.00000000000014     
  -28.6088133514986       0.000000000000000E+000   4.00000000000014     
  -28.5723528610354       0.000000000000000E+000   4.00000000000014     
  -28.5358923705722       0.000000000000000E+000   4.00000000000014     
  -28.4994318801090       0.000000000000000E+000   4.00000000000014     
  -28.4629713896458       0.000000000000000E+000   4.00000000000014     
  -28.4265108991826       0.000000000000000E+000   4.00000000000014     
  -28.3900504087193       0.000000000000000E+000   4.00000000000014     
  -28.3535899182561       0.000000000000000E+000   4.00000000000014     
  -28.3171294277929       0.000000000000000E+000   4.00000000000014     
  -28.2806689373297       0.000000000000000E+000   4.00000000000014     
  -28.2442084468665       0.000000000000000E+000   4.00000000000014     
  -28.2077479564033       0.000000000000000E+000   4.00000000000014     
  -28.1712874659401       0.000000000000000E+000   4.00000000000014     
  -28.1348269754768       0.000000000000000E+000   4.00000000000014     
  -28.0983664850136       1.110223024625157E-016   4.00000000000014     
  -28.0619059945504       1.481291218158320E-015   4.00000000000015     
  -28.0254455040872       2.547609475808676E-014   4.00000000000017     
  -27.9889850136240       3.974815268592558E-013   4.00000000000057     
  -27.9525245231608       5.438480395192347E-012   4.00000000000601     
  -27.9160640326975       6.522793297245727E-011   4.00000000007124     
  -27.8796035422343       6.857108042729147E-010   4.00000000075695     
  -27.8431430517711       6.318480064734875E-009   4.00000000707543     
  -27.8066825613079       5.103423023322109E-008   4.00000005810966     
  -27.7702220708447       3.613270993047197E-007   4.00000041943676     
  -27.7337615803815       2.242548732503294E-006   4.00000266198549     
  -27.6973010899183       1.220106107211231E-005   4.00001486304656     
  -27.6608405994550       5.819412779021398E-005   4.00007305717435     
  -27.6243801089918       2.433310471805769E-004   4.00031638822153     
  -27.5879196185286       8.919962264976682E-004   4.00120838444803     
  -27.5514591280654       2.866720040702234E-003   4.00407510448873     
  -27.5149986376022       8.077430096152997E-003   4.01215253458488     
  -27.4785381471390       1.995422479027955E-002   4.03210675937516     
  -27.4420776566757       4.321926964796707E-002   4.07532602902313     
  -27.4056171662125       8.207429213250905E-002   4.15740032115564     
  -27.3691566757493       0.136656183901743        4.29405650505738     
  -27.3326961852861       0.199502382869766        4.49355888792715     
  -27.2962356948229       0.255368139525072        4.74892702745222     
  -27.2597752043597       0.286607299922951        5.03553432737517     
  -27.2233147138965       0.282039977087054        5.31757430446223     
  -27.1868542234332       0.243353078842451        5.56092738330468     
  -27.1503937329700       0.184104550159620        5.74503193346430     
  -27.1139332425068       0.122121280856471        5.86715321432077     
  -27.0774727520436       7.102543404990097E-002   5.93817864837067     
  -27.0410122615804       3.621826739493113E-002   5.97439691576560     
  -27.0045517711172       1.619299442746205E-002   5.99058991019306     
  -26.9680912806540       6.347546658142790E-003   5.99693745685121     
  -26.9316307901907       2.181506301029201E-003   5.99911896315224     
  -26.8951702997275       6.573105510126796E-004   5.99977627370325     
  -26.8587098092643       1.736357788403014E-004   5.99994990948209     
  -26.8222493188011       4.021170629067689E-005   5.99999012118838     
  -26.7857888283379       8.163942968635463E-006   5.99999828513135     
  -26.7493283378747       1.453016386620415E-006   5.99999973814773     
  -26.7128678474114       2.267005298770344E-007   5.99999996484826     
  -26.6764073569482       3.100515876729376E-008   5.99999999585342     
  -26.6399468664850       3.717083562606791E-009   5.99999999957051     
  -26.6034863760218       3.906114086154287E-010   5.99999999996112     
  -26.5670258855586       3.597893586792383E-011   5.99999999999710     
  -26.5305653950954       2.904655303174325E-012   6.00000000000000     
  -26.4941049046322       2.055751944542161E-013   6.00000000000021     
  -26.4576444141689       1.269622428023975E-014   6.00000000000022     
  -26.4211839237057       7.267407162170336E-016   6.00000000000022     
  -26.3847234332425       0.000000000000000E+000   6.00000000000022     
  -26.3482629427793       0.000000000000000E+000   6.00000000000022     
  -26.3118024523161       0.000000000000000E+000   6.00000000000022     
  -26.2753419618529       0.000000000000000E+000   6.00000000000022     
  -26.2388814713896       0.000000000000000E+000   6.00000000000022     
  -26.2024209809264       0.000000000000000E+000   6.00000000000022     
  -26.1659604904632       0.000000000000000E+000   6.00000000000022     
  -26.1295000000000       0.000000000000000E+000   6.00000000000022     
  -26.0930395095368       0.000000000000000E+000   6.00000000000022     
  -26.0565790190736       0.000000000000000E+000   6.00000000000022     
  -26.0201185286104       0.000000000000000E+000   6.00000000000022     
  -25.9836580381471       0.000000000000000E+000   6.00000000000022     
  -25.9471975476839       0.000000000000000E+000   6.00000000000022     
  -25.9107370572207       0.000000000000000E+000   6.00000000000022     
  -25.8742765667575       0.000000000000000E+000   6.00000000000022     
  -25.8378160762943       0.000000000000000E+000   6.00000000000022     
  -25.8013555858311       0.000000000000000E+000   6.00000000000022     
  -25.7648950953678       0.000000000000000E+000   6.00000000000022     
  -25.7284346049046       0.000000000000000E+000   6.00000000000022     
  -25.6919741144414       0.000000000000000E+000   6.00000000000022     
  -25.6555136239782       0.000000000000000E+000   6.00000000000022     
  -25.6190531335150       0.000000000000000E+000   6.00000000000022     
  -25.5825926430518       0.000000000000000E+000   6.00000000000022     
  -25.5461321525886       0.000000000000000E+000   6.00000000000022     
  -25.5096716621253       0.000000000000000E+000   6.00000000000022     
  -25.4732111716621       0.000000000000000E+000   6.00000000000022     
  -25.4367506811989       0.000000000000000E+000   6.00000000000022     
  -25.4002901907357       0.000000000000000E+000   6.00000000000022     
  -25.3638297002725       0.000000000000000E+000   6.00000000000022     
  -25.3273692098093       7.771561172376096E-016   6.00000000000022     
  -25.2909087193460       1.323496433974780E-014   6.00000000000023     
  -25.2544482288828       2.125326824253815E-013   6.00000000000045     
  -25.2179877384196       2.998092713760864E-012   6.00000000000344     
  -25.1815272479564       3.707569510734074E-011   6.00000000004052     
  -25.1450667574932       4.018680284378906E-010   6.00000000044239     
  -25.1086062670300       3.818031218602840E-009   6.00000000426042     
  -25.0721457765668       3.179580423566053E-008   6.00000003605622     
  -25.0356852861035       2.321064740801160E-007   6.00000026816270     
  -24.9992247956403       1.485266021644725E-006   6.00000175342872     
  -24.9627643051771       8.331685264316522E-006   6.00001008511398     
  -24.9263038147139       4.097176702711066E-005   6.00005105688101     
  -24.8898433242507       1.766325926842950E-004   6.00022768947370     
  -24.8533828337875       6.675776431061342E-004   6.00089526711680     
  -24.8169223433243       2.212011212445139E-003   6.00310727832925     
  -24.7804618528610       6.425938022178149E-003   6.00953321635143     
  -24.7440013623978       1.636656996886571E-002   6.02589978632029     
  -24.7075408719346       3.654753876415752E-002   6.06244732508445     
  -24.6710803814714       7.155572629650242E-002   6.13400305138095     
  -24.6346198910082       0.122834947002982        6.25683799838393     
  -24.5981594005450       0.184882266776832        6.44172026516076     
  -24.5616989100817       0.243987601912751        6.68570786707352     
  -24.5252384196185       0.282320090336450        6.96802795740996     
  -24.4887779291553       0.286430044232506        7.25445800164247     
  -24.4523174386921       0.254799304531026        7.50925730617350     
  -24.4158569482289       0.198737488729484        7.70799479490298     
  -24.3793964577657       0.135913047863588        7.84390784276657     
  -24.3429359673025       8.149652956874039E-002   7.92540437233531     
  -24.3064754768392       4.284591693164695E-002   7.96825028926696     
  -24.2700149863760       1.974998890417308E-002   7.98800027817113     
  -24.2335544959128       7.981878249541849E-003   7.99598215642067     
  -24.1970940054496       2.828244654156813E-003   7.99881040107483     
  -24.1606335149864       8.786064901892291E-004   7.99968900756502     
  -24.1241730245232       2.392921759590724E-004   7.99992829974098     
  -24.0877125340599       5.713597017441719E-005   7.99998543571115     
  -24.0512520435967       1.195990862753587E-005   7.99999739561978     
  -24.0147915531335       2.194834139063499E-006   7.99999959045392     
  -23.9783310626703       3.546063913051063E-007   7.99999994506031     
  -23.9418705722071       6.350832677359374E-008   8.00000000856864     
  -23.9054100817439       1.118154100621842E-007   8.00000012038405     
  -23.8689495912807       7.137394266062665E-007   8.00000083412347     
  -23.8324891008174       4.218551746424271E-006   8.00000505267522     
  -23.7960286103542       2.187754743142301E-005   8.00002693022265     
  -23.7595681198910       9.946495767621216E-005   8.00012639518033     
  -23.7231076294278       3.964444175606853E-004   8.00052283959789     
  -23.6866471389646       1.385304474419379E-003   8.00190814407231     
  -23.6501866485014       4.243930533513413E-003   8.00615207460582     
  -23.6137261580381       1.139882250278973E-002   8.01755089710861     
  -23.5772656675749       2.684282144068367E-002   8.04439371854929     
  -23.5408051771117       5.542167285468241E-002   8.09981539140398     
  -23.5043446866485       0.100327569061416        8.20014296046539     
  -23.4678841961853       0.159241049683066        8.35938401014846     
  -23.4314237057221       0.221609160328505        8.58099317047696     
  -23.3949632152589       0.270408971930927        8.85140214240789     
  -23.3585027247956       0.289305626767057        9.14070776917494     
  -23.3220422343324       0.271391118563849        9.41209888773879     
  -23.2855817438692       0.223221903346644        9.63532079108544     
  -23.2491212534060       0.160982532889937        9.79630332397537     
  -23.2126607629428       0.101793191514366        9.89809651548974     
  -23.1762002724796       5.643556916096629E-002   9.95453208465071     
  -23.1397397820163       2.743319731532564E-002   9.98196528196603     
  -23.1032792915531       1.169185490792079E-002   9.99365713687395     
  -23.0668188010899       4.368849210725856E-003   9.99802598608468     
  -23.0303583106267       1.431263558746879E-003   9.99945724964343     
  -22.9938978201635       4.110858418550114E-004   9.99986833548528     
  -22.9574373297003       1.035133627901049E-004   9.99997184884807     
  -22.9209768392371       2.285079098784525E-005   9.99999469963906     
  -22.8845163487738       4.422178467197691E-006   9.99999912181752     
  -22.8480558583106       7.502227183716226E-007   9.99999987204024     
  -22.8115953678474       1.115709895305726E-007   9.99999998361123     
  -22.7751348773842       1.454478363687979E-008   9.99999999815601     
  -22.7386743869210       1.662055717935405E-009   9.99999999981807     
  -22.7022138964578       1.664766297363417E-010   9.99999999998455     
  -22.6657534059946       1.461561660543939E-011   9.99999999999916     
  -22.6292929155313       1.124645027713450E-012   10.0000000000003     
  -22.5928324250681       7.580432592399489E-014   10.0000000000004     
  -22.5563719346049       4.504968446894519E-015   10.0000000000004     
  -22.5199114441417       2.437286483747414E-016   10.0000000000004     
  -22.4834509536785       0.000000000000000E+000   10.0000000000004     
  -22.4469904632153       0.000000000000000E+000   10.0000000000004     
  -22.4105299727520       0.000000000000000E+000   10.0000000000004     
  -22.3740694822888       0.000000000000000E+000   10.0000000000004     
  -22.3376089918256       0.000000000000000E+000   10.0000000000004     
  -22.3011485013624       0.000000000000000E+000   10.0000000000004     
  -22.2646880108992       0.000000000000000E+000   10.0000000000004     
  -22.2282275204360       0.000000000000000E+000   10.0000000000004     
  -22.1917670299728       0.000000000000000E+000   10.0000000000004     
  -22.1553065395095       0.000000000000000E+000   10.0000000000004     
  -22.1188460490463       0.000000000000000E+000   10.0000000000004     
  -22.0823855585831       0.000000000000000E+000   10.0000000000004     
  -22.0459250681199       0.000000000000000E+000   10.0000000000004     
  -22.0094645776567       0.000000000000000E+000   10.0000000000004     
  -21.9730040871935       0.000000000000000E+000   10.0000000000004     
  -21.9365435967302       0.000000000000000E+000   10.0000000000004     
  -21.9000831062670       0.000000000000000E+000   10.0000000000004     
  -21.8636226158038       0.000000000000000E+000   10.0000000000004     
  -21.8271621253406       0.000000000000000E+000   10.0000000000004     
  -21.7907016348774       0.000000000000000E+000   10.0000000000004     
  -21.7542411444142       0.000000000000000E+000   10.0000000000004     
  -21.7177806539510       0.000000000000000E+000   10.0000000000004     
  -21.6813201634877       0.000000000000000E+000   10.0000000000004     
  -21.6448596730245       0.000000000000000E+000   10.0000000000004     
  -21.6083991825613       0.000000000000000E+000   10.0000000000004     
  -21.5719386920981       0.000000000000000E+000   10.0000000000004     
  -21.5354782016349       0.000000000000000E+000   10.0000000000004     
  -21.4990177111717       0.000000000000000E+000   10.0000000000004     
  -21.4625572207084       0.000000000000000E+000   10.0000000000004     
  -21.4260967302452       0.000000000000000E+000   10.0000000000004     
  -21.3896362397820       0.000000000000000E+000   10.0000000000004     
  -21.3531757493188       0.000000000000000E+000   10.0000000000004     
  -21.3167152588556       0.000000000000000E+000   10.0000000000004     
  -21.2802547683924       0.000000000000000E+000   10.0000000000004     
  -21.2437942779292       0.000000000000000E+000   10.0000000000004     
  -21.2073337874659       0.000000000000000E+000   10.0000000000004     
  -21.1708732970027       0.000000000000000E+000   10.0000000000004     
  -21.1344128065395       0.000000000000000E+000   10.0000000000004     
  -21.0979523160763       0.000000000000000E+000   10.0000000000004     
  -21.0614918256131       0.000000000000000E+000   10.0000000000004     
  -21.0250313351499       0.000000000000000E+000   10.0000000000004     
  -20.9885708446866       0.000000000000000E+000   10.0000000000004     
  -20.9521103542234       0.000000000000000E+000   10.0000000000004     
  -20.9156498637602       0.000000000000000E+000   10.0000000000004     
  -20.8791893732970       0.000000000000000E+000   10.0000000000004     
  -20.8427288828338       0.000000000000000E+000   10.0000000000004     
  -20.8062683923706       0.000000000000000E+000   10.0000000000004     
  -20.7698079019074       0.000000000000000E+000   10.0000000000004     
  -20.7333474114441       0.000000000000000E+000   10.0000000000004     
  -20.6968869209809       0.000000000000000E+000   10.0000000000004     
  -20.6604264305177       0.000000000000000E+000   10.0000000000004     
  -20.6239659400545       3.330669073875470E-016   10.0000000000004     
  -20.5875054495913       5.790723803245079E-015   10.0000000000004     
  -20.5510449591281       9.608329756827239E-014   10.0000000000005     
  -20.5145844686649       1.408128550827586E-012   10.0000000000019     
  -20.4781239782016       1.809448001589137E-011   10.0000000000200     
  -20.4416634877384       2.037875919988323E-010   10.0000000002238     
  -20.4052029972752       2.011722136747648E-009   10.0000000022355     
  -20.3687425068120       1.740719672170456E-008   10.0000000196427     
  -20.3322820163488       1.320301469102145E-007   10.0000001516728     
  -20.2958215258856       8.778359128240793E-007   10.0000010295087     
  -20.2593610354223       5.116367561196753E-006   10.0000061458763     
  -20.2229005449591       2.614147178944272E-005   10.0000322873481     
  -20.1864400544959       1.170926087490113E-004   10.0001493799568     
  -20.1499795640327       4.598018769985471E-004   10.0006091818338     
  -20.1135190735695       1.582937691146400E-003   10.0021921195250     
  -20.0770585831063       4.777690509653019E-003   10.0069698100346     
  -20.0405980926431       1.264275793839446E-002   10.0196125679730     
  -20.0041376021798       2.933208271653777E-002   10.0489446506896     
  -19.9676771117166       5.966614676337263E-002   10.1086107974529     
  -19.9312166212534       0.106415007267476        10.2150258047204     
  -19.8947561307902       0.166407286267589        10.3814330909880     
  -19.8582956403270       0.228160311264859        10.6095934022529     
  -19.8218351498638       0.274289271569888        10.8838826738228     
  -19.7853746594005       0.289121279324593        11.1730039531473     
  -19.7489141689373       0.267210952110406        11.4402149052578     
  -19.7124536784741       0.216536317087950        11.6567512223457     
  -19.6759931880109       0.153853632486447        11.8106048548321     
  -19.6395326975477       9.584785772886709E-002   11.9064527125610     
  -19.6030722070845       5.235411210195768E-002   11.9588068246630     
  -19.5666117166213       2.507312051177741E-002   11.9838799451747     
  -19.5301512261580       1.052827024876972E-002   11.9944082154235     
  -19.4936907356948       3.877269251047851E-003   11.9982854846746     
  -19.4572302452316       1.259127068812608E-003   11.9995446117434     
  -19.4207697547684       3.941686988707312E-004   11.9999387804422     
  -19.3843092643052       2.613267743822160E-004   12.0002001072166     
  -19.3478487738420       6.759747725265244E-004   12.0008760819892     
  -19.3113882833787       2.183854177565686E-003   12.0030599361667     
  -19.2749277929155       6.344827893154399E-003   12.0094047640599     
  -19.2384673024523       1.618570887681050E-002   12.0255904729367     
  -19.2020068119891       3.620427487032005E-002   12.0617947478070     
  -19.1655463215259       7.100285736318393E-002   12.1327976051702     
  -19.1290858310627       0.122090858401591        12.2548884635718     
  -19.0926253405995       0.184071346949147        12.4389598105209     
  -19.0561648501362       0.243325925358262        12.6822857358792     
  -19.0197043596730       0.282027903280822        12.9643136391600     
  -18.9832438692098       0.286614742200269        13.2509283813603     
  -18.9467833787466       0.255392335070160        13.5063207164304     
  -18.9103228882834       0.199535008527086        13.7058557249575     
  -18.8738623978202       0.136687933307903        13.8425436582654     
  -18.8374019073569       8.209900758434961E-002   13.9246426658498     
  -18.8009414168937       4.323525862342498E-002   13.9678779244732     
  -18.7644809264305       1.996298024248994E-002   13.9878409047157     
  -18.7280204359673       8.081530332278873E-003   13.9959224350480     
  -18.6915599455041       2.868372618539031E-003   13.9987908076665     
  -18.6550994550409       8.925718658843962E-004   13.9996833795324     
  -18.6186389645777       2.435048397490767E-004   13.9999268843721     
  -18.5821784741144       5.823970100364968E-005   13.9999851240732     
  -18.5457179836512       1.221145689680097E-005   13.9999973355300     
  -18.5092574931880       2.244614074458533E-006   13.9999995801441     
  -18.4727970027248       3.616847899048947E-007   13.9999999418289     
  -18.4363365122616       5.108827097173932E-008   13.9999999929172     
  -18.3998760217984       6.325606795743594E-009   13.9999999992428     
  -18.3634155313351       6.865315224408204E-010   13.9999999999293     
  -18.3269550408719       6.531050288256790E-011   13.9999999999946     
  -18.2904945504087       5.445731864582581E-012   14.0000000000001     
  -18.2540340599455       3.980047628276973E-013   14.0000000000005     
  -18.2175735694823       2.544226765030522E-014   14.0000000000005     
  -18.1811130790191       1.393579262404243E-015   14.0000000000005     
  -18.1446525885559       7.312943653414727E-017   14.0000000000005     
  -18.1081920980926       2.220446049250313E-016   14.0000000000005     
  -18.0717316076294       4.421322249287263E-015   14.0000000000005     
  -18.0352711171662       7.524780494885808E-014   14.0000000000006     
  -17.9988106267030       1.116318571869196E-012   14.0000000000017     
  -17.9623501362398       1.451230086622901E-011   14.0000000000162     
  -17.9258896457766       1.653613046731332E-010   14.0000000001816     
  -17.8894291553134       1.651538753682808E-009   14.0000000018331     
  -17.8529686648501       1.445815820522557E-008   14.0000000162913     
  -17.8165081743869       1.109479966459161E-007   14.0000001272393     
  -17.7800476839237       7.463126923174424E-007   14.0000008735520     
  -17.7435871934605       4.400776206745091E-006   14.0000052743282     
  -17.7071267029973       2.274870220587977E-005   14.0000280230304     
  -17.6706662125341       1.030894311594901E-004   14.0001311124615     
  -17.6342057220708       4.095553031024314E-004   14.0005406677646     
  -17.5977452316076       1.426467656349927E-003   14.0019671354210     
  -17.5612847411444       4.355837062571778E-003   14.0063229724836     
  -17.5248242506812       1.166138731168791E-002   14.0179843597952     
  -17.4883637602180       2.737193130162653E-002   14.0453562910969     
  -17.4519032697548       5.633056625163776E-002   14.1016868573485     
  -17.4154427792916       0.101641746005094        14.2033286033536     
  -17.3789822888283       0.160803059633265        14.3641316629869     
  -17.3425217983651       0.223056310826575        14.5871879738134     
  -17.3060613079019       0.271291064319431        14.8584790381329     
  -17.2696008174387       0.289306962719064        15.1477860008519     
  -17.2331403269755       0.270511199186595        15.4182972000385     
  -17.1966798365123       0.221775726805317        15.6400729268439     
  -17.1602193460490       0.159420252027423        15.7994931788713     
  -17.1237588555858       0.100477984565570        15.8999711634368     
  -17.0872983651226       5.552549447846214E-002   15.9554966579153     
  -17.0508378746594       2.690315178423305E-002   15.9823998096995     
  -17.0143773841962       1.142871048554581E-002   15.9938285201851     
  -16.9779168937330       4.256654925481314E-003   15.9980851751106     
  -16.9414564032698       1.390032559582173E-003   15.9994752076702     
  -16.9049959128065       3.983350985802597E-004   15.9998735427687     
  -16.8685354223433       1.023712127537094E-004   15.9999759139815     
  -16.8320749318801       3.544885960506171E-005   16.0000113628411     
  -16.7956144414169       6.798509257336082E-005   16.0000793479337     
  -16.7591539509537       2.651292000577717E-004   16.0003444771337     
  -16.7226934604905       9.616257275817550E-004   16.0013061028613     
  -16.6862329700272       3.065446674920409E-003   16.0043715495362     
  -16.6497724795640       8.568249422463169E-003   16.0129397989587     
  -16.6133119891008       2.099749061477030E-002   16.0339372895735     
  -16.5768514986376       4.511564187483820E-002   16.0790529314483     
  -16.5403910081744       8.499316929340092E-002   16.1640461007417     
  -16.5039305177112       0.140398973797781        16.3044450745395     
  -16.4674700272480       0.203393077632110        16.5078381521716     
  -16.4310095367847       0.258528637877266        16.7663667900489     
  -16.3945490463215       0.288752613279566        17.0551194033284     
  -16.3580885558583       0.284700687393262        17.3398200907217     
  -16.3216280653951       0.251287315205597        17.5911074059273     
  -16.2851675749319       0.206548398805939        17.7976558047332     
  -16.2487070844687       0.173120987105329        17.9707767918385     
  -16.2122465940054       0.167471996423147        18.1382487882617     
  -16.1757861035422       0.192417924135982        18.3306667123977     
  -16.1393256130790       0.235992473621343        18.5666591860190     
  -16.1028651226158       0.277148090223390        18.8438072762424     
  -16.0664046321526       0.296333604555683        19.1401408807981     
  -16.0299441416894       0.286083100904123        19.4262239817022     
  -15.9934836512262       0.255423743488914        19.6816477251911     
  -15.9570231607629       0.224898647457531        19.9065463726487     
  -15.9205626702997       0.215083963315241        20.1216303359639     
  -15.8841021798365       0.235869482608831        20.3574998185727     
  -15.8476416893733       0.283146488994191        20.6406463075669     
  -15.8111811989101       0.344545203548251        20.9851915111152     
  -15.7747207084469       0.409487957985096        21.3946794691003     
  -15.7382602179837       0.475119250041275        21.8697987191415     
  -15.7017997275204       0.542611209042123        22.4124099281837     
  -15.6653392370572       0.607486848370484        23.0198967765542     
  -15.6288787465940       0.654909569636545        23.6748063461907     
  -15.5924182561308       0.667203301029802        24.3420096472205     
  -15.5559577656676       0.637978442390829        24.9799880896113     
  -15.5194972752044       0.578857708263857        25.5588457978752     
  -15.4830367847411       0.511322799617185        26.0701685974924     
  -15.4465762942779       0.451256237146397        26.5214248346388     
  -15.4101158038147       0.400867009219497        26.9222918438583     
  -15.3736553133515       0.354559589893444        27.2768514337517     
  -15.3371948228883       0.311514194362463        27.5883656281142     
  -15.3007343324251       0.282563880564432        27.8709295086786     
  -15.2642738419619       0.285729779286414        28.1566592879650     
  -15.2278133514986       0.334818995000126        28.4914782829651     
  -15.1913528610354       0.429497523788362        28.9209758067535     
  -15.1548923705722       0.552140508525712        29.4731163152792     
  -15.1184318801090       0.671812755278184        30.1449290705574     
  -15.0819713896458       0.753314461286874        30.8982435318443     
  -15.0455108991826       0.768876213945405        31.6671197457897     
  -15.0090504087193       0.709004454643070        32.3761242004328     
  -14.9725899182561       0.587205363312720        32.9633295637455     
  -14.9361294277929       0.434562956940617        33.3978925206861     
  -14.8996689373297       0.286113635554565        33.6840061562407     
  -14.8632084468665       0.166994761311261        33.8510009175519     
  -14.8267479564033       8.616731294269213E-002   33.9371682304946     
  -14.7902874659401       3.922400464038171E-002   33.9763922351350     
  -14.7538269754768       1.572769735555312E-002   33.9921199324905     
  -14.7173664850136       5.548816860416836E-003   33.9976687493510     
  -14.6809059945504       1.721159348746055E-003   33.9993899086997     
  -14.6444455040872       4.693967807159071E-004   33.9998593054804     
  -14.6079850136240       1.142973450845756E-004   33.9999736028255     
  -14.5715245231608       3.478666977570503E-005   34.0000083894953     
  -14.5350640326975       5.904787800191022E-005   34.0000674373733     
  -14.4986035422343       2.358273943034961E-004   34.0003032647676     
  -14.4621430517711       8.893086050431897E-004   34.0011925733726     
  -14.4256825613079       2.960465702567139E-003   34.0041530390752     
  -14.3892220708447       8.683351525721866E-003   34.0128363906009     
  -14.3527615803815       2.245707272559422E-002   34.0352934633265     
  -14.3163010899183       5.125591186347239E-002   34.0865493751900     
  -14.2798405994550       0.103338765842527        34.1898881410325     
  -14.2433801089918       0.184210479065281        34.3740986200978     
  -14.2069196185286       0.290589884046286        34.6646885041441     
  -14.1704591280654       0.405977986903568        35.0706664910476     
  -14.1339986376022       0.502637736610445        35.5733042276581     
  -14.0975381471390       0.551729618674689        36.1250338463328     
  -14.0610776566757       0.537035819984155        36.6620696663169     
  -14.0246171662125       0.463525630731923        37.1255952970489     
  -13.9881566757493       0.354716778300870        37.4803120753497     
  -13.9516961852861       0.240801172302677        37.7211132476524     
  -13.9152356948229       0.145828956126697        37.8669422037791     
  -13.8787752043597       8.163567312674214E-002   37.9485778769058     
  -13.8423147138965       5.021707932352717E-002   37.9987949562294     
  -13.8058542234332       5.061099725164467E-002   38.0494059534810     
  -13.7693937329700       8.469913779494902E-002   38.1341050912760     
  -13.7329332425068       0.158093624598326        38.2921987158743     
  -13.6964727520436       0.275330435376359        38.5675291512507     
  -13.6600122615804       0.432008833026428        38.9995379842771     
  -13.6235517711172       0.609629311871197        39.6091672961483     
  -13.5870912806540       0.779347066341867        40.3885143624901     
  -13.5506307901907       0.915846329393223        41.3043606918834     
  -13.5141702997275        1.01325885618567        42.3176195480690     
  -13.4777098092643        1.08916733832642        43.4067868863955     
  -13.4412493188011        1.16897355984069        44.5757604462361     
  -13.4047888283379        1.26004415700472        45.8358046032409     
  -13.3683283378747        1.33787895341496        47.1736835566558     
  -13.3318678474114        1.35915178117319        48.5328353378290     
  -13.2954073569482        1.29237873346911        49.8252140712981     
  -13.2589468664850        1.14010878964226        50.9653228609404     
  -13.2224863760218       0.935345755504868        51.9006686164452     
  -13.1860258855586       0.719472880239292        52.6201414966845     
  -13.1495653950954       0.522591966519885        53.1427334632044     
  -13.1131049046322       0.358628616226927        53.5013620794314     
  -13.0766444141689       0.231163527299092        53.7325256067304     
  -13.0401839237057       0.139928530366790        53.8724541370972     
  -13.0037234332425       8.347302023364087E-002   53.9559271573309     
  -12.9672629427793       5.971166974817127E-002   54.0156388270790     
  -12.9308024523161       6.637219913416299E-002   54.0820110262132     
  -12.8943419618529       0.100747218793416        54.1827582450066     
  -12.8578814713896       0.157762726589712        54.3405209715963     
  -12.8214209809264       0.227865769171772        54.5683867407681     
  -12.7849604904632       0.298068485009405        54.8664552257775     
  -12.7485000000000       0.357382369634969        55.2238375954125     
  -12.7120395095368       0.402939984165455        55.6267775795779     
  -12.6755790190736       0.440688729171902        56.0674663087498     
  -12.6391185286104       0.478537661293795        56.5460039700436     
  -12.6026580381471       0.517074602862156        57.0630785729058     
  -12.5661975476839       0.545853491545305        57.6089320644511     
  -12.5297370572207       0.548605420465964        58.1575374849171     
  -12.4932765667575       0.513388798518290        58.6709262834353     
  -12.4568160762943       0.440410832431290        59.1113371158666     
  -12.4203555858311       0.342732426963771        59.4540695428304     
  -12.3838950953678       0.240174407863784        59.6942439506942     
  -12.3474346049046       0.150700142384950        59.8449440930791     
  -12.3109741144414       8.429941966940306E-002   59.9292435127485     
  -12.2745136239782       4.198441389327664E-002   59.9712279266418     
  -12.2380531335150       1.899701550039574E-002   59.9902249421422     
  -12.2015926430518       9.410907713141776E-003   59.9996358498554     
  -12.1651321525886       9.963090478678717E-003   60.0095989403340     
  -12.1286716621253       2.275382312954954E-002   60.0323527634636     
  -12.0922111716621       5.729825745571793E-002   60.0896510209193     
  -12.0557506811989       0.131371435491991        60.2210224564113     
  -12.0192901907357       0.268079265488993        60.4891017219003     
  -11.9828297002725       0.486089986959990        60.9751917088603     
  -11.9463692098093       0.783577032245800        61.7587687411061     
  -11.9099087193460        1.12376160268976        62.8825303437958     
  -11.8734482288828        1.43516827193926        64.3176986157351     
  -11.8369877384196        1.63477903222872        65.9524776479638     
  -11.8005272479564        1.66620539198237        67.6186830399462     
  -11.7640667574932        1.52957313267014        69.1482561726163     
  -11.7276062670300        1.28114185324580        70.4293980258621     
  -11.6911457765668        1.00162009111309        71.4310181169752     
  -11.6546852861035       0.755692689899663        72.1867108068749     
  -11.6182247956403       0.570103308348177        72.7568141152231     
  -11.5817643051771       0.440088330793155        73.1969024460162     
  -11.5453038147139       0.351428734650813        73.5483311806670     
  -11.5088433242507       0.297521033565455        73.8458522142325     
  -11.4723828337875       0.280835198326568        74.1266874125591     
  -11.4359223433243       0.303261489856912        74.4299489024160     
  -11.3994618528610       0.356837560751560        74.7867864631675     
  -11.3630013623978       0.422527392401244        75.2093138555688     
  -11.3265408719346       0.476606313025209        75.6859201685940     
  -11.2900803814714       0.499259347062557        76.1851795156566     
  -11.2536198910082       0.480618099456989        76.6657976151135     
  -11.2171594005450       0.422710321424495        77.0885079365380     
  -11.1806989100817       0.337794014815024        77.4263019513531     
  -11.1442384196185       0.243773061963236        77.6700750133163     
  -11.1077779291553       0.157925149669535        77.8280001629858     
  -11.0713174386921       9.149532636302628E-002   77.9194954893489     
  -11.0348569482289       4.780502230682932E-002   77.9673005116557     
  -10.9983964577657       2.440306596732104E-002   77.9917035776230     
  -10.9619359673025       1.728496834975136E-002   78.0089885459728     
  -10.9254754768392       2.444951450442079E-002   78.0334380604772     
  -10.8890149863760       4.697954739857682E-002   78.0804176078758     
  -10.8525544959128       8.719374610775583E-002   78.1676113539835     
  -10.8160940054496       0.144871294178240        78.3124826481618     
  -10.7796335149864       0.214296510207790        78.5267791583696     
  -10.7431730245232       0.285707446783940        78.8124866051535     
  -10.7067125340599       0.352267214438796        79.1647538195923     
  -10.6702520435967       0.417900915620924        79.5826547352132     
  -10.6337915531335       0.497297841537195        80.0799525767504     
  -10.5973310626703       0.603448448944385        80.6834010256948     
  -10.5608705722071       0.729733882842169        81.4131349085370     
  -10.5244100817439       0.842444756666240        82.2555796652032     
  -10.4879495912807       0.894473574278426        83.1500532394816     
  -10.4514891008174       0.853311255021049        84.0033644945027     
  -10.4150286103542       0.722452589326501        84.7258170838292     
  -10.3785681198910       0.539732541783273        85.2655496256125     
  -10.3421076294278       0.355387732180510        85.6209373577930     
  -10.3056471389646       0.207827146718256        85.8287645045112     
  -10.2691866485014       0.112947821952554        85.9417123264638     
  -10.2327261580381       6.879302512750599E-002   86.0105053515913     
  -10.1962656675749       6.624709146392999E-002   86.0767524430552     
  -10.1598051771117       9.595519938763977E-002   86.1727076424429     
  -10.1233446866485       0.148281305574042        86.3209889480169     
  -10.0868841961853       0.209832248944794        86.5308211969617     
  -10.0504237057221       0.262523249244903        86.7933444462066     
  -10.0139632152589       0.288427229799675        87.0817716760063     
  -9.97750272479564       0.277931409517674        87.3597030855240     
  -9.94104223433242       0.234857145905870        87.5945602314298     
  -9.90458174386921       0.174109499409978        87.7686697308398     
  -9.86812125340599       0.113578872311663        87.8822486031515     
  -9.83166076294278       6.643330909240405E-002   87.9486819122439     
  -9.79520027247956       3.874411714239690E-002   87.9874260293863     
  -9.75873978201635       3.264773705183884E-002   88.0200737664381     
  -9.72227929155313       5.154196192794816E-002   88.0716157283661     
  -9.68581880108992       0.103089787953784        88.1747055163198     
  -9.64935831062670       0.197076801215438        88.3717823175353     
  -9.61289782016349       0.337664102033575        88.7094464195688     
  -9.57643732970027       0.513557041456551        89.2230034610254     
  -9.53997683923706       0.693593254720016        89.9165967157454     
  -9.50351634877384       0.834700802015894        90.7512975177613     
  -9.46705585831063       0.901060330216720        91.6523578479780     
  -9.43059536784741       0.882559807152178        92.5349176551302     
  -9.39413487738420       0.798315534875951        93.3332331900061     
  -9.35767438692098       0.682199657097558        94.0154328471037     
  -9.32121389645776       0.562467050553631        94.5778998976573     
  -9.28475340599455       0.451388371661774        95.0292882693191     
  -9.24829291553133       0.349793272162597        95.3790815414817     
  -9.21183242506812       0.258070441638369        95.6371519831201     
  -9.17537193460490       0.182671332411129        95.8198233155312     
  -9.13891144414169       0.134910101523478        95.9547334170547     
  -9.10245095367847       0.126071596728353        96.0808050137830     
  -9.06599046321526       0.162929582252275        96.2437345960353     
  -9.02952997275204       0.244218151922303        96.4879527479576     
  -8.99306948228883       0.357763063092202        96.8457158110498     
  -8.95660899182561       0.480470387329359        97.3261861983792     
  -8.92014850136240       0.584184928789149        97.9103711271683     
  -8.88368801089918       0.646279254264451        98.5566503814328     
  -8.84722752043596       0.658345390041671        99.2149957714744     
  -8.81076702997275       0.626504495295808        99.8415002667703     
  -8.77430653950953       0.563989362196922        100.405489628967     
  -8.73784604904632       0.483496174933725        100.888985803901     
  -8.70138555858311       0.395625427652285        101.284611231553     
  -8.66492506811989       0.312109666482079        101.596720898035     
  -8.62846457765668       0.247358426643636        101.844079324679     
  -8.59200408719346       0.214318594123380        102.058397918802     
  -8.55554359673024       0.217041023669301        102.275438942472     
  -8.51908310626703       0.246066337914977        102.521505280387     
  -8.48262261580381       0.281342081936031        102.802847362323     
  -8.44616212534060       0.302630222598269        103.105477584921     
  -8.40970163487738       0.302309227637305        103.407786812558     
  -8.37324114441417       0.293236322166007        103.701023134724     
  -8.33678065395095       0.306715314429829        104.007738449154     
  -8.30032016348774       0.380945794574098        104.388684243728     
  -8.26385967302452       0.544645681880551        104.933329925609     
  -8.22739918256131       0.801862205098681        105.735192130707     
  -8.19093869209809        1.12349782357208        106.858689954279     
  -8.15447820163488        1.44988803089302        108.308577985172     
  -8.11801771117166        1.70613659037397        110.014714575546     
  -8.08155722070845        1.82711080780765        111.841825383354     
  -8.04509673024523        1.78306049890405        113.624885882258     
  -8.00863623978201        1.59296555364569        115.217851435904     
  -7.97217574931880        1.31588163925094        116.533733075155     
  -7.93571525885558        1.02288157225646        117.556614647411     
  -7.89925476839237       0.766349074413035        118.322963721824     
  -7.86279427792915       0.565858955304330        118.888822677129     
  -7.82633378746594       0.416276879954216        119.305099557083     
  -7.78987329700272       0.306475990212328        119.611575547295     
  -7.75341280653951       0.232181285790652        119.843756833086     
  -7.71695231607629       0.195736437003918        120.039493270090     
  -7.68049182561308       0.197461936569302        120.236955206659     
  -7.64403133514986       0.227828351368204        120.464783558027     
  -7.60757084468665       0.266796142684481        120.731579700712     
  -7.57111035422343       0.291025046109632        121.022604746821     
  -7.53464986376022       0.284508927601706        121.307113674423     
  -7.49818937329700       0.245720336519475        121.552834010942     
  -7.46172888283379       0.186554761516174        121.739388772459     
  -7.42526839237057       0.124311923691904        121.863700696151     
  -7.38880790190736       7.273818404389307E-002   121.936438880194     
  -7.35234741144414       3.766352843372177E-002   121.974102408628     
  -7.31588692098093       1.828065358531272E-002   121.992383062214     
  -7.27942643051771       1.131212726174867E-002   122.003695189475     
  -7.24296594005449       1.480125704866860E-002   122.018496446524     
  -7.20650544959128       2.979161621953591E-002   122.048288062743     
  -7.17004495912806       5.946187694647607E-002   122.107749939690     
  -7.13358446866485       0.105907671443395        122.213657611133     
  -7.09712397820163       0.165775962760873        122.379433573894     
  -7.06066348773842       0.227586731292678        122.607020305187     
  -7.02420299727520       0.273965565213816        122.880985870401     
  -6.98774250681199       0.289187148266656        123.170173018667     
  -6.95128201634877       0.267744464124208        123.437917482792     
  -6.91482152588556       0.217767804813573        123.655685287605     
  -6.87836103542234       0.156891269505378        123.812576557111     
  -6.84190054495913       0.104493492789566        123.917070049900     
  -6.80544005449591       7.697405088790707E-002   123.994044100788     
  -6.76897956403270       8.940039729525424E-002   124.083444498083     
  -6.73251907356948       0.160634461211557        124.244078959295     
  -6.69605858310626       0.314730698137945        124.558809657433     
  -6.65959809264305       0.572045624566897        125.130855282000     
  -6.62313760217983       0.930247344200388        126.061102626200     
  -6.58667711171662        1.34629545422441        127.407398080424     
  -6.55021662125340        1.73752094645648        129.144919026881     
  -6.51375613079019        2.01238561462597        131.157304641507     
  -6.47729564032698        2.11848867516419        133.275793316671     
  -6.44083514986376        2.07475518529015        135.350548501961     
  -6.40437465940054        1.95995917645752        137.310507678419     
  -6.36791416893733        1.86254697143384        139.173054649853     
  -6.33145367847411        1.82876125894864        141.001815908801     
  -6.29499318801090        1.84615505793952        142.847970966741     
  -6.25853269754768        1.86791482382894        144.715885790570     
  -6.22207220708447        1.85129701257755        146.567182803147     
  -6.18561171662125        1.77925399112291        148.346436794270     
  -6.14915122615804        1.65612726467448        150.002564058945     
  -6.11269073569482        1.49155537177739        151.494119430722     
  -6.07623024523161        1.29153313174901        152.785652562471     
  -6.03976975476839        1.06274838995686        153.848400952428     
  -6.00330926430518       0.821572559361566        154.669973511789     
  -5.96684877384196       0.595889034506671        155.265862546296     
  -5.93038828337874       0.416353167874813        155.682215714171     
  -5.89392779291553       0.303300984516227        155.985516698687     
  -5.85746730245231       0.257848173650862        156.243364872338     
  -5.82100681198910       0.261571838164715        156.504936710503     
  -5.78454632152588       0.284253216349608        156.789189926852     
  -5.74808583106267       0.296179800090816        157.085369726943     
  -5.71162534059945       0.279670637006700        157.365040363950     
  -5.67516485013624       0.234194504312832        157.599234868263     
  -5.63870435967302       0.172613723378502        157.771848591641     
  -5.60224386920981       0.111695469729420        157.883544061371     
  -5.56578337874659       6.339897231034561E-002   157.946943033681     
  -5.52932288828338       3.155671131168419E-002   157.978499744993     
  -5.49286239782016       1.377559466647198E-002   157.992275339659     
  -5.45640190735695       5.289427670332067E-003   157.997564767329     
  -5.41994141689373       1.858368460769309E-003   157.999423135790     
  -5.38348092643052       8.837496556521288E-004   158.000306885446     
  -5.34702043596730       1.416160770721537E-003   158.001723046217     
  -5.31055994550409       3.991790084421617E-003   158.005714836301     
  -5.27409945504087       1.073769229293349E-002   158.016452528594     
  -5.23763896457766       2.549016839895355E-002   158.041942696993     
  -5.20117847411444       5.307963701186237E-002   158.095022334005     
  -5.16471798365123       9.691563073185110E-002   158.191937964737     
  -5.12825749318801       0.155159273642900        158.347097238380     
  -5.09179700272479       0.217841949401416        158.564939187781     
  -5.05533651226158       0.268347831198159        158.833287018979     
  -5.01887602179836       0.290535765294309        159.123822784273     
  -4.98241553133515       0.278172711108349        159.401995495382     
  -4.94595504087193       0.240591857926853        159.642587353309     
  -4.90949455040872       0.200912626205410        159.843499979514     
  -4.87303405994550       0.188447584775943        160.031947564290     
  -4.83657356948229       0.229443098761569        160.261390663052     
  -4.80011307901907       0.338420245384245        160.599810908436     
  -4.76365258855586       0.510580806046294        161.110391714482     
  -4.72719209809264       0.717908309896854        161.828300024379     
  -4.69073160762943       0.914556612093798        162.742856636473     
  -4.65427111716621        1.05412595338658        163.796982589859     
  -4.61781062670299        1.11197612459591        164.908958714455     
  -4.58135013623978        1.09849627299522        166.007454987451     
  -4.54488964577656        1.05293903489276        167.060394022343     
  -4.50842915531335        1.02049392147866        168.080887943822     
  -4.47196866485013        1.02713987525530        169.108027819077     
  -4.43550817438692        1.06803590187010        170.176063720947     
  -4.39904768392370        1.11511486274074        171.291178583688     
  -4.36258719346049        1.13609112204243        172.427269705730     
  -4.32612670299727        1.11073586398713        173.538005569718     
  -4.28966621253406        1.03546924674213        174.573474816460     
  -4.25320572207084       0.918216658830551        175.491691475290     
  -4.21674523160763       0.771697984299116        176.263389459589     
  -4.18028474114441       0.610625986649412        176.874015446239     
  -4.14382425068120       0.451836485779578        177.325851932018     
  -4.10736376021798       0.313523995455677        177.639375927474     
  -4.07090326975477       0.212085295423020        177.851461222897     
  -4.03444277929155       0.158333166234953        178.009794389132     
  -3.99798228882834       0.155175273865330        178.164969662997     
  -3.96152179836512       0.197028212860837        178.361997875858     
  -3.92506130790191       0.270385968076333        178.632383843935     
  -3.88860081743869       0.355791750267441        178.988175594202     
  -3.85214032697548       0.431759468565352        179.419935062767     
  -3.81567983651226       0.479835274755411        179.899770337523     
  -3.77921934604904       0.488878246246474        180.388648583769     
  -3.74275885558583       0.457427162310733        180.846075746080     
  -3.70629836512261       0.394276038743238        181.240351784823     
  -3.66983787465940       0.317150272627956        181.557502057451     
  -3.63337738419618       0.248660094738888        181.806162152190     
  -3.59691689373297       0.209717206910882        182.015879359101     
  -3.56045640326975       0.212932781296659        182.228812140398     
  -3.52399591280654       0.259616541903974        182.488428682302     
  -3.48753542234332       0.342331785403117        182.830760467705     
  -3.45107493188011       0.451091079920916        183.281851547626     
  -3.41461444141689       0.577602609742928        183.859454157369     
  -3.37815395095368       0.712513582191281        184.571967739560     
  -3.34169346049046       0.837487674410376        185.409455413970     
  -3.30523297002724       0.921921641632387        186.331377055603     
  -3.26877247956403       0.932979247488787        187.264356303091     
  -3.23231198910081       0.855153650244670        188.119509953336     
  -3.19585149863760       0.703984276979106        188.823494230315     
  -3.15939100817439       0.521600483497150        189.345094713812     
  -3.12293051771117       0.357051852339833        189.702146566152     
  -3.08647002724796       0.245729647966323        189.947876214118     
  -3.05000953678474       0.199421391216170        190.147297605335     
  -3.01354904632153       0.208021746176434        190.355319351511     
  -2.97708855585831       0.247717393658854        190.603036745170     
  -2.94062806539509       0.291490737829594        190.894527482999     
  -2.90416757493188       0.319789068336281        191.214316551336     
  -2.86770708446866       0.327914659339859        191.542231210676     
  -2.83124659400545       0.325531722832241        191.867762933508     
  -2.79478610354223       0.327556689556082        192.195319623064     
  -2.75832561307902       0.342672147970951        192.537991771035     
  -2.72186512261580       0.368233703210723        192.906225474246     
  -2.68540463215259       0.394563734365647        193.300789208611     
  -2.64894414168937       0.412973113075198        193.713762321686     
  -2.61248365122616       0.419528681929849        194.133291003616     
  -2.57602316076294       0.412885788446825        194.546176792063     
  -2.53956267029973       0.391714290230051        194.937891082293     
  -2.50310217983651       0.356726744159134        195.294617826452     
  -2.46664168937329       0.315124176787609        195.609742003240     
  -2.43018119891008       0.280668012991214        195.890410016231     
  -2.39372070844686       0.266374824571577        196.156784840803     
  -2.35726021798365       0.274758352718879        196.431543193522     
  -2.32079972752043       0.294066658683888        196.725609852205     
  -2.28433923705722       0.304613040708789        197.030222892914     
  -2.24787874659400       0.291193985179544        197.321416878094     
  -2.21141825613079       0.252818889013907        197.574235767108     
  -2.17495776566757       0.203362384447618        197.777598151555     
  -2.13849727520436       0.163683181357871        197.941281332913     
  -2.10203678474114       0.150930314733022        198.092211647646     
  -2.06557629427793       0.170711552134848        198.262923199781     
  -2.02911580381471       0.214818674624903        198.477741874406     
  -1.99265531335150       0.264998728025637        198.742740602432     
  -1.95619482288828       0.301859322277367        199.044599924709     
  -1.91973433242507       0.315381426757937        199.359981351467     
  -1.88327384196185       0.310827321736270        199.670808673203     
  -1.84681335149864       0.305215000176988        199.976023673380     
  -1.81035286103542       0.315977393239530        200.292001066620     
  -1.77389237057221       0.349697215525405        200.641698282145     
  -1.73743188010899       0.398634403545301        201.040332685690     
  -1.70097138964578       0.446129827333192        201.486462513024     
  -1.66451089918256       0.475454180201714        201.961916693225     
  -1.62805040871934       0.476238808251573        202.438155501477     
  -1.59158991825613       0.447136892116482        202.885292393593     
  -1.55512942779291       0.396558337168421        203.281850730762     
  -1.51866893732970       0.341991518881177        203.623842249643     
  -1.48220844686648       0.306103465224046        203.929945714867     
  -1.44574795640327       0.309076122512533        204.239021837380     
  -1.40928746594005       0.360472647252762        204.599494484632     
  -1.37282697547684       0.455428233991895        205.054922718624     
  -1.33636648501362       0.577098155796664        205.632020874421     
  -1.29990599455041       0.703191327267383        206.335212201688     
  -1.26344550408719       0.812943583532027        207.148155785220     
  -1.22698501362398       0.892060380342936        208.040216165563     
  -1.19052452316076       0.934320540764711        208.974536706328     
  -1.15406403269754       0.939169576676106        209.913706283004     
  -1.11760354223433       0.906844622667946        210.820550905672     
  -1.08114305177111       0.835672566356819        211.656223472029     
  -1.04468256130790       0.725309791596997        212.381533263626     
  -1.00822207084468       0.583424334087152        212.964957597713     
 -0.971761580381468       0.428402395349209        213.393359993062     
 -0.935301089918255       0.283842753587279        213.677202746649     
 -0.898840599455038       0.168760574891965        213.845963321541     
 -0.862380108991822       9.133996068427348E-002   213.937303282226     
 -0.825919618528609       5.023793957217148E-002   213.987541221798     
 -0.789459128065396       4.099764217103239E-002   214.028538863969     
 -0.752998637602175       6.207374492006022E-002   214.090612608889     
 -0.716538147138962       0.116122323307930        214.206734932197     
 -0.680077656675749       0.205300153898363        214.412035086095     
 -0.643617166212529       0.323081099123573        214.735116185219     
 -0.607156675749316       0.448725886733491        215.183842071952     
 -0.570696185286103       0.551110485263668        215.734952557216     
 -0.534235694822883       0.602946646883621        216.337899204099     
 -0.497775204359669       0.596985029558463        216.934884233658     
 -0.461314713896456       0.551553584212323        217.486437817870     
 -0.424854223433243       0.500099200361428        217.986537018232     
 -0.388393732970023       0.472713983396163        218.459251001628     
 -0.351933242506810       0.483722564250754        218.942973565879     
 -0.315472752043597       0.532171213875804        219.475144779754     
 -0.279012261580377       0.609754071839247        220.084898851594     
 -0.242551771117164       0.706311881278519        220.791210732872     
 -0.206091280653951       0.809383285938943        221.600594018811     
 -0.169630790190730       0.902124128746501        222.502718147558     
 -0.133170299727517       0.964540933593547        223.467259081151     
 -9.670980926430417E-002  0.978391030403420        224.445650111555     
 -6.024931880109108E-002  0.933434958852605        225.379085070407     
 -2.378882833787088E-002  0.833136220286878        226.212221290694     
  1.267166212534221E-002  0.697305432695051        226.909526723389     
  4.913215258855530E-002  0.557764743510385        227.467291466899     
  8.559264305177550E-002  0.445831771262278        227.913123238162     
  0.122053133514989       0.377532635148927        228.290655873311     
  0.158513623978202       0.346651908366818        228.637307781678     
  0.194974114441422       0.331260445881980        228.968568227560     
  0.231434604904635       0.309525526782118        229.278093754342     
  0.267895095367848       0.274118304568232        229.552212058910     
  0.304355585831068       0.236557330234275        229.788769389144     
  0.340816076294281       0.220580380209997        230.009349769354     
  0.377276566757494       0.249968195713868        230.259317965068     
  0.413737057220708       0.337026740460648        230.596344705529     
  0.450197547683928       0.475379180592844        231.071723886122     
  0.486658038147141       0.639055081123164        231.710778967245     
  0.523118528610354       0.789373325012133        232.500152292257     
  0.559579019073574       0.888648814513955        233.388801106771     
  0.596039509536787       0.914800613861476        234.303601720632     
  0.632500000000000       0.868337243102012        235.171938963734     
  0.668960490463220       0.767631572035003        235.939570535769     
  0.705420980926434       0.637161122537936        236.576731658307     
  0.741881471389647       0.497857760965527        237.074589419273     
  0.778341961852867       0.364465898660130        237.439055317933     
  0.814802452316080       0.247324353246468        237.686379671179     
  0.851262942779293       0.153550257670648        237.839929928850     
  0.887723433242506       8.615409752557265E-002   237.926084026376     
  0.924183923705726       4.325930970855901E-002   237.969343336084     
  0.960644414168939       1.930086450740409E-002   237.988644200591     
  0.997104904632153       7.614996749167104E-003   237.996259197341     
   1.03356539509537       2.648418933490019E-003   237.998907616274     
   1.07002588555859       8.104379054712282E-004   237.999718054180     
   1.10648637602180       2.188391731863850E-004   237.999936893353     
   1.14294686648502       5.735914057427248E-005   237.999994252493     
   1.17940735694823       4.075452519114973E-005   238.000035007019     
   1.21586784741145       1.352173713338123E-004   238.000170224390     
   1.25232833787466       5.174829900824615E-004   238.000687707380     
   1.28878882833788       1.759369776667204E-003   238.002447077157     
   1.32524931880109       5.247079223458761E-003   238.007694156380     
   1.36170980926430       1.372012960395097E-002   238.021414285984     
   1.39817029972752       3.145409001768459E-002   238.052868376002     
   1.43463079019074       6.322380525356400E-002   238.116092181255     
   1.47109128065395       0.111422887570239        238.227515068826     
   1.50755177111717       0.172172244687783        238.399687313513     
   1.54401226158038       0.233265473919900        238.632952787433     
   1.58047275204360       0.277101533289226        238.910054320722     
   1.61693324250682       0.288622375468052        239.198676696191     
   1.65339373297003       0.263587015230418        239.462263711421     
   1.68985422343324       0.211066939331732        239.673330650753     
   1.72631471389646       0.148189281757697        239.821519932510     
   1.76277520435968       9.122453928442437E-002   239.912744471795     
   1.79923569482289       4.923929664091423E-002   239.961983768436     
   1.83569618528610       2.331029965475694E-002   239.985294068090     
   1.87215667574932       9.715878778139998E-003   239.995009946869     
   1.90861716621254       3.732525721264638E-003   239.998742472590     
   1.94507765667575       1.971314764484742E-003   240.000713787354     
   1.98153814713897       3.252945910109062E-003   240.003966733264     
   2.01799863760218       9.005957217780115E-003   240.012972690482     
   2.05445912806540       2.384748033969819E-002   240.036820170822     
   2.09091961852862       5.592791737913594E-002   240.092748088201     
   2.12738010899183       0.115551009108685        240.208299097310     
   2.16384059945504       0.210662951296503        240.418962048606     
   2.20030108991826       0.340089911928418        240.759051960535     
   2.23676158038148       0.488944834732055        241.247996795267     
   2.27322207084469       0.631552296286973        241.879549091554     
   2.30968256130790       0.742303050881650        242.621852142435     
   2.34614305177112       0.807153166566530        243.429005309002     
   2.38260354223434       0.826635807383127        244.255641116385     
   2.41906403269755       0.809183911243190        245.064825027628     
   2.45552452316077       0.763367519573078        245.828192547201     
   2.49198501362398       0.697815046619680        246.526007593821     
   2.52844550408719       0.627712007284517        247.153719601105     
   2.56490599455041       0.578532300096922        247.732251901202     
   2.60136648501363       0.580224221628406        248.312476122831     
   2.63782697547684       0.654587794559268        248.967063917390     
   2.67428746594005       0.804360633340634        249.771424550731     
   2.71074795640327        1.00996573224404        250.781390282975     
   2.74720844686649        1.23380898302132        252.015199265996     
   2.78366893732970        1.42897362622982        253.444172892226     
   2.82012942779292        1.54996464142104        254.994137533647     
   2.85658991825613        1.56414477953336        256.558282313180     
   2.89305040871935        1.46146458977147        258.019746902952     
   2.92951089918257        1.25864686553909        259.278393768491     
   2.96597138964578       0.994854471975981        260.273248240467     
   3.00243188010899       0.719578237217695        260.992826477685     
   3.03889237057221       0.477780159378504        261.470606637063     
   3.07535286103543       0.298909945745410        261.769516582808     
   3.11181335149864       0.193643814141345        261.963160396950     
   3.14827384196185       0.157051414611556        262.120211811561     
   3.18473433242507       0.173781714273713        262.293993525835     
   3.22119482288829       0.222358583698233        262.516352109533     
   3.25765531335150       0.279449751320305        262.795801860854     
   3.29411580381472       0.325968620611499        263.121770481465     
   3.33057629427793       0.353399004684316        263.475169486149     
   3.36703678474115       0.365341515579653        263.840511001729     
   3.40349727520437       0.371653638115486        264.212164639845     
   3.43995776566758       0.379595252050594        264.591759891895     
   3.47641825613079       0.390095166688809        264.981855058584     
   3.51287874659401       0.402285894335914        265.384140952920     
   3.54933923705723       0.420667011911040        265.804807964831     
   3.58579972752044       0.456509237483595        266.261317202315     
   3.62226021798365       0.521248899682702        266.782566101997     
   3.65872070844687       0.617289038252401        267.399855140250     
   3.69518119891008       0.732955096872260        268.132810237122     
   3.73164168937330       0.844116722523904        268.976926959646     
   3.76810217983652       0.921278262096944        269.898205221743     
   3.80456267029973       0.939984055347585        270.838189277090     
   3.84102316076294       0.891417835612509        271.729607112703     
   3.87748365122616       0.788115613401072        272.517722726104     
   3.91394414168938       0.660053845213760        273.177776571318     
   3.95040463215259       0.541300259551544        273.719076830869     
   3.98686512261580       0.454034767565916        274.173111598435     
   4.02332561307902       0.399551786109987        274.572663384545     
   4.05978610354224       0.361856106049943        274.934519490595     
   4.09624659400545       0.320945490116705        275.255464980712     
   4.13270708446867       0.266266208550146        275.521731189262     
   4.16916757493188       0.201717790245242        275.723448979507     
   4.20562806539510       0.141097145160462        275.864546124668     
   4.24208855585832       9.992806889798657E-002   275.964474193566     
   4.27854904632153       9.015794776898897E-002   276.054632141335     
   4.31500953678474       0.119247316772084        276.173879458107     
   4.35147002724796       0.190698270974799        276.364577729082     
   4.38793051771118       0.303053460849175        276.667631189931     
   4.42439100817439       0.447501310732552        277.115132500663     
   4.46085149863760       0.606530786773585        277.721663287437     
   4.49731198910082       0.755624077469277        278.477287364906     
   4.53377247956404       0.868024158718605        279.345311523625     
   4.57023297002725       0.921204579840834        280.266516103466     
   4.60669346049047       0.903185056299962        281.169701159766     
   4.64315395095368       0.816617351993464        281.986318511759     
   4.67961444141689       0.678731395420710        282.665049907180     
   4.71607493188012       0.516511104859890        283.181561012040     
   4.75253542234333       0.358691889182773        283.540252901222     
   4.78899591280654       0.227993166363181        283.768246067586     
   4.82545640326975       0.136990374480261        283.905236442066     
   4.86191689373297       8.881120423136181E-002   283.994047646297     
   4.89837738419619       8.067912900321091E-002   284.074726775300     
   4.93483787465940       0.106653102664712        284.181379877965     
   4.97129836512262       0.157428335663667        284.338808213629     
   5.00775885558583       0.218815973699395        284.557624187328     
   5.04421934604905       0.273026093552148        284.830650280880     
   5.08067983651227       0.304988780305840        285.135639061186     
   5.11714032697548       0.310503394465098        285.446142455651     
   5.15360081743869       0.299245452520093        285.745387908171     
   5.19006130790191       0.288351426483594        286.033739334655     
   5.22652179836513       0.290043701154298        286.323783035809     
   5.26298228882834       0.302507832835029        286.626290868644     
   5.29944277929155       0.311246479747134        286.937537348392     
   5.33590326975477       0.299800127732566        287.237337476124     
   5.37236376021799       0.261340242786899        287.498677718911     
   5.40882425068120       0.202610519658599        287.701288238570     
   5.44528474114442       0.138581412878517        287.839869651448     
   5.48174523160763       8.332905408640362E-002   287.923198705535     
   5.51820572207085       4.398158803139057E-002   287.967180293566     
   5.55466621253407       2.036296112454782E-002   287.987543254690     
   5.59112670299728       8.267617303778316E-003   287.995810871994     
   5.62758719346049       2.943277099242989E-003   287.998754149093     
   5.66404768392371       9.186787407775565E-004   287.999672827834     
   5.70050817438693       2.513968884831120E-004   287.999924224723     
   5.73696866485014       6.031236326917264E-005   287.999984537086     
   5.77342915531335       1.268501700175549E-005   287.999997222103     
   5.80988964577657       2.338850115298147E-006   287.999999560953     
   5.84635013623978       3.780320156682626E-007   287.999999938985     
   5.88281062670300       5.356209366308559E-008   287.999999992547     
   5.91927111716622       6.652377194081311E-009   287.999999999200     
   5.95573160762943       7.242255524670185E-010   287.999999999924     
   5.99219209809264       6.910908840638760E-011   287.999999999993     
   6.02865258855586       5.780327605453550E-012   287.999999999999     
   6.06511307901908       4.237119552788493E-013   287.999999999999     
   6.10157356948229       2.717227484683171E-014   287.999999999999     
   6.13803405994550       1.501186328023429E-015   287.999999999999     
   6.17449455040872       7.860465750519907E-017   287.999999999999     
   6.21095504087194       0.000000000000000E+000   287.999999999999     
   6.24741553133515       0.000000000000000E+000   287.999999999999     
   6.28387602179837       0.000000000000000E+000   287.999999999999     
   6.32033651226158       0.000000000000000E+000   287.999999999999     
   6.35679700272480       0.000000000000000E+000   287.999999999999     
   6.39325749318802       0.000000000000000E+000   287.999999999999     
   6.42971798365123       0.000000000000000E+000   287.999999999999     
   6.46617847411444       0.000000000000000E+000   287.999999999999     
   6.50263896457766       0.000000000000000E+000   287.999999999999     
   6.53909945504088       0.000000000000000E+000   287.999999999999     
   6.57555994550409       0.000000000000000E+000   287.999999999999     
   6.61202043596730       0.000000000000000E+000   287.999999999999     
   6.64848092643052       0.000000000000000E+000   287.999999999999     
   6.68494141689374       0.000000000000000E+000   287.999999999999     
   6.72140190735695       0.000000000000000E+000   287.999999999999     
   6.75786239782017       0.000000000000000E+000   287.999999999999     
   6.79432288828338       0.000000000000000E+000   287.999999999999     
   6.83078337874660       0.000000000000000E+000   287.999999999999     
   6.86724386920982       0.000000000000000E+000   287.999999999999     
   6.90370435967303       0.000000000000000E+000   287.999999999999     
   6.94016485013624       0.000000000000000E+000   287.999999999999     
   6.97662534059945       0.000000000000000E+000   287.999999999999     
   7.01308583106267       0.000000000000000E+000   287.999999999999     
   7.04954632152589       0.000000000000000E+000   287.999999999999     
   7.08600681198910       0.000000000000000E+000   287.999999999999     
   7.12246730245232       0.000000000000000E+000   287.999999999999     
   7.15892779291553       0.000000000000000E+000   287.999999999999     
   7.19538828337875       0.000000000000000E+000   287.999999999999     
   7.23184877384197       0.000000000000000E+000   287.999999999999     
   7.26830926430518       0.000000000000000E+000   287.999999999999     
   7.30476975476839       0.000000000000000E+000   287.999999999999     
