  -32.9454089329969       0.000000000000000E+000  0.000000000000000E+000
  -32.9088179207906       0.000000000000000E+000  0.000000000000000E+000
  -32.8722269085843       0.000000000000000E+000  0.000000000000000E+000
  -32.8356358963781       0.000000000000000E+000  0.000000000000000E+000
  -32.7990448841718       0.000000000000000E+000  0.000000000000000E+000
  -32.7624538719655       0.000000000000000E+000  0.000000000000000E+000
  -32.7258628597593       0.000000000000000E+000  0.000000000000000E+000
  -32.6892718475530       0.000000000000000E+000  0.000000000000000E+000
  -32.6526808353467       0.000000000000000E+000  0.000000000000000E+000
  -32.6160898231405       0.000000000000000E+000  0.000000000000000E+000
  -32.5794988109342       0.000000000000000E+000  0.000000000000000E+000
  -32.5429077987279       0.000000000000000E+000  0.000000000000000E+000
  -32.5063167865217       0.000000000000000E+000  0.000000000000000E+000
  -32.4697257743154       0.000000000000000E+000  0.000000000000000E+000
  -32.4331347621091       0.000000000000000E+000  0.000000000000000E+000
  -32.3965437499029       0.000000000000000E+000  0.000000000000000E+000
  -32.3599527376966       0.000000000000000E+000  0.000000000000000E+000
  -32.3233617254903       0.000000000000000E+000  0.000000000000000E+000
  -32.2867707132841       0.000000000000000E+000  0.000000000000000E+000
  -32.2501797010778       0.000000000000000E+000  0.000000000000000E+000
  -32.2135886888715       0.000000000000000E+000  0.000000000000000E+000
  -32.1769976766653       0.000000000000000E+000  0.000000000000000E+000
  -32.1404066644590       0.000000000000000E+000  0.000000000000000E+000
  -32.1038156522527       0.000000000000000E+000  0.000000000000000E+000
  -32.0672246400465       0.000000000000000E+000  0.000000000000000E+000
  -32.0306336278402       0.000000000000000E+000  0.000000000000000E+000
  -31.9940426156339       0.000000000000000E+000  0.000000000000000E+000
  -31.9574516034277       0.000000000000000E+000  0.000000000000000E+000
  -31.9208605912214       0.000000000000000E+000  0.000000000000000E+000
  -31.8842695790151       0.000000000000000E+000  0.000000000000000E+000
  -31.8476785668089       0.000000000000000E+000  0.000000000000000E+000
  -31.8110875546026       1.110223024625157E-016  1.110223024625157E-016
  -31.7744965423963       2.219307636969203E-015  2.330329939431719E-015
  -31.7379055301901       3.835164607765562E-014  4.068197601708734E-014
  -31.7013145179838       5.925593132491414E-013  6.332412892662287E-013
  -31.6647235057775       8.023477119246253E-012  8.656718408512482E-012
  -31.6281324935713       9.513331740212613E-011  1.037900358106386E-010
  -31.5915414813650       9.877479133549825E-010  1.091537949165621E-009
  -31.5549504691587       8.980870813734068E-009  1.007240876289969E-008
  -31.5183594569524       7.150932874121739E-008  8.158173750411708E-008
  -31.4817684447462       4.986453989820681E-007  5.802271364861852E-007
  -31.4451774325399       3.045218006555864E-006  3.625445143042049E-006
  -31.4085864203336       1.628750609558040E-005  1.991295123862245E-005
  -31.3719954081274       7.629781430652484E-005  9.621076554514730E-005
  -31.3354043959211       3.130415674329620E-004  4.092523329781093E-004
  -31.2988133837148       1.124954057364839E-003  1.534206390342948E-003
  -31.2622223715086       3.540953039889490E-003  5.075159430232437E-003
  -31.2256313593023       9.762636129433226E-003  1.483779555966566E-002
  -31.1890403470960       2.357673645424681E-002  3.841453201391248E-002
  -31.1524493348898       4.987433348350341E-002  8.828886549741588E-002
  -31.1158583226835       9.241735972543187E-002  0.180706225222848     
  -31.0792673104772       0.150009316199958       0.330715541422805     
  -31.0426762982710       0.213292342952038       0.544007884374843     
  -31.0060852860647       0.265660993423183       0.809668877798027     
  -30.9694942738584       0.289853416607488        1.09952229440551     
  -30.9329032616522       0.277033525270811        1.37655581967633     
  -30.8963122494459       0.231961733980771        1.60851755365710     
  -30.8597212372396       0.170214620353817        1.77873217401091     
  -30.8231302250334       0.109724640957780        1.88845681496869     
  -30.7865392128271       6.303798271783746E-002   1.95149479768653     
  -30.7499482006208       3.499443996798578E-002   1.98648923765452     
  -30.7133571884146       2.554826145352415E-002   2.01203749910804     
  -30.6767661762083       3.401011683707865E-002   2.04604761594512     
  -30.6401751640020       6.101539130757225E-002   2.10706300725269     
  -30.6035841517958       0.106747085462279        2.21381009271497     
  -30.5669931395895       0.166736689604990        2.38054678231996     
  -30.5304021273832       0.228855406779425        2.60940218909939     
  -30.4938111151770       0.275301419763410        2.88470360886280     
  -30.4572201029707       0.290127685725734        3.17483129458853     
  -30.4206290907644       0.267838945878261        3.44267024046679     
  -30.3840380785582       0.216599048366520        3.65926928883331     
  -30.3474470663519       0.153438732479144        3.81270802131246     
  -30.3108560541456       9.521514100463065E-002   3.90792316231709     
  -30.2742650419394       5.175657183333227E-002   3.95967973415042     
  -30.2376740297331       2.464383746298362E-002   3.98432357161340     
  -30.2010830175268       1.027846739901912E-002   3.99460203901242     
  -30.1644920053206       3.755073620139591E-003   3.99835711263256     
  -30.1279009931143       1.201629462129239E-003   3.99955874209469     
  -30.0913099809080       3.368028771996028E-004   3.99989554497189     
  -30.0547189687018       8.268456241999672E-005   3.99997822953431     
  -30.0181279564955       1.777894826557883E-005   3.99999600848258     
  -29.9815369442892       3.348186372218896E-006   3.99999935666895     
  -29.9449459320830       5.522344067612718E-007   3.99999990890335     
  -29.9083549198767       7.976923596512454E-008   3.99999998867259     
  -29.8717639076704       1.009097116896071E-008   3.99999999876356     
  -29.8351728954642       1.117900456394910E-009   3.99999999988146     
  -29.7985818832579       1.084508029713070E-010   3.99999999998991     
  -29.7619908710516       9.213195039780436E-012   3.99999999999913     
  -29.7253998588454       6.853817101533377E-013   3.99999999999981     
  -29.6888088466391       4.465682381174507E-014   3.99999999999986     
  -29.6522178344328       2.568474946618160E-015   3.99999999999986     
  -29.6156268222266       1.329231863467228E-016   3.99999999999986     
  -29.5790358100203       0.000000000000000E+000   3.99999999999986     
  -29.5424447978140       0.000000000000000E+000   3.99999999999986     
  -29.5058537856078       0.000000000000000E+000   3.99999999999986     
  -29.4692627734015       0.000000000000000E+000   3.99999999999986     
  -29.4326717611952       0.000000000000000E+000   3.99999999999986     
  -29.3960807489890       0.000000000000000E+000   3.99999999999986     
  -29.3594897367827       0.000000000000000E+000   3.99999999999986     
  -29.3228987245764       0.000000000000000E+000   3.99999999999986     
  -29.2863077123702       0.000000000000000E+000   3.99999999999986     
  -29.2497167001639       0.000000000000000E+000   3.99999999999986     
  -29.2131256879576       0.000000000000000E+000   3.99999999999986     
  -29.1765346757514       0.000000000000000E+000   3.99999999999986     
  -29.1399436635451       0.000000000000000E+000   3.99999999999986     
  -29.1033526513388       0.000000000000000E+000   3.99999999999986     
  -29.0667616391326       0.000000000000000E+000   3.99999999999986     
  -29.0301706269263       0.000000000000000E+000   3.99999999999986     
  -28.9935796147200       0.000000000000000E+000   3.99999999999986     
  -28.9569886025138       0.000000000000000E+000   3.99999999999986     
  -28.9203975903075       0.000000000000000E+000   3.99999999999986     
  -28.8838065781012       0.000000000000000E+000   3.99999999999986     
  -28.8472155658950       0.000000000000000E+000   3.99999999999986     
  -28.8106245536887       0.000000000000000E+000   3.99999999999986     
  -28.7740335414824       0.000000000000000E+000   3.99999999999986     
  -28.7374425292762       0.000000000000000E+000   3.99999999999986     
  -28.7008515170699       0.000000000000000E+000   3.99999999999986     
  -28.6642605048636       0.000000000000000E+000   3.99999999999986     
  -28.6276694926574       0.000000000000000E+000   3.99999999999986     
  -28.5910784804511       0.000000000000000E+000   3.99999999999986     
  -28.5544874682448       0.000000000000000E+000   3.99999999999986     
  -28.5178964560386       0.000000000000000E+000   3.99999999999986     
  -28.4813054438323       0.000000000000000E+000   3.99999999999986     
  -28.4447144316260       0.000000000000000E+000   3.99999999999986     
  -28.4081234194198       0.000000000000000E+000   3.99999999999986     
  -28.3715324072135       0.000000000000000E+000   3.99999999999986     
  -28.3349413950072       0.000000000000000E+000   3.99999999999986     
  -28.2983503828009       2.220446049250313E-016   3.99999999999986     
  -28.2617593705947       3.900742576168348E-015   3.99999999999986     
  -28.2251683583884       6.674619624363887E-014   3.99999999999993     
  -28.1885773461822       1.004886115724829E-012   4.00000000000093     
  -28.1519863339759       1.325291796878264E-011   4.00000000001419     
  -28.1153953217696       1.530471266755241E-010   4.00000000016723     
  -28.0788043095633       1.547698787543201E-009   4.00000000171493     
  -28.0422132973571       1.370595050041029E-008   4.00000001542088     
  -28.0056222851508       1.062934249170021E-007   4.00000012171431     
  -27.9690312729445       7.219232668063459E-007   4.00000084363757     
  -27.9324402607383       4.294133962424659E-006   4.00000513777154     
  -27.8958492485320       2.237031652199385E-005   4.00002750808806     
  -27.8592582363257       1.020686161255732E-004   4.00012957670418     
  -27.8226672241195       4.078935727047316E-004   4.00053747027689     
  -27.7860762119132       1.427730891528719E-003   4.00196520116842     
  -27.7494851997069       4.377239379090422E-003   4.00634244054751     
  -27.7128941875007       1.175486029829186E-002   4.01809730084580     
  -27.6763031752944       2.765067885983974E-002   4.04574797970564     
  -27.6397121630881       5.697341686286057E-002   4.10272139656850     
  -27.6031211508819       0.102830721302914        4.20555211787141     
  -27.5665301386756       0.162578316039248        4.36813043391066     
  -27.5299391264693       0.225162148717699        4.59329258262836     
  -27.4933481142631       0.273164318726769        4.86645690135513     
  -27.4567571020568       0.290302013178021        5.15675891453315     
  -27.4201660898505       0.270255252470104        5.42701416700326     
  -27.3835750776443       0.220391904507305        5.64740607151056     
  -27.3469840654380       0.157439162224426        5.80484523373499     
  -27.3103930532317       9.851960282363653E-002   5.90336483655862     
  -27.2738020410255       5.400342374548810E-002   5.95736826030411     
  -27.2372110288192       2.593006686126956E-002   5.98329832716538     
  -27.2006200166129       1.090595223220838E-002   5.99420427939759     
  -27.1640290044067       4.017853439790139E-003   5.99822213283738     
  -27.1274379922004       1.296543656332771E-003   5.99951867649371     
  -27.0908469799941       3.664661781071097E-004   5.99988514267182     
  -27.0542559677879       9.072452512702198E-005   5.99997586719695     
  -27.0176649555816       1.967203018478554E-005   5.99999553922713     
  -26.9810739433753       3.735909121747004E-006   5.99999927513625     
  -26.9444829311691       6.213759725284124E-007   5.99999989651223     
  -26.9078919189628       9.051311761947359E-008   5.99999998702534     
  -26.8713009067565       1.154662234131420E-008   5.99999999857197     
  -26.8347098945503       1.289946965487166E-009   5.99999999986191     
  -26.7981188823440       1.261970382251780E-010   5.99999999998811     
  -26.7615278701377       1.081116711995969E-011   5.99999999999892     
  -26.7249368579315       8.110060474748881E-013   5.99999999999973     
  -26.6883458457252       5.327921263897917E-014   5.99999999999979     
  -26.6517548335189       3.114858631442230E-015   5.99999999999979     
  -26.6151638213127       1.616545439175887E-016   5.99999999999979     
  -26.5785728091064       0.000000000000000E+000   5.99999999999979     
  -26.5419817969001       0.000000000000000E+000   5.99999999999979     
  -26.5053907846939       0.000000000000000E+000   5.99999999999979     
  -26.4687997724876       0.000000000000000E+000   5.99999999999979     
  -26.4322087602813       0.000000000000000E+000   5.99999999999979     
  -26.3956177480751       0.000000000000000E+000   5.99999999999979     
  -26.3590267358688       0.000000000000000E+000   5.99999999999979     
  -26.3224357236625       0.000000000000000E+000   5.99999999999979     
  -26.2858447114563       0.000000000000000E+000   5.99999999999979     
  -26.2492536992500       0.000000000000000E+000   5.99999999999979     
  -26.2126626870437       0.000000000000000E+000   5.99999999999979     
  -26.1760716748375       0.000000000000000E+000   5.99999999999979     
  -26.1394806626312       0.000000000000000E+000   5.99999999999979     
  -26.1028896504249       0.000000000000000E+000   5.99999999999979     
  -26.0662986382187       0.000000000000000E+000   5.99999999999979     
  -26.0297076260124       0.000000000000000E+000   5.99999999999979     
  -25.9931166138061       0.000000000000000E+000   5.99999999999979     
  -25.9565256015999       0.000000000000000E+000   5.99999999999979     
  -25.9199345893936       0.000000000000000E+000   5.99999999999979     
  -25.8833435771873       0.000000000000000E+000   5.99999999999979     
  -25.8467525649811       0.000000000000000E+000   5.99999999999979     
  -25.8101615527748       0.000000000000000E+000   5.99999999999979     
  -25.7735705405685       0.000000000000000E+000   5.99999999999979     
  -25.7369795283623       0.000000000000000E+000   5.99999999999979     
  -25.7003885161560       0.000000000000000E+000   5.99999999999979     
  -25.6637975039497       0.000000000000000E+000   5.99999999999979     
  -25.6272064917435       0.000000000000000E+000   5.99999999999979     
  -25.5906154795372       0.000000000000000E+000   5.99999999999979     
  -25.5540244673309       0.000000000000000E+000   5.99999999999979     
  -25.5174334551247       0.000000000000000E+000   5.99999999999979     
  -25.4808424429184       0.000000000000000E+000   5.99999999999979     
  -25.4442514307121       6.661338147750939E-016   5.99999999999979     
  -25.4076604185059       1.093477522071118E-014   5.99999999999980     
  -25.3710694062996       1.793060600170648E-013   5.99999999999998     
  -25.3344783940933       2.574106130071724E-012   6.00000000000255     
  -25.2978873818871       3.236809979116975E-011   6.00000000003492     
  -25.2612963696808       3.564077449510518E-010   6.00000000039133     
  -25.2247053574745       3.436602522954163E-009   6.00000000382793     
  -25.1881143452683       2.901867150815595E-008   6.00000003284660     
  -25.1515233330620       2.145877512666101E-007   6.00000024743435     
  -25.1149323208557       1.389710259465848E-006   6.00000163714461     
  -25.0783413086494       7.882208125038867E-006   6.00000951935274     
  -25.0417502964432       3.915504566960837E-005   6.00004867439841     
  -25.0051592842369       1.703550999404443E-004   6.00021902949835     
  -24.9685682720307       6.491736219856725E-004   6.00086820312033     
  -24.9319772598244       2.166780788328748E-003   6.00303498390866     
  -24.8953862476181       6.334710652191385E-003   6.00936969456085     
  -24.8587952354118       1.622201377864574E-002   6.02559170833950     
  -24.8222042232056       3.638786028053153E-002   6.06197956862003     
  -24.7856132109993       7.149714224093952E-002   6.13347671086097     
  -24.7490221987930       0.123057163939918        6.25653387480089     
  -24.7124311865868       0.185530693600361        6.44206456840125     
  -24.6758401743805       0.245029735619379        6.68709430402063     
  -24.6392491621742       0.283477351446819        6.97057165546745     
  -24.6026581499680       0.287286854210259        7.25785850967771     
  -24.5660671377617       0.255041626371601        7.51290013604931     
  -24.5294761255554       0.198336790995138        7.71123692704444     
  -24.4928851133492       0.135110849817746        7.84634777686219     
  -24.4562941011429       8.062479302799591E-002   7.92697256989019     
  -24.4197030889366       4.214383623110686E-002   7.96911640612129     
  -24.3831120767304       1.929661582321211E-002   7.98841302194450     
  -24.3465210645241       7.739331020416204E-003   7.99615235296492     
  -24.3099300523178       2.718901508709252E-003   7.99887125447363     
  -24.2733390401116       8.366484346180817E-004   7.99970790290825     
  -24.2367480279053       2.254980842248264E-004   7.99993340099247     
  -24.2001570156990       5.323326672342641E-005   7.99998663425920     
  -24.1635660034928       1.100659958070869E-005   7.99999764085878     
  -24.1269749912865       1.993158134371855E-006   7.99999963401691     
  -24.0903839790802       3.161091628630362E-007   7.99999995012608     
  -24.0537929668740       4.390630333600803E-008   7.99999999403238     
  -24.0172019546677       5.340705915598924E-009   7.99999999937308     
  -23.9806109424614       5.689531772145109E-010   7.99999999994204     
  -23.9440199302552       5.382457484272643E-011   7.99999999999586     
  -23.9074289180489       1.445233651720459E-011   8.00000000001031     
  -23.8708379058426       1.188224893911710E-010   8.00000000012914     
  -23.8342468936364       1.215647302764931E-009   8.00000000134478     
  -23.7976558814301       1.091935865614761E-008   8.00000001226414     
  -23.7610648692238       8.589475567014624E-008   8.00000009815890     
  -23.7244738570176       5.917281676582047E-007   8.00000068988706     
  -23.6878828448113       3.570067510767696E-006   8.00000425995458     
  -23.6512918326050       1.886432778051958E-005   8.00002312428236     
  -23.6147008203988       8.730288267867992E-005   8.00011042716504     
  -23.5781098081925       3.538744652958923E-004   8.00046430163033     
  -23.5415187959862       1.256358710803778E-003   8.00172066034113     
  -23.5049277837800       3.906893217424824E-003   8.00562755355856     
  -23.4683367715737       1.064171833371784E-002   8.01626927189228     
  -23.4317457593674       2.538997803140209E-002   8.04165924992368     
  -23.3951547471612       5.306282034496887E-002   8.09472207026865     
  -23.3585637349549       9.714084726808564E-002   8.19186291753673     
  -23.3219727227486       0.155776551414560        8.34763946895129     
  -23.2853817105424       0.218823994961840        8.56646346391313     
  -23.2487906983361       0.269267151411185        8.83573061532432     
  -23.2121996861298       0.290247960357152        9.12597857568147     
  -23.1756086739236       0.274064632277083        9.40004320795855     
  -23.1390176617173       0.226691027689497        9.62673423564805     
  -23.1024266495110       0.164252333897237        9.79098656954529     
  -23.0658356373048       0.104251396135217        9.89523796568050     
  -23.0292446250985       5.796174465472166E-002   9.95319971033523     
  -22.9926536128922       2.822833813269798E-002   9.98142804846792     
  -22.9560626006860       1.204224572601655E-002   9.99347029419394     
  -22.9194715884797       4.499880764119440E-003   9.99797017495806     
  -22.8828805762734       1.472848171669972E-003   9.99944302312973     
  -22.8462895640672       4.222499841905581E-004   9.99986527311392     
  -22.8096985518609       1.060294293863974E-004   9.99997130254330     
  -22.7731075396546       2.331943502257102E-005   9.99999462197833     
  -22.7365165274484       4.491935149332775E-006   9.99999911391348     
  -22.6999255152421       7.578115705757097E-007   9.99999987172505     
  -22.6633345030358       1.119667883918147E-007   9.99999998369183     
  -22.6267434908296       1.448788342387711E-008   9.99999999817972     
  -22.5901524786233       1.641706483810398E-009   9.99999999982142     
  -22.5535614664170       1.629099838969944E-010   9.99999999998433     
  -22.5169704542108       1.415630487182698E-011   9.99999999999849     
  -22.4803794420045       1.077188197581153E-012   9.99999999999957     
  -22.4437884297982       7.173997723999848E-014   9.99999999999964     
  -22.4071974175920       4.189140354049492E-015   9.99999999999964     
  -22.3706064053857       2.243214294872509E-016   9.99999999999964     
  -22.3340153931794       0.000000000000000E+000   9.99999999999964     
  -22.2974243809732       0.000000000000000E+000   9.99999999999964     
  -22.2608333687669       0.000000000000000E+000   9.99999999999964     
  -22.2242423565606       0.000000000000000E+000   9.99999999999964     
  -22.1876513443544       0.000000000000000E+000   9.99999999999964     
  -22.1510603321481       0.000000000000000E+000   9.99999999999964     
  -22.1144693199418       0.000000000000000E+000   9.99999999999964     
  -22.0778783077356       0.000000000000000E+000   9.99999999999964     
  -22.0412872955293       0.000000000000000E+000   9.99999999999964     
  -22.0046962833230       0.000000000000000E+000   9.99999999999964     
  -21.9681052711168       0.000000000000000E+000   9.99999999999964     
  -21.9315142589105       0.000000000000000E+000   9.99999999999964     
  -21.8949232467042       0.000000000000000E+000   9.99999999999964     
  -21.8583322344980       0.000000000000000E+000   9.99999999999964     
  -21.8217412222917       0.000000000000000E+000   9.99999999999964     
  -21.7851502100854       0.000000000000000E+000   9.99999999999964     
  -21.7485591978792       0.000000000000000E+000   9.99999999999964     
  -21.7119681856729       0.000000000000000E+000   9.99999999999964     
  -21.6753771734666       0.000000000000000E+000   9.99999999999964     
  -21.6387861612603       0.000000000000000E+000   9.99999999999964     
  -21.6021951490541       0.000000000000000E+000   9.99999999999964     
  -21.5656041368478       0.000000000000000E+000   9.99999999999964     
  -21.5290131246416       0.000000000000000E+000   9.99999999999964     
  -21.4924221124353       0.000000000000000E+000   9.99999999999964     
  -21.4558311002290       0.000000000000000E+000   9.99999999999964     
  -21.4192400880227       0.000000000000000E+000   9.99999999999964     
  -21.3826490758165       0.000000000000000E+000   9.99999999999964     
  -21.3460580636102       0.000000000000000E+000   9.99999999999964     
  -21.3094670514039       0.000000000000000E+000   9.99999999999964     
  -21.2728760391977       0.000000000000000E+000   9.99999999999964     
  -21.2362850269914       0.000000000000000E+000   9.99999999999964     
  -21.1996940147851       0.000000000000000E+000   9.99999999999964     
  -21.1631030025789       0.000000000000000E+000   9.99999999999964     
  -21.1265119903726       0.000000000000000E+000   9.99999999999964     
  -21.0899209781663       0.000000000000000E+000   9.99999999999964     
  -21.0533299659601       0.000000000000000E+000   9.99999999999964     
  -21.0167389537538       0.000000000000000E+000   9.99999999999964     
  -20.9801479415475       0.000000000000000E+000   9.99999999999964     
  -20.9435569293413       0.000000000000000E+000   9.99999999999964     
  -20.9069659171350       0.000000000000000E+000   9.99999999999964     
  -20.8703749049287       0.000000000000000E+000   9.99999999999964     
  -20.8337838927225       0.000000000000000E+000   9.99999999999964     
  -20.7971928805162       0.000000000000000E+000   9.99999999999964     
  -20.7606018683099       1.110223024625157E-016   9.99999999999964     
  -20.7240108561037       1.689295404949664E-015   9.99999999999964     
  -20.6874198438974       3.051194279873881E-014   9.99999999999967     
  -20.6508288316911       4.766405911453553E-013   10.0000000000001     
  -20.6142378194849       6.523693857254237E-012   10.0000000000067     
  -20.5776468072786       7.819051672406860E-011   10.0000000000849     
  -20.5410557950723       8.206453328300431E-010   10.0000000009055     
  -20.5044647828661       7.542486967025003E-009   10.0000000084480     
  -20.4678737706598       6.070779861135685E-008   10.0000000691558     
  -20.4312827584535       4.279157084801808E-007   10.0000004970715     
  -20.3946917462473       2.641608313076781E-006   10.0000031386798     
  -20.3581007340410       1.428194225364077E-005   10.0000174206221     
  -20.3215097218347       6.762799275538225E-005   10.0000850486148     
  -20.2849187096285       2.804769972067215E-004   10.0003655256120     
  -20.2483276974222       1.018849509908144E-003   10.0013843751219     
  -20.2117366852159       3.241713823262396E-003   10.0046260889452     
  -20.1751456730097       9.034417635767233E-003   10.0136605065810     
  -20.1385546608034       2.205437113346590E-002   10.0357148777144     
  -20.1019636485971       4.715909648944488E-002   10.0828739742039     
  -20.0653726363909       8.833215823365252E-002   10.1712061324375     
  -20.0287816241846       0.144930584592200        10.3161367170297     
  -19.9921906119783       0.208301927503361        10.5244386445331     
  -19.9555995997721       0.262253736911721        10.7866923814448     
  -19.9190085875658       0.289232586063802        11.0759249675086     
  -19.8824175753595       0.279428527781336        11.3553534952900     
  -19.8458265631533       0.236478658327382        11.5918321536173     
  -19.8092355509470       0.175311099735314        11.7671432533526     
  -19.7726445387407       0.113846747152843        11.8809900005055     
  -19.7360535265345       6.476239143513574E-002   11.9457523919406     
  -19.6994625143282       3.227187289503947E-002   11.9780242648357     
  -19.6628715021219       1.409244408927531E-002   11.9921167089249     
  -19.6262804899157       5.419950755982414E-003   11.9975366596809     
  -19.5896894777094       1.955737160331514E-003   11.9994923968413     
  -19.5530984655031       1.115333031907115E-003   12.0006077298732     
  -19.5165074532969       2.113670433707999E-003   12.0027214003069     
  -19.4799164410906       5.874088340544370E-003   12.0085954886474     
  -19.4433254288843       1.512911088999720E-002   12.0237245995374     
  -19.4067344166781       3.428418377295023E-002   12.0580087833104     
  -19.3701434044718       6.807722784259038E-002   12.1260860111530     
  -19.3335523922655       0.118415022948573        12.2445010341015     
  -19.2969613800593       0.180427578972385        12.4249286130739     
  -19.2603703678530       0.240820260932856        12.6657488740068     
  -19.2237793556467       0.281565558817833        12.9473144328246     
  -19.1871883434405       0.288379107138224        13.2356935399628     
  -19.1505973312342       0.258729539734454        13.4944230796973     
  -19.1140063190279       0.203341143181112        13.6977642228784     
  -19.0774153068217       0.139990785453870        13.8377550083323     
  -19.0408242946154       8.442389522490122E-002   13.9221789035572     
  -19.0042332824091       4.459834843746663E-002   13.9667772519946     
  -18.9676422702029       2.063736615304816E-002   13.9874146181477     
  -18.9310512579966       8.364991421199338E-003   13.9957796095689     
  -18.8944602457903       2.969922635657173E-003   13.9987495322045     
  -18.8578692335841       9.236021624123409E-004   13.9996731343669     
  -18.8212782213778       2.515798369005163E-004   13.9999247142038     
  -18.7846872091715       6.002165234228897E-005   13.9999847358562     
  -18.7480961969653       1.254211335684625E-005   13.9999972779695     
  -18.7115051847590       2.295371340780205E-006   13.9999995733409     
  -18.6749141725527       3.679110968385227E-007   13.9999999412520     
  -18.6383231603465       5.164499916431161E-008   13.9999999928970     
  -18.6017321481402       6.348870360971433E-009   13.9999999992459     
  -18.5651411359339       6.834936560956226E-010   13.9999999999293     
  -18.5285501237277       6.443605463654981E-011   13.9999999999938     
  -18.4919591115214       5.319400681654679E-012   13.9999999999991     
  -18.4553680993151       3.845326834728269E-013   13.9999999999995     
  -18.4187770871089       2.431366739885643E-014   13.9999999999995     
  -18.3821860749026       1.306246777410536E-015   13.9999999999995     
  -18.3455950626963       6.797947621484113E-017   13.9999999999995     
  -18.3090040504901       0.000000000000000E+000   13.9999999999995     
  -18.2724130382838       0.000000000000000E+000   13.9999999999995     
  -18.2358220260775       0.000000000000000E+000   13.9999999999995     
  -18.1992310138712       0.000000000000000E+000   13.9999999999995     
  -18.1626400016650       0.000000000000000E+000   13.9999999999995     
  -18.1260489894587       6.661338147750939E-016   13.9999999999995     
  -18.0894579772524       1.208500530550105E-014   13.9999999999995     
  -18.0528669650462       1.981228766115284E-013   13.9999999999997     
  -18.0162759528399       2.830773972433559E-012   14.0000000000026     
  -17.9796849406336       3.542268225704276E-011   14.0000000000380     
  -17.9430939284274       3.881498790458439E-010   14.0000000004261     
  -17.9065029162211       3.724526185784702E-009   14.0000000041507     
  -17.8699119040148       3.129747203669533E-008   14.0000000354481     
  -17.8333208918086       2.303176051642172E-007   14.0000002657657     
  -17.7967298796023       1.484353715925583E-006   14.0000017501194     
  -17.7601388673960       8.378232644502533E-006   14.0000101283521     
  -17.7235478551898       4.141751667729191E-005   14.0000515458688     
  -17.6869568429835       1.793261682749036E-004   14.0002308720370     
  -17.6503658307772       6.800517826462571E-004   14.0009109238197     
  -17.6137748185710       2.258858564389110E-003   14.0031697823841     
  -17.5771838063647       6.571947945572159E-003   14.0097417303296     
  -17.5405927941584       1.674810449380764E-002   14.0264898348235     
  -17.5040017819522       3.738619254493307E-002   14.0638760273684     
  -17.4674107697459       7.310337902606136E-002   14.1369794063945     
  -17.4308197575396       0.125213139708491        14.2621925461029     
  -17.3942287453334       0.187868148455779        14.4500606945587     
  -17.3576377331271       0.246916816614567        14.6969775111733     
  -17.3210467209208       0.284279014476690        14.9812565256500     
  -17.2844557087146       0.286705992293966        15.2679625179439     
  -17.2478646965083       0.253295018903338        15.5212575368473     
  -17.2112736843020       0.196025860334496        15.7172833971818     
  -17.1746826720958       0.132890745430362        15.8501741426121     
  -17.1380916598895       7.891647596556867E-002   15.9290906185777     
  -17.1015006476832       4.105170922224267E-002   15.9701423278000     
  -17.0649096354770       1.870797947265046E-002   15.9888503072726     
  -17.0283186232707       7.479715073420123E-003   15.9963300223460     
  -16.9917276110644       2.675638080766639E-003   15.9990056604268     
  -16.9551365988582       1.071642320986755E-003   16.0000773027478     
  -16.9185455866519       1.206535982155689E-003   16.0012838387299     
  -16.8819545744456       3.216199754850693E-003   16.0045000384848     
  -16.8453635622394       8.858684392931646E-003   16.0133587228777     
  -16.8087725500331       2.166406253174301E-002   16.0350227854095     
  -16.7721815378268       4.645398065652549E-002   16.0814767660660     
  -16.7355905256206       8.726107217747092E-002   16.1687378382435     
  -16.6989995134143       0.143584731628896        16.3123225698723     
  -16.6624085012080       0.206960829789519        16.5192833996619     
  -16.6258174890018       0.261314444149831        16.7805978438117     
  -16.5892264767955       0.289026235028552        17.0696240788402     
  -16.5526354645892       0.280038503910796        17.3496625827510     
  -16.5160444523830       0.237709454228849        17.5873720369799     
  -16.4794534401767       0.176874888848904        17.7642469258288     
  -16.4428624279704       0.115742896829950        17.8799898226587     
  -16.4062714157642       6.786302194872326E-002   17.9478528446075     
  -16.3696804035579       3.925873920473689E-002   17.9871115838122     
  -16.3330893913516       3.084203687249872E-002   18.0179536206847     
  -16.2964983791454       4.238971507959007E-002   18.0603433357643     
  -16.2599073669391       7.416254679638719E-002   18.1345058825607     
  -16.2233163547328       0.124781484060410        18.2592873666211     
  -16.1867253425266       0.187298256090789        18.4465856227119     
  -16.1501343303203       0.247668403475981        18.6942540261879     
  -16.1135433181140       0.289091188746292        18.9833452149342     
  -16.0769523059078       0.301305847623038        19.2846510625572     
  -16.0403612937015       0.288892113229480        19.5735431757867     
  -16.0037702814952       0.271858944781622        19.8454021205683     
  -15.9671792692890       0.276855341800219        20.1222574623685     
  -15.9305882570827       0.324012366635641        20.4462698290042     
  -15.8939972448764       0.417193990246605        20.8634638192508     
  -15.8574062326702       0.542764004720398        21.4062278239712     
  -15.8208152204639       0.676488362427354        22.0827161863985     
  -15.7842242082576       0.793605095425499        22.8763212818240     
  -15.7476331960514       0.876207647944153        23.7525289297682     
  -15.7110421838451       0.915383905683385        24.6679128354515     
  -15.6744511716388       0.909970363955685        25.5778831994072     
  -15.6378601594326       0.864921609148180        26.4428048085554     
  -15.6012691472263       0.789719286338251        27.2325240948937     
  -15.5646781350200       0.695460012375725        27.9279841072694     
  -15.5280871228138       0.591297438575416        28.5192815458448     
  -15.4914961106075       0.483436027725911        29.0027175735707     
  -15.4549050984012       0.378108700486127        29.3808262740568     
  -15.4183140861950       0.285385292615633        29.6662115666725     
  -15.3817230739887       0.219189542909828        29.8854011095823     
  -15.3451320617824       0.192437954800992        30.0778390643833     
  -15.3085410495762       0.210507473052010        30.2883465374353     
  -15.2719500373699       0.267250695879023        30.5555972333143     
  -15.2353590251636       0.345843153693237        30.9014403870076     
  -15.1987680129574       0.424086738891228        31.3255271258988     
  -15.1621770007511       0.481732713987572        31.8072598398864     
  -15.1255859885448       0.506749354300001        32.3140091941864     
  -15.0889949763386       0.498489318010851        32.8124985121972     
  -15.0524039641323       0.467052428839200        33.2795509410364     
  -15.0158129519260       0.428570704740142        33.7081216457766     
  -14.9792219397197       0.397069694886853        34.1051913406634     
  -14.9426309275135       0.376501802220741        34.4816931428842     
  -14.9060399153072       0.358731897011606        34.8404250398958     
  -14.8694489031009       0.330147748487797        35.1705727883836     
  -14.8328578908947       0.282349098592494        35.4529218869761     
  -14.7962668786884       0.218444219609591        35.6713661065857     
  -14.7596758664821       0.150521344037215        35.8218874506229     
  -14.7230848542759       9.161471276314040E-002   35.9135021633860     
  -14.6864938420696       4.904717037881998E-002   35.9625493337648     
  -14.6499028298633       2.304785392748302E-002   35.9855971876923     
  -14.6133118176571       9.496438812717046E-003   35.9950936265050     
  -14.5767208054508       3.429265779971757E-003   35.9985228922850     
  -14.5401297932445       1.086274926772742E-003   35.9996091672118     
  -14.5035387810383       3.089285291721417E-004   35.9999180957409     
  -14.4669477688320       1.140190340887286E-004   36.0000321147750     
  -14.4303567566257       1.933547402444205E-004   36.0002254695153     
  -14.3937657444195       6.778317967566838E-004   36.0009033013120     
  -14.3571747322132       2.244127208151319E-003   36.0031474285202     
  -14.3205837200069       6.532934040171140E-003   36.0096803625604     
  -14.2839927078007       1.666164887950022E-002   36.0263420114399     
  -14.2474016955944       3.722251597100480E-002   36.0635645274109     
  -14.2108106833881       7.284073340158620E-002   36.1364052608124     
  -14.1742196711819       0.124861716046569        36.2612669768590     
  -14.1376286589756       0.187489059525945        36.4487560363849     
  -14.1010376467693       0.246615809260435        36.6953718456454     
  -14.0644466345631       0.284172416365127        36.9795442620105     
  -14.0278556223568       0.286901487944617        37.2664457499551     
  -13.9912646101505       0.253991229281682        37.5204369792368     
  -13.9546735979443       0.197913995097842        37.7183509743346     
  -13.9180825857380       0.138150511684286        37.8565014860189     
  -13.8814915735317       9.315742025150521E-002   37.9496589062704     
  -13.8449005613255       7.626574116345750E-002   38.0259246474339     
  -13.8083095491192       9.630932764175142E-002   38.1222339750757     
  -13.7717185369129       0.159034837494862        38.2812688125705     
  -13.7351275247067       0.265392190106640        38.5466610026772     
  -13.6985365125004       0.407397224551899        38.9540582272291     
  -13.6619455002941       0.566727533141071        39.5207857603701     
  -13.6253544880879       0.720410188659524        40.2411959490296     
  -13.5887634758816       0.851538379040801        41.0927343280704     
  -13.5521724636753       0.957218925281170        42.0499532533516     
  -13.5155814514691        1.04759890001874        43.0975521533704     
  -13.4789904392628        1.13717427107019        44.2347264244405     
  -13.4423994270565        1.23434287883415        45.4690693032747     
  -13.4058084148503        1.33392683755260        46.8029961408273     
  -13.3692174026440        1.41518959627359        48.2181857371009     
  -13.3326263904377        1.44777345911613        49.6659591962170     
  -13.2960353782315        1.40546876119813        51.0714279574151     
  -13.2594443660252        1.28082894595291        52.3522569033680     
  -13.2228533538189        1.09024160255659        53.4424985059246     
  -13.1862623416127       0.865889651873337        54.3083881577980     
  -13.1496713294064       0.641700719924093        54.9500888777221     
  -13.1130803172001       0.443195209873898        55.3932840875960     
  -13.0764893049939       0.284850509788750        55.6781345973847     
  -13.0398982927876       0.172153460403664        55.8502880577884     
  -13.0033072805813       0.104738083155895        55.9550261409443     
  -12.9667162683751       7.911326249508284E-002   56.0341394034394     
  -12.9301252561688       9.022065880882442E-002   56.1243600622482     
  -12.8935342439625       0.130860260930959        56.2552203231791     
  -12.8569432317563       0.189442221328688        56.4446625445078     
  -12.8203522195500       0.249166549726318        56.6938290942342     
  -12.7837612073437       0.292081913150421        56.9859110073846     
  -12.7471701951375       0.307486462264694        57.2933974696493     
  -12.7105791829312       0.298838774556618        57.5922362442059     
  -12.6739881707249       0.282573753971295        57.8748099981772     
  -12.6373971585187       0.278054427342801        58.1528644255200     
  -12.6008061463124       0.295493608990131        58.4483580345101     
  -12.5642151341061       0.330792910239706        58.7791509447498     
  -12.5276241218999       0.370526601596927        59.1496775463467     
  -12.4910331096936       0.401765291677941        59.5514428380247     
  -12.4544420974873       0.418029136645189        59.9694719746699     
  -12.4178510852811       0.417708474496270        60.3871804491661     
  -12.3812600730748       0.399519752953206        60.7867002021193     
  -12.3446690608685       0.362036179428240        61.1487363815476     
  -12.3080780486623       0.308613064240132        61.4573494457877     
  -12.2714870364560       0.252212175418134        61.7095616212059     
  -12.2348960242497       0.214312257321104        61.9238738785270     
  -12.1983050120435       0.217333212358638        62.1412070908856     
  -12.1617139998372       0.274438353428673        62.4156454443143     
  -12.1251229876309       0.381519008269864        62.7971644525841     
  -12.0885319754247       0.515651496913884        63.3128159494980     
  -12.0519409632184       0.642767836463947        63.9555837859620     
  -12.0153499510121       0.732435292482331        64.6880190784443     
  -11.9787589388059       0.771179417066597        65.4591984955109     
  -11.9421679265996       0.764929158068194        66.2241276535791     
  -11.9055769143933       0.729342166506268        66.9534698200854     
  -11.8689859021871       0.676780965257462        67.6302507853428     
  -11.8323948899808       0.610397952634822        68.2406487379777     
  -11.7958038777745       0.528237210895324        68.7688859488730     
  -11.7592128655683       0.431788222229608        69.2006741711026     
  -11.7226218533620       0.331266119033615        69.5319402901362     
  -11.6860308411557       0.243945702254442        69.7758859923906     
  -11.6494398289495       0.187304611102491        69.9631906034931     
  -11.6128488167432       0.171367428848887        70.1345580323420     
  -11.5762578045369       0.193987257322601        70.3285452896646     
  -11.5396667923306       0.241103097651624        70.5696483873162     
  -11.5030757801244       0.292634686206689        70.8622830735229     
  -11.4664847679181       0.332437598684885        71.1947206722078     
  -11.4298937557118       0.357164654559959        71.5518853267678     
  -11.3933027435056       0.377342754430278        71.9292280811980     
  -11.3567117312993       0.408311077403752        72.3375391586018     
  -11.3201207190930       0.456833139229607        72.7943722978314     
  -11.2835297068868       0.513715893155284        73.3080881909867     
  -11.2469386946805       0.558756469147572        73.8668446601342     
  -11.2103476824742       0.574957954318616        74.4418026144529     
  -11.1737566702680       0.561856252532780        75.0036588669856     
  -11.1371656580617       0.537945591105392        75.5416044580910     
  -11.1005746458554       0.529147600732081        76.0707520588231     
  -11.0639836336492       0.549950202037626        76.6207022608608     
  -11.0273926214429       0.590342132058354        77.2110443929191     
  -10.9908016092366       0.619333080589763        77.8303774735089     
  -10.9542105970304       0.604153184743386        78.4345306582523     
  -10.9176195848241       0.531507780978651        78.9660384392309     
  -10.8810285726178       0.415264630887988        79.3813030701189     
  -10.8444375604116       0.286388197378545        79.6676912674974     
  -10.8078465482053       0.175054107072357        79.8427453745698     
  -10.7712555359990       9.871025351876486E-002   79.9414556280886     
  -10.7346645237928       6.194047883771912E-002   80.0033961069263     
  -10.6980735115865       6.375969734852908E-002   80.0671558042748     
  -10.6614824993802       0.103915055077041        80.1710708593518     
  -10.6248914871740       0.182568813764084        80.3536396731159     
  -10.5883004749677       0.293650861083340        80.6472905341993     
  -10.5517094627614       0.417739732266083        81.0650302664653     
  -10.5151184505552       0.522417911562245        81.5874481780276     
  -10.4785274383489       0.573756443951303        82.1612046219789     
  -10.4419364261426       0.553302457603338        82.7145070795822     
  -10.4053454139364       0.468499910782411        83.1830069903646     
  -10.3687544017301       0.348309057780381        83.5313160481450     
  -10.3321633895238       0.227384347517430        83.7587003956624     
  -10.2955723773176       0.130444513580096        83.8891449092425     
  -10.2589813651113       6.615571155380726E-002   83.9553006207964     
  -10.2223903529050       3.099549857058892E-002   83.9862961193669     
  -10.1857993406988       1.724769647678858E-002   84.0035438158437     
  -10.1492083284925       1.935050900081178E-002   84.0228943248445     
  -10.1126173162862       3.620998683767035E-002   84.0591043116822     
  -10.0760263040800       6.965959074778624E-002   84.1287639024300     
  -10.0394352918737       0.120234736941699        84.2489986393717     
  -10.0028442796674       0.182379318318553        84.4313779576903     
  -9.96625326746117       0.242445097540738        84.6738230552310     
  -9.92966225525490       0.282371471502411        84.9561945267334     
  -9.89307124304863       0.288224936576511        85.2444194633099     
  -9.85648023084237       0.258219072419015        85.5026385357289     
  -9.81988921863610       0.204308930140075        85.7069474658690     
  -9.78329820642983       0.146424743127732        85.8533722089967     
  -9.74670719422356       0.104170693181052        85.9575429021778     
  -9.71011618201730       9.158683751006047E-002   86.0491297396879     
  -9.67352516981103       0.116266008443410        86.1653957481313     
  -9.63693415760476       0.179979673713387        86.3453754218447     
  -9.60034314539850       0.278121885965747        86.6234973078104     
  -9.56375213319223       0.398505228517025        87.0220025363274     
  -9.52716112098596       0.522047310890393        87.5440498472178     
  -9.49057010877970       0.626518071785402        88.1705679190032     
  -9.45397909657343       0.691855377722072        88.8624232967253     
  -9.41738808436716       0.704818453540201        89.5672417502655     
  -9.38079707216090       0.662101185614467        90.2293429358800     
  -9.34420605995463       0.571897101880560        90.8012400377605     
  -9.30761504774836       0.453199209138546        91.2544392468991     
  -9.27102403554209       0.331840199330127        91.5862794462292     
  -9.23443302333583       0.234029443272669        91.8203088895019     
  -9.19784201112956       0.180095219719375        92.0004041092213     
  -9.16125099892329       0.180545917119475        92.1809500263407     
  -9.12465998671702       0.234104261685758        92.4150542880265     
  -9.08806897451076       0.326567032780204        92.7416213208067     
  -9.05147796230449       0.431513634137209        93.1731349549439     
  -9.01488695009822       0.515782067182873        93.6889170221268     
  -8.97829593789196       0.550432713771071        94.2393497358978     
  -8.94170492568569       0.522629761255823        94.7619794971537     
  -8.90511391347942       0.440994835153136        95.2029743323068     
  -8.86852290127316       0.330423409724525        95.5333977420313     
  -8.83193188906689       0.219638217787127        95.7530359598184     
  -8.79534087686062       0.129409034050356        95.8824449938688     
  -8.75874986465436       6.765478437131998E-002   95.9500997782401     
  -8.72215885244809       3.198516373801611E-002   95.9820849419781     
  -8.68556784024182       1.594763558379113E-002   95.9980325775619     
  -8.64897682803555       1.501122925775648E-002   96.0130438068197     
  -8.61238581582929       3.050760554933956E-002   96.0435514123690     
  -8.57579480362302       7.118916530969074E-002   96.1147405776787     
  -8.53920379141675       0.151509652344810        96.2662502300235     
  -8.50261277921049       0.284999084188160        96.5512493142117     
  -8.46602176700422       0.473255612452230        97.0245049266639     
  -8.42943075479795       0.696468999848887        97.7209739265128     
  -8.39283974259169       0.914909172518224        98.6358830990310     
  -8.35624873038542        1.08565643334902        99.7215395323800     
  -8.31965771817915        1.18599872194697        100.907538254327     
  -8.28306670597289        1.22624910102542        102.133787355352     
  -8.24647569376662        1.24108964172766        103.374876997080     
  -8.20988468156035        1.26543573601647        104.640312733097     
  -8.17329366935408        1.31215878913266        105.952471522229     
  -8.13670265714781        1.36551837170636        107.317989893936     
  -8.10011164494155        1.39191536827914        108.709905262215     
  -8.06352063273528        1.35975689746745        110.069662159682     
  -8.02692962052901        1.25716771144428        111.326829871126     
  -7.99033860832275        1.09836096141780        112.425190832544     
  -7.95374759611648       0.915499217026688        113.340690049571     
  -7.91715658391021       0.741716939491472        114.082406989062     
  -7.88056557170395       0.597221409237712        114.679628398300     
  -7.84397455949768       0.487286942689651        115.166915340990     
  -7.80738354729141       0.409873839438021        115.576789180428     
  -7.77079253508515       0.362498550124540        115.939287730552     
  -7.73420152287888       0.341415987243207        116.280703717796     
  -7.69761051067261       0.336648237424816        116.617351955220     
  -7.66101949846635       0.331657440340089        116.949009395560     
  -7.62442848626008       0.311063049609142        117.260072445170     
  -7.58783747405381       0.270625023006996        117.530697468177     
  -7.55124646184754       0.220940875978696        117.751638344155     
  -7.51465544964127       0.181952076129785        117.933590420285     
  -7.47806443743501       0.172564164367467        118.106154584653     
  -7.44147342522874       0.201808082601188        118.307962667254     
  -7.40488241302247       0.265226071524828        118.573188738779     
  -7.36829140081621       0.346766587729278        118.919955326508     
  -7.33170038860994       0.424551608654471        119.344506935162     
  -7.29510937640367       0.477913673490990        119.822420608653     
  -7.25851836419741       0.493060784144055        120.315481392797     
  -7.22192735199114       0.466117691109019        120.781599083906     
  -7.18533633978487       0.403914310255729        121.185513394162     
  -7.14874532757861       0.322988347852841        121.508501742015     
  -7.11215431537234       0.246487955441092        121.754989697456     
  -7.07556330316607       0.198891162359237        121.953880859815     
  -7.03897229095980       0.199445583353217        122.153326443168     
  -7.00238127875354       0.255540060078511        122.408866503247     
  -6.96579026654727       0.357609218691921        122.766475721939     
  -6.92919925434100       0.479024796895569        123.245500518835     
  -6.89260824213474       0.585160807380376        123.830661326215     
  -6.85601722992847       0.650817244612067        124.481478570827     
  -6.81942621772220       0.676158665650516        125.157637236477     
  -6.78283520551594       0.688069023515852        125.845706259993     
  -6.74624419330967       0.723110352614397        126.568816612608     
  -6.70965318110340       0.803298636224987        127.372115248833     
  -6.67306216889714       0.922111262837444        128.294226511670     
  -6.63647115669087        1.04943289539761        129.343659407068     
  -6.59988014448460        1.14937451070428        130.493033917772     
  -6.56328913227834        1.19757119848996        131.690605116262     
  -6.52669812007207        1.18907735637165        132.879682472634     
  -6.49010710786580        1.13705937720970        134.016741849843     
  -6.45351609565953        1.06672430608572        135.083466155929     
  -6.41692508345326        1.00695598056610        136.090422136495     
  -6.38033407124700       0.980109574272277        137.070531710767     
  -6.34374305904073       0.992538022016306        138.063069732784     
  -6.30715204683446        1.03154002799172        139.094609760775     
  -6.27056103462820        1.07295786489021        140.167567625666     
  -6.23397002242193        1.09684878777145        141.264416413437     
  -6.19737901021566        1.10156212625861        142.365978539696     
  -6.16078799800940        1.10560264833812        143.471581188034     
  -6.12419698580313        1.13413448772110        144.605715675755     
  -6.08760597359686        1.19817313367451        145.803888809430     
  -6.05101496139060        1.28075882183203        147.084647631262     
  -6.01442394918433        1.34046898646242        148.425116617724     
  -5.97783293697806        1.33127954128077        149.756396159005     
  -5.94124192477179        1.22715883597396        150.983554994979     
  -5.90465091256553        1.03696058982199        152.020515584801     
  -5.86805990035926       0.801631990059064        152.822147574860     
  -5.83146888815299       0.576715369642235        153.398862944502     
  -5.79487787594672       0.410854485019119        153.809717429521     
  -5.75828686374046       0.330593807928843        154.140311237450     
  -5.72169585153419       0.335313967654402        154.475625205104     
  -5.68510483932792       0.400521898443459        154.876147103548     
  -5.64851382712166       0.486926609242186        155.363073712790     
  -5.61192281491539       0.553989418061127        155.917063130851     
  -5.57533180270912       0.575158472272719        156.492221603124     
  -5.53874079050286       0.548280045712117        157.040501648836     
  -5.50214977829659       0.494349534317304        157.534851183153     
  -5.46555876609032       0.444057935137861        157.978909118291     
  -5.42896775388406       0.420218903326577        158.399128021618     
  -5.39237674167779       0.427150381498746        158.826278403116     
  -5.35578572947152       0.452262357701290        159.278540760818     
  -5.31919471726525       0.475818441089099        159.754359201907     
  -5.28260370505899       0.480618654728830        160.234977856636     
  -5.24601269285272       0.456891240747580        160.691869097383     
  -5.20942168064645       0.403385452080469        161.095254549464     
  -5.17283066844019       0.327053554090994        161.422308103555     
  -5.13623965623392       0.241324876645866        161.663632980201     
  -5.09964864402765       0.162092659409610        161.825725639610     
  -5.06305763182139       0.102828002992195        161.928553642602     
  -5.02646661961512       7.189689239134583E-002   162.000450534994     
  -4.98987560740885       7.326080347054602E-002   162.073711338464     
  -4.95328459520259       0.108449998090008        162.182161336554     
  -4.91669358299632       0.176948144430633        162.359109480985     
  -4.88010257079005       0.274599440586108        162.633708921571     
  -4.84351155858378       0.392326292627391        163.026035214198     
  -4.80692054637752       0.517286152731678        163.543321366930     
  -4.77032953417125       0.635998919347271        164.179320286277     
  -4.73373852196498       0.737232426239207        164.916552712517     
  -4.69714750975871       0.813407403239076        165.729960115756     
  -4.66055649755245       0.860916841215914        166.590876956972     
  -4.62396548534618       0.879567466510094        167.470444423482     
  -4.58737447313991       0.870699715597675        168.341144139079     
  -4.55078346093365       0.835048902273067        169.176193041352     
  -4.51419244872738       0.773393834667202        169.949586876020     
  -4.47760143652111       0.691163271131568        170.640750147151     
  -4.44101042431485       0.602897377264866        171.243647524416     
  -4.40441941210858       0.530211513963274        171.773859038379     
  -4.36782839990231       0.491835654514573        172.265694692894     
  -4.33123738769605       0.492089899667605        172.757784592561     
  -4.29464637548978       0.516661635524654        173.274446228086     
  -4.25805536328351       0.539192071061978        173.813638299148     
  -4.22146435107724       0.534332400852744        174.347970700001     
  -4.18487333887098       0.489349717988709        174.837320417990     
  -4.14828232666471       0.408594370266992        175.245914788257     
  -4.11169131445844       0.310000996553490        175.555915784810     
  -4.07510030225217       0.216856080175637        175.772771864986     
  -4.03850929004591       0.149656765109566        175.922428630095     
  -4.00191827783964       0.121522070120764        176.043950700216     
  -3.96532726563337       0.137280283608185        176.181230983824     
  -3.92873625342711       0.193851579937959        176.375082563762     
  -3.89214524122084       0.280191126635784        176.655273690398     
  -3.85555422901457       0.377788310670732        177.033062001069     
  -3.81896321680831       0.464053772165850        177.497115773234     
  -3.78237220460204       0.519111089424757        178.016226862659     
  -3.74578119239577       0.533368884807773        178.549595747467     
  -3.70919018018951       0.511655193811786        179.061250941279     
  -3.67259916798324       0.470783376848100        179.532034318127     
  -3.63600815577697       0.430815393643907        179.962849711771     
  -3.59941714357070       0.404755705724322        180.367605417495     
  -3.56282613136444       0.393856699659459        180.761462117155     
  -3.52623511915817       0.392459305029323        181.153921422184     
  -3.48964410695190       0.398219982263893        181.552141404448     
  -3.45305309474564       0.417980384884965        181.970121789333     
  -3.41646208253937       0.462994264854661        182.433116054187     
  -3.37987107033310       0.537142080273881        182.970258134461     
  -3.34328005812683       0.628335155058170        183.598593289519     
  -3.30668904592057       0.710387504567016        184.308980794087     
  -3.27009803371430       0.754015593384668        185.062996387471     
  -3.23350702150803       0.739692384759348        185.802688772231     
  -3.19691600930177       0.665593309076433        186.468282081307     
  -3.16032499709550       0.548006007871684        187.016288089179     
  -3.12373398488923       0.415253560283360        187.431541649462     
  -3.08714297268297       0.298139894322884        187.729681543785     
  -3.05055196047670       0.220550520281285        187.950232064066     
  -3.01396094827043       0.193193517381639        188.143425581448     
  -2.97736993606416       0.211981478073422        188.355407059521     
  -2.94077892385790       0.261427724043537        188.616834783565     
  -2.90418791165163       0.322568803375590        188.939403586940     
  -2.86759689944536       0.382611917352963        189.322015504293     
  -2.83100588723910       0.440264484345860        189.762279988639     
  -2.79441487503283       0.501279929625399        190.263559918265     
  -2.75782386282656       0.566303902553054        190.829863820818     
  -2.72123285062030       0.622006997823706        191.451870818641     
  -2.68464183841403       0.645989735597599        192.097860554239     
  -2.64805082620776       0.623487708704392        192.721348262943     
  -2.61145981400150       0.561184514752876        193.282532777696     
  -2.57486880179523       0.484609320561819        193.767142098258     
  -2.53827778958896       0.420500904193562        194.187643002452     
  -2.50168677738269       0.379149439652004        194.566792442104     
  -2.46509576517643       0.350861375298042        194.917653817402     
  -2.42850475297016       0.317457030252763        195.235110847654     
  -2.39191374076389       0.267551442252816        195.502662289907     
  -2.35532272855762       0.203606677409143        195.706268967316     
  -2.31873171635136       0.137791675079159        195.844060642396     
  -2.28214070414509       8.283332543992371E-002   195.926893967835     
  -2.24554969193882       4.580662029468408E-002   195.972700588130     
  -2.20895867973256       2.799283056156345E-002   196.000693418692     
  -2.17236766752629       2.848326396562546E-002   196.029176682657     
  -2.13577665532002       4.730008521714775E-002   196.076476767875     
  -2.09918564311376       8.525364125316715E-002   196.161730409128     
  -2.06259463090749       0.140574441438903        196.302304850567     
  -2.02600361870122       0.205148770924681        196.507453621491     
  -1.98941260649496       0.264568848632402        196.772022470124     
  -1.95282159428869       0.304335973040261        197.076358443164     
  -1.91623058208242       0.319458441950078        197.395816885114     
  -1.87963956987615       0.320343977893663        197.716160863008     
  -1.84304855766988       0.329215619116820        198.045376482124     
  -1.80645754546362       0.368160911797388        198.413537393922     
  -1.76986653325735       0.446259383975972        198.859796777898     
  -1.73327552105108       0.553394350856861        199.413191128755     
  -1.69668450884482       0.663224667128982        200.076415795884     
  -1.66009349663855       0.742876095165809        200.819291891049     
  -1.62350248443228       0.765427269268492        201.584719160318     
  -1.58691147222602       0.721384401096379        202.306103561414     
  -1.55032046001975       0.624725158218602        202.930828719633     
  -1.51372944781348       0.509419208654745        203.440247928288     
  -1.47713843560722       0.416468140952901        203.856716069241     
  -1.44054742340095       0.377643920023031        204.234359989264     
  -1.40395641119468       0.404552008535292        204.638911997799     
  -1.36736539898842       0.487747156762671        205.126659154562     
  -1.33077438678215       0.604016540524909        205.730675695086     
  -1.29418337457588       0.726254770578619        206.456930465665     
  -1.25759236236961       0.831420923934590        207.288351389600     
  -1.22100135016335       0.904928735419330        208.193280125019     
  -1.18441033795708       0.941095624779982        209.134375749799     
  -1.14781932575081       0.939640749739902        210.074016499539     
  -1.11122831354455       0.900466602238821        210.974483101778     
  -1.07463730133828       0.821692032206568        211.796175133984     
  -1.03804628913201       0.703927422786857        212.500102556771     
  -1.00145527692575       0.556939835905934        213.057042392677     
 -0.964864264719477       0.400990138680126        213.458032531357     
 -0.928273252513208       0.259885468327443        213.717917999685     
 -0.891682240306942       0.151078803637720        213.868996803322     
 -0.855091228100676       8.066159695113126E-002   213.949658400273     
 -0.818500215894410       4.606825603716462E-002   213.995726656311     
 -0.781909203688144       4.299653927104193E-002   214.038723195582     
 -0.745318191481879       7.085072255264437E-002   214.109573918134     
 -0.708727179275606       0.132788376860800        214.242362294995     
 -0.672136167069340       0.229832492601574        214.472194787597     
 -0.635545154863074       0.352479132583964        214.824673920181     
 -0.598954142656808       0.476637006620064        215.301310926801     
 -0.562363130450542       0.570104423198385        215.871415349999     
 -0.525772118244276       0.608585049337870        216.480000399337     
 -0.489181106038004       0.590805149512068        217.070805548849     
 -0.452590093831738       0.540397859077714        217.611203407927     
 -0.415999081625472       0.492150179760430        218.103353587687     
 -0.379408069419206       0.473392673740053        218.576746261427     
 -0.342817057212940       0.494363134155064        219.071109395582     
 -0.306226045006674       0.551449055561427        219.622558451144     
 -0.269635032800402       0.635483961406052        220.258042412550     
 -0.233044020594136       0.735785626348494        220.993828038898     
 -0.196453008387870       0.838683667163413        221.832511706062     
 -0.159861996181604       0.925950865998289        222.758462572060     
 -0.123270983975338       0.977200076875153        223.735662648935     
 -8.667997176907249E-002  0.975492577996870        224.711155226932     
 -5.008895956279957E-002  0.913740521749731        225.624895748682     
 -1.349794735653376E-002  0.800009376710101        226.424905125392     
  2.309306484973206E-002  0.658635494812818        227.083540620205     
  5.968407705599788E-002  0.523303365830714        227.606843986035     
  9.627508926226369E-002  0.422679973232263        228.029523959268     
  0.132866101468530       0.366596059432462        228.396120018700     
  0.169457113674802       0.342781613110484        228.738901631811     
  0.206048125881068       0.327201559654513        229.066103191465     
  0.242639138087334       0.300982596650747        229.367085788116     
  0.279230150293600       0.262637913199174        229.629723701315     
  0.315821162499866       0.228790930757571        229.858514632073     
  0.352412174706139       0.224919925592747        230.083434557665     
  0.389003186912404       0.272558490456792        230.355993048122     
  0.425594199118670       0.378647542288977        230.734640590411     
  0.462185211324936       0.530033454794334        231.264674045205     
  0.498776223531202       0.694999594562818        231.959673639768     
  0.535367235737468       0.832905430413390        232.792579070182     
  0.571958247943741       0.909394668267650        233.701973738449     
  0.608549260150006       0.909608809326282        234.611582547776     
  0.645140272356272       0.841315975783598        235.452898523559     
  0.681731284562538       0.726700621410907        236.179599144970     
  0.718322296768804       0.590101700276320        236.769700845246     
  0.754913308975070       0.450503065525970        237.220203910772     
  0.791504321181343       0.321009996032728        237.541213906805     
  0.828095333387608       0.210927479019286        237.752141385824     
  0.864686345593874       0.126123428990796        237.878264814815     
  0.901277357800140       6.783723809195914E-002   237.946102052907     
  0.937868370006406       3.253057160163126E-002   237.978632624509     
  0.974459382212672       1.382136540429420E-002   237.992453989913     
   1.01105039441894       5.181217397330248E-003   237.997635207310     
   1.04764140662521       1.709104003493058E-003   237.999344311314     
   1.08423241883148       4.955302939948654E-004   237.999839841608     
   1.12082343103774       1.280007066067017E-004   237.999967842314     
   1.15741444324401       3.963523741770843E-005   238.000007477552     
   1.19400545545027       6.121510714886616E-005   238.000068692659     
   1.23059646765655       2.360701106594632E-004   238.000304762770     
   1.26718747986281       8.690214849877582E-004   238.001173784255     
   1.30377849206908       2.812309934474667E-003   238.003986094189     
   1.34036950427534       7.972974088384795E-003   238.011959068278     
   1.37696051648161       1.979922419985739E-002   238.031758292477     
   1.41355152868788       4.306768206345234E-002   238.074825974541     
   1.45014254089415       8.206096881639587E-002   238.156886943357     
   1.48673355310041       0.136964809071904        238.293851752429     
   1.52332456530668       0.200250178984939        238.494101931414     
   1.55991557751295       0.256467088896654        238.750569020311     
   1.59650658971921       0.287731438846064        239.038300459157     
   1.63309760192548       0.282774949968144        239.321075409125     
   1.66968861413175       0.243440226497929        239.564515635623     
   1.70627962633802       0.183586299576588        239.748101935199     
   1.74287063854428       0.121278134237486        239.869380069437     
   1.77946165075055       7.018080525276642E-002   239.939560874690     
   1.81605266295681       3.557773747925314E-002   239.975138612169     
   1.85264367516309       1.581589767754656E-002   239.990954509846     
   1.88923468736935       6.242364884344755E-003   239.997196874731     
   1.92582569957562       2.513196696397421E-003   239.999710071427     
   1.96241671178188       2.188917290735112E-003   240.001898988718     
   1.99900772398815       5.270453960262489E-003   240.007169442678     
   2.03559873619442       1.466815602181245E-002   240.021837598700     
   2.07218974840069       3.680989386838399E-002   240.058647492568     
   2.10878076060695       8.137109224859597E-002   240.140018584817     
   2.14537177281322       0.158405750230251        240.298424335047     
   2.18196278501949       0.272279037210228        240.570703372257     
   2.21855379722575       0.415115230651605        240.985818602909     
   2.25514480943202       0.565402774301401        241.551221377210     
   2.29173582163829       0.695483626569401        242.246705003780     
   2.32832683384456       0.784245026878584        243.030950030658     
   2.36491784605082       0.825321267034067        243.856271297693     
   2.40150885825709       0.824541714609391        244.680813012302     
   2.43809987046335       0.791135732344750        245.471948744647     
   2.47469088266962       0.733253637418315        246.205202382065     
   2.51128189487589       0.662248052594517        246.867450434660     
   2.54787290708216       0.599115762151061        247.466566196811     
   2.58446391928842       0.573443402573461        248.040009599384     
   2.62105493149469       0.612864742872826        248.652874342257     
   2.65764594370096       0.730023072893944        249.382897415151     
   2.69423695590722       0.915290678370126        250.298188093521     
   2.73082796811349        1.13794917036368        251.436137263885     
   2.76741898031976        1.35342509850800        252.789562362393     
   2.80400999252603        1.51350972356502        254.303072085958     
   2.84060100473229        1.57791948882317        255.880991574781     
   2.87719201693856        1.52542925028120        257.406420825062     
   2.91378302914482        1.36113741204024        258.767558237102     
   2.95037404135110        1.11601879737708        259.883577034479     
   2.98696505355736       0.837598153390461        260.721175187870     
   3.02355606576363       0.575156146140238        261.296331334010     
   3.06014707796989       0.366090910115491        261.662422244125     
   3.09673809017616       0.229106997250185        261.891529241376     
   3.13332910238243       0.165156779799237        262.056686021175     
   3.16992011458870       0.162426390105317        262.219112411280     
   3.20651112679496       0.201201790827728        262.420314202108     
   3.24310213900123       0.257959229824278        262.678273431932     
   3.27969315120750       0.310766920712133        262.989040352644     
   3.31628416341376       0.346152983581398        263.335193336226     
   3.35287517562004       0.363236366771311        263.698429702997     
   3.38946618782630       0.370609830117859        264.069039533115     
   3.42605720003257       0.377544879393684        264.446584412509     
   3.46264821223883       0.387319434827780        264.833903847336     
   3.49923922444510       0.398839176757860        265.232743024094     
   3.53583023665136       0.414001565333221        265.646744589427     
   3.57242124885764       0.442083237099327        266.088827826527     
   3.60901226106390       0.495728892100298        266.584556718627     
   3.64560327327017       0.581637898498680        267.166194617126     
   3.68219428547643       0.693291524699332        267.859486141825     
   3.71878529768270       0.810159258939293        268.669645400764     
   3.75537630988897       0.903177745742499        269.572823146507     
   3.79196732209524       0.944455360655211        270.517278507162     
   3.82855833430150       0.918517039277486        271.435795546440     
   3.86514934650777       0.830526412562949        272.266321959003     
   3.90174035871404       0.705984826844837        272.972306785847     
   3.93833137092030       0.579911990624834        273.552218776472     
   3.97492238312657       0.480354332874089        274.032573109346     
   4.01151339533284       0.415853034449149        274.448426143795     
   4.04810440753911       0.374750115698593        274.823176259494     
   4.08469541974537       0.336379399199468        275.159555658693     
   4.12128643195164       0.285923170012608        275.445478828706     
   4.15787744415790       0.222830049517943        275.668308878224     
   4.19446845636417       0.158832231852493        275.827141110077     
   4.23105946857044       0.109924369583467        275.937065479660     
   4.26765048077671       8.959746643747901E-002   276.026662946097     
   4.30424149298297       0.106721529537094        276.133384475635     
   4.34083250518924       0.166048492672760        276.299432968307     
   4.37742351739551       0.267799902613396        276.567232870921     
   4.41401452960177       0.405438052105135        276.972670923026     
   4.45060554180805       0.563705869702047        277.536376792728     
   4.48719655401431       0.719374034109383        278.255750826837     
   4.52378756622058       0.845323201675478        279.101074028513     
   4.56037857842684       0.916844832988408        280.017918861501     
   4.59696959063311       0.918336759548727        280.936255621050     
   4.63356060283938       0.848309308184459        281.784564929234     
   4.67015161504565       0.720605467514798        282.505170396749     
   4.70674262725191       0.560706312580950        283.065876709330     
   4.74333363945818       0.398124887420519        283.464001596751     
   4.77992465166444       0.258040533540345        283.722042130291     
   4.81651566387071       0.155902548339605        283.877944678631     
   4.85310667607698       9.697272036417391E-002   283.974917398995     
   4.88969768828325       7.955004998714232E-002   284.054467448982     
   4.92628870048951       9.828102604332430E-002   284.152748475025     
   4.96287971269578       0.144681882526118        284.297430357551     
   4.99947072490205       0.205568299318862        284.502998656870     
   5.03606173710831       0.263348194935811        284.766346851806     
   5.07265274931459       0.301365454008763        285.067712305815     
   5.10924376152085       0.312360521982939        285.380072827798     
   5.14583477372712       0.303287605678441        285.683360433476     
   5.18242578593338       0.290864164560298        285.974224598036     
   5.21901679813965       0.289560349614414        286.263784947651     
   5.25560781034591       0.300777572520793        286.564562520172     
   5.29219882255219       0.311779241295064        286.876341761467     
   5.32878983475845       0.305218499886999        287.181560261354     
   5.36538084696472       0.271612393869561        287.453172655223     
   5.40197185917098       0.215311454859653        287.668484110083     
   5.43856287137725       0.150609321943422        287.819093432026     
   5.47515388358352       9.257352948076704E-002   287.911666961507     
   5.51174489578979       4.990993558520980E-002   287.961576897092     
   5.54833590799606       2.358384500450346E-002   287.985160742097     
   5.58492692020232       9.763879217364761E-003   287.994924621314     
   5.62151793240859       3.541143422020173E-003   287.998465764736     
   5.65810894461485       1.124979592705875E-003   287.999590744329     
   5.69469995682112       3.130445668407001E-004   287.999903788896     
   5.73129096902739       7.629812283455132E-005   287.999980087019     
   5.76788198123366       1.628753388672257E-005   287.999996374553     
   5.80447299343992       3.045220198616904E-006   287.999999419773     
   5.84106400564619       4.986455503594596E-007   287.999999918418     
   5.87765501785245       7.150933789058268E-008   287.999999989928     
   5.91424603005872       8.980871383319679E-009   287.999999998908     
   5.95083704226499       9.877478945440749E-010   287.999999999896     
   5.98742805447126       9.513331577582287E-011   287.999999999991     
   6.02401906667752       8.023499020130137E-012   287.999999999999     
   6.06061007888379       5.925196856597370E-013   288.000000000000     
   6.09720109109006       3.826940934287260E-014   288.000000000000     
   6.13379210329633       2.171494321162593E-015   288.000000000000     
   6.17038311550260       1.121607147436254E-016   288.000000000000     
   6.20697412770886       0.000000000000000E+000   288.000000000000     
   6.24356513991513       0.000000000000000E+000   288.000000000000     
   6.28015615212139       0.000000000000000E+000   288.000000000000     
   6.31674716432766       0.000000000000000E+000   288.000000000000     
   6.35333817653393       0.000000000000000E+000   288.000000000000     
   6.38992918874020       0.000000000000000E+000   288.000000000000     
   6.42652020094646       0.000000000000000E+000   288.000000000000     
   6.46311121315273       0.000000000000000E+000   288.000000000000     
   6.49970222535899       0.000000000000000E+000   288.000000000000     
   6.53629323756526       0.000000000000000E+000   288.000000000000     
   6.57288424977153       0.000000000000000E+000   288.000000000000     
   6.60947526197780       0.000000000000000E+000   288.000000000000     
   6.64606627418407       0.000000000000000E+000   288.000000000000     
   6.68265728639033       0.000000000000000E+000   288.000000000000     
   6.71924829859660       0.000000000000000E+000   288.000000000000     
   6.75583931080286       0.000000000000000E+000   288.000000000000     
   6.79243032300914       0.000000000000000E+000   288.000000000000     
   6.82902133521540       0.000000000000000E+000   288.000000000000     
   6.86561234742167       0.000000000000000E+000   288.000000000000     
   6.90220335962793       0.000000000000000E+000   288.000000000000     
   6.93879437183420       0.000000000000000E+000   288.000000000000     
   6.97538538404046       0.000000000000000E+000   288.000000000000     
   7.01197639624674       0.000000000000000E+000   288.000000000000     
   7.04856740845300       0.000000000000000E+000   288.000000000000     
   7.08515842065927       0.000000000000000E+000   288.000000000000     
   7.12174943286553       0.000000000000000E+000   288.000000000000     
   7.15834044507180       0.000000000000000E+000   288.000000000000     
   7.19493145727807       0.000000000000000E+000   288.000000000000     
   7.23152246948434       0.000000000000000E+000   288.000000000000     
   7.26811348169061       0.000000000000000E+000   288.000000000000     
   7.30470449389687       0.000000000000000E+000   288.000000000000     
