 # The norm of the isolated state is (3144959.99271616,0.000000000000000E+000)
 # Based on (nx)(ny)(nz) I think there should be     3144960
           1 -5.394293707017876E-005 -1.977937498890543E-005
           2 -1.106155279233116E-005 -4.055748458592082E-006
           3 -7.765153327570434E-006 -2.847568082185373E-006
           4 -5.913899909688921E-004 -2.173975336005192E-004
           5  2.542187965652440E-006  9.335147907963169E-007
           6 -1.101406650466086E-003 -4.035412031146414E-004
           7 -5.084257615220982E-005 -1.873942087070827E-005
           8  7.290695065914557E-006  2.757659938983599E-006
           9 -1.898130713051390E-003 -6.951422006191991E-004
          10  1.012801934697344E-005  3.678956262415310E-006
          11 -2.978281719472146E-005 -1.072078663676224E-005
          12 -2.191899548520927E-005 -8.358811894636101E-006
          13  1.413545931333577E-006  4.799158095097035E-007
          14 -8.682773882712779E-005 -3.190362146256891E-005
          15  1.664716118227059E-004  6.487929524912754E-005
          16 -7.073876726450092E-005 -2.750340773686100E-005
          17 -1.881623630526932E-003 -6.901118631961163E-004
          18  6.583194455579224E-005  2.382266076226155E-005
          19  1.769572594113263E-005  5.679424575026528E-006
          20  5.989418048029290E-005  2.007303094517975E-005
          21 -1.528803771097104E-004 -5.888435521910982E-005
          22 -3.822248242279004E-005 -1.407300061476981E-005
          23 -1.522726457423797E-004 -5.578423714277851E-005
          24 -1.236464189995026E-004 -7.223786697270498E-005
          25  1.802431423561895E-004  6.474519591119325E-005
          26  1.009167017106542E-004  4.631911845167670E-005
          27  1.068228958661101E-004  3.635701733074301E-005
          28  1.113357330767581E-003  4.060261456447671E-004
          29  8.004730418808896E-004  2.390205541998593E-004
          30 -3.605979906876824E-004 -1.498538549435223E-004
          31  5.148716146235518E-004  1.836052044827856E-004
          32  1.451832486194586E-004  5.379687796063946E-005
          33  2.284092388078522E-005  8.924845165479111E-006
          34 -3.632308301540538E-004 -1.368657757846381E-004
          35 -3.666985783585089E-004 -1.353115281711213E-004
          36 -2.351479906128142E-004 -8.617528047667511E-005
          37  7.985913408454637E-005  2.915565288727810E-005
          38 -3.296168242873184E-004 -1.307786705554981E-004
          39 -4.668951401847314E-005 -1.714460201655594E-005
          40 -3.153592972729802E-006 -1.184163499086615E-006
          41  9.205392244504263E-005  3.398171198483074E-005
          42 -3.069834459588717E-004 -1.138393338946500E-004
          43 -3.352166658573654E-004 -1.229483166093412E-004
          44 -7.391401072099803E-005 -2.736311849829316E-005
          45  1.748533608909072E-003  6.501360358210379E-004
          46 -2.045322417123446E-004 -7.508770176335723E-005
          47  3.527813655884130E-004  1.197326013403666E-004
          48  1.303351025325535E-003  4.786383095468871E-004
          49 -1.143587172106470E-004 -4.314815149847549E-005
          50 -9.870593021529411E-005 -3.582739718523066E-005
          51  1.389842763806304E-004  5.207971350797683E-005
          52  1.966698288639883E-004  7.335385393429277E-005
          53  2.365691283747181E-004  8.448607294786412E-005
          54 -2.511378985657924E-004 -1.006801243455060E-004
          55 -3.037874213043002E-004 -1.092104325297941E-004
          56 -9.464839001856297E-005 -3.484484854004117E-005
          57  4.134736244332566E-004  1.489204264204648E-004
          58 -2.889836289441762E-004 -1.315812027516083E-004
          59 -1.259102935617506E-004 -4.717532270616213E-005
          60  1.880199342640450E-003  6.511275014433480E-004
          61  1.052963929595834E-003  4.022118097281977E-004
          62 -4.026289744990257E-004 -1.373689457976448E-004
          63  1.581390538661227E-003  8.694094689795720E-004
          64 -4.061663383919725E-003 -1.101396061296179E-003
          65  1.883854373256452E-003  6.413663264464288E-004
          66  1.170959033222400E-003  4.195414498992226E-004
          67  2.616647159396051E-003  9.232151595886190E-004
          68 -1.175005633747974E-003 -4.332943309127945E-004
          69 -8.960457506892938E-004 -3.169972465117382E-004
          70  2.372121631814534E-003  3.248137594299786E-004
          71  1.786659709343561E-003 -1.889599206003216E-003
          72  1.785432373891326E-003  8.244718020094708E-004
          73  3.302893040061189E-004  1.274704738033491E-004
          74  2.133897429861202E-004  5.337292826678301E-005
          75  2.959217515079399E-002  1.734805090307924E-002
          76 -1.824542352470805E-003 -9.150059591571181E-004
          77 -3.584847833204683E-003 -2.000739478379210E-003
          78 -4.421278657506137E-003 -2.065905990838678E-003
          79 -0.928792453465302      -0.368477202780748     
          80 -2.515987885169931E-003 -9.857782814919381E-004
          81 -1.203339251846780E-003 -5.237974418962002E-004
          82 -4.512287368119245E-003 -1.660387055752326E-003
          83  1.051925470397291E-003  3.835852719873695E-004
          84 -2.980139005556820E-004 -3.131701496286549E-005
          85  2.679071255255321E-003  9.733318840490031E-004
          86 -5.074319880429054E-004 -1.865434302037734E-004
          87  4.410258685035060E-004  1.636557166136150E-004
          88 -6.004446098864419E-004 -2.175943263415196E-004
          89 -3.690294260191256E-004 -1.351515469657533E-004
          90  4.979140848815720E-003  1.834224700556067E-003
          91 -1.092501259538954E-003 -4.014160149707375E-004
          92 -5.847101371994820E-004 -2.146877721047032E-004
          93  6.602695820300718E-004  2.443245010030710E-004
          94  9.477785335265378E-004  3.471118790903096E-004
          95 -2.727275770066824E-004 -9.976054595704184E-005
          96  1.040130215536109E-004  3.818079542815396E-005
          97  5.147755635222930E-004  1.886118913263755E-004
          98 -6.523308937457449E-005 -2.396623688877859E-005
          99  6.030612261000813E-005  2.212930520611445E-005
         100 -4.652610480882894E-003 -1.705265532009481E-003
         101 -2.031265946732967E-004 -7.690195264670802E-005
         102  5.884758326945487E-004  2.159162551816708E-004
         103 -2.819560968689632E-005 -1.034075932609977E-005
         104  5.084557608933884E-005  1.864944542118977E-005
         105  4.605787819607529E-004  1.689353467467305E-004
         106  2.052355167998047E-005  7.528213484291517E-006
         107  2.844533427780877E-004  1.043294981432423E-004
         108  3.162921031071014E-004  1.160218891027920E-004
         109 -1.521128355387486E-004 -5.576547855483768E-005
         110 -8.636731404920940E-004 -3.168200781993654E-004
         111 -1.071712938259431E-004 -3.930223266310416E-005
         112 -1.769167662991600E-003 -6.488843818394512E-004
         113 -1.454223667401932E-003 -5.334599486550693E-004
         114  3.422467571479090E-004  1.255353135588717E-004
         115  1.338222071740577E-004  4.907949417398238E-005
         116 -1.009210437099720E-003 -3.701717467231184E-004
         117 -3.849175170510417E-004 -1.411534360045436E-004
         118 -5.092786539939855E-005 -1.868547053477882E-005
         119 -1.100155668312349E-004 -4.035431406677842E-005
         120  5.233035741919491E-004  1.919558155081458E-004
         121 -1.749149164183400E-005 -6.395915564120153E-006
         122 -1.438633330661427E-003 -5.278230298592644E-004
         123  1.312019369336251E-003  4.811808218012320E-004
         124 -1.870590586188016E-003 -6.864555402359846E-004
         125 -4.816494422434853E-005 -1.766511578049570E-005
         126  7.121199054690893E-005  2.611901245583345E-005
         127 -1.599023464849699E-004 -5.862692706800201E-005
         128 -3.694964717353422E-004 -2.177469288024671E-004
         129  4.612272032870679E-004 -1.902639465162376E-004
         130 -2.012752383198871E-004  1.580069787475333E-005
         131  2.820243441976920E-004 -4.149050493709634E-004
         132 -4.123788333754580E-005 -6.978248134887295E-005
         133  1.817715245257511E-004 -5.501265671668876E-004
         134  7.785327494810233E-005 -1.827382345653180E-003
         135  4.914532475798614E-004 -4.114289534519651E-004
         136 -4.720625238624768E-004 -1.850534679076465E-004
         137 -1.027524539582300E-003 -1.392555530432196E-004
         138  8.429876432508887E-005  6.658131827837564E-005
         139 -1.106002895097194E-003 -2.589627596067013E-004
         140  2.248532256783181E-003 -2.091388990375207E-003
         141  1.721865483168641E-004 -6.248806771412300E-006
         142 -5.802332475082285E-004  1.638669417897182E-004
         143  5.944303446767940E-003  1.731926710773340E-003
         144 -3.206693506557008E-003 -1.371199882795048E-003
         145  1.765081273342239E-003 -2.934003339102121E-003
         146 -4.108185634543325E-006 -4.873035694741167E-005
         147  1.391609382705506E-004  1.022894551230549E-004
         148 -4.811061286576221E-004  2.693385019575354E-004
         149 -3.081404717917283E-005 -2.536233732716001E-005
         150 -3.316993025738318E-004  4.026975387725972E-004
         151  2.080725118245781E-004  3.946072936264432E-004
         152  4.552852942255388E-005  1.499276149338857E-004
         153 -1.169236587275149E-004  3.062427427269413E-004
         154  5.909846297244328E-005 -1.964678628187740E-004
         155  2.021124891432127E-004  1.496662758169516E-005
         156 -1.461102450447393E-005 -4.719825623560181E-007
         157 -4.836158580228743E-004  3.895887701763544E-004
         158  2.088783055008475E-005 -1.757300903181734E-004
         159 -9.515890728849997E-005  7.210205943302801E-005
         160  1.342999985193169E-006  2.190131053052316E-006
         161  2.885672295365485E-005  1.102383188633128E-005
         162 -4.260622627718217E-005  2.504326281388928E-005
         163  6.320212183357702E-005 -7.770070293297515E-005
         164  2.081374151317823E-004  7.921329265899209E-005
         165 -5.288629789819002E-005 -8.334369046315541E-005
         166 -1.427560490519259E-003  5.790877334481800E-004
         167 -1.406279364467888E-004 -1.395289891853659E-004
         168 -3.846333915901020E-004 -2.292349642535389E-004
         169  2.505883942021970E-006 -1.272503246596526E-005
         170 -3.395666548575152E-004  4.624834855144220E-005
         171  4.744227821208804E-005  3.531168445223409E-004
         172 -6.525307797919102E-005  1.673281123253874E-004
         173 -8.167968414552571E-005  1.250268043805581E-004
         174 -2.317625709618132E-004  9.036423856726068E-004
         175  4.885656192387108E-005  2.498237116075231E-004
         176  4.569254376023281E-005 -6.554958049764639E-005
         177  5.687616428884634E-005  7.421068101120573E-005
         178  2.742604992751741E-005 -9.721107122299688E-005
         179  2.973479741542322E-005  1.354612801722285E-004
         180 -1.804406824144217E-004  1.452979644957116E-004
