 # The norm of the isolated state is (3144959.99613575,0.000000000000000E+000)
 # Based on (nx)(ny)(nz) I think there should be     3144960
           1  0.138665652218530      -0.862792079582914     
           2  7.443433993519009E-002 -0.463176851053388     
           3  1.854996877633560E-002 -0.115409546639980     
           4 -3.709452434366306E-005  2.295991729395811E-004
           5 -4.810788520058196E-003  2.982745684201860E-002
           6 -5.474544232633573E-005  3.411754473175700E-004
           7 -1.397148245408743E-003  8.600958963190731E-003
           8  1.030731549007830E-004 -6.021965836153148E-004
           9 -5.664840498738941E-005  3.533578119204258E-004
          10 -3.889095159632531E-004  2.467454014344251E-003
          11 -1.788827462967359E-004  1.156712326664947E-003
          12 -1.012231826197155E-004  5.818834953882675E-004
          13 -7.253620130226713E-005  5.332052380129747E-004
          14  4.802342848455510E-004 -2.975226799769010E-003
          15 -7.936882115595988E-005  4.373308252037270E-004
          16 -1.935590623278502E-004  1.071454735949969E-003
          17  9.162570261191861E-006 -5.697251251812061E-005
          18  5.550723852512814E-004 -3.549649108366554E-003
          19  3.083653309881850E-005 -2.590689518614843E-004
          20  7.597123998622998E-004 -5.753477786462731E-003
          21 -3.178625621465897E-004  1.791916032733097E-003
          22 -1.131223675135379E-005  6.979045626960612E-005
          23  1.549450874096055E-004 -9.658519945676769E-004
          24  3.937217976908369E-004 -1.125008932144079E-003
          25  1.415181241409558E-004 -9.191693533194132E-004
          26  2.077874367599565E-004 -8.557369929638213E-004
          27  7.588658197112366E-004 -5.547151313340390E-003
          28 -1.053956833529186E-003  6.631866154837972E-003
          29  2.418711650930692E-003 -2.458190415314425E-002
          30 -2.915505087488512E-005  1.425371805285684E-004
          31  1.690375094870184E-004 -1.115032642839800E-003
          32 -4.380515191229878E-004  2.667488769285601E-003
          33  2.704182171931002E-004 -1.482659945884397E-003
          34  5.948125488931649E-004 -3.501737553289370E-003
          35 -1.494352992586660E-003  9.177785238225124E-003
          36 -1.928713879682701E-003  1.201403449263494E-002
          37  5.458021318280509E-004 -3.426555753682019E-003
          38  6.170418073874507E-005 -3.286005823328953E-004
          39  7.676454099889482E-004 -4.762284964776961E-003
          40  6.619210753447787E-005 -3.923944204513564E-004
          41  3.381433137100893E-004 -2.075027294148106E-003
          42 -1.324822712776786E-003  8.054640055745488E-003
          43 -1.760167218331536E-003  1.094554910539960E-002
          44 -6.792383908814656E-004  4.143991020336079E-003
          45 -2.090878167681112E-005  1.264377597632186E-004
          46  8.476582814837126E-005 -5.260915529407829E-004
          47  7.714775359878620E-005 -5.675454476955396E-004
          48  4.299541173243834E-005 -2.666742776025867E-004
          49 -9.850359330651617E-005  5.783568405709703E-004
          50  6.066485762264652E-005 -3.854900077389374E-004
          51 -1.581320010006587E-005  9.413393196096162E-005
          52  5.445897200503195E-005 -3.272446905586278E-004
          53 -5.521424919358359E-006  3.630685843537780E-005
          54  1.796779207700638E-005 -9.383869937250601E-005
          55  6.712686768189255E-006 -4.352606698938641E-005
          56 -4.467841956039667E-005  2.756974220124702E-004
          57  1.880291069069879E-006 -1.214403132479162E-005
          58 -6.260807697860973E-005  2.612875601650832E-004
          59 -4.060588791411953E-004  2.417806167300546E-003
          60 -2.170666957168340E-006  1.526100000001182E-005
          61  1.983229988544990E-003 -1.136361971448193E-002
          62  6.731777937235828E-004 -4.893670059408792E-003
          63  2.836466956479316E-004 -8.837313275615469E-004
          64  7.596697578964787E-005 -1.042981248110704E-003
          65  5.558907300863032E-005 -4.060604725198204E-004
          66  1.100502074532619E-004 -7.186845647142284E-004
          67  7.572800913986769E-005 -5.111043652092974E-004
          68  9.643965955124271E-006 -5.930883342491957E-005
          69  1.677592725691663E-004 -1.125686157881833E-003
          70 -7.878658262395597E-006 -1.405194288274989E-004
          71 -6.717069004962111E-006 -4.261119748875615E-006
          72 -1.623566929590099E-004  6.619804111205548E-004
          73  4.103662440495099E-006 -2.304418951650584E-005
          74  7.690112516617811E-005 -1.449652077047404E-003
          75  2.454785001871080E-005 -6.980718453005715E-005
          76  6.170837008589728E-005 -2.206037426866514E-004
          77  4.838616499216331E-005 -1.475124756523915E-004
          78 -7.412915761499951E-006  2.964577609801480E-005
          79 -3.945488011782796E-006  2.101407273551934E-005
          80 -6.417335048510563E-005  3.500171997280662E-004
          81 -3.660722626874789E-005  1.648965338479880E-004
          82  1.404794387141987E-005 -8.677309359879358E-005
          83  1.389572453957490E-005 -8.745418632299121E-005
          84  9.352811760265247E-007  1.067514259348675E-005
          85 -4.237307577147213E-005  2.687336051529631E-004
          86 -1.183128325505982E-005  7.322294209940481E-005
          87 -3.486570961091786E-005  2.116893907857557E-004
          88 -7.747934120497273E-005  4.939919960438207E-004
          89  2.059130084338565E-004 -1.284349062451599E-003
          90  5.895822809020549E-005 -3.633456817222097E-004
          91 -3.065857148117953E-004  1.899503393484135E-003
          92  1.190930359258745E-005 -7.389340810419313E-005
          93 -6.514209814287490E-005  3.977881319382409E-004
          94 -9.169035256294504E-004  5.718962116068850E-003
          95  9.707040907627626E-005 -6.069925395262683E-004
          96 -4.272032921674522E-004  2.652007199907440E-003
          97  1.642276480625408E-004 -1.023415230911086E-003
          98  3.318692116089267E-005 -2.056545785390501E-004
          99 -2.451667125477686E-004  1.523074791296898E-003
         100 -2.051186594347622E-005  1.277356409266393E-004
         101  6.041502178459915E-005 -3.523268272652342E-004
         102  4.874680696738032E-007 -3.028852606745988E-006
         103  9.617467876773960E-006 -5.981361400648059E-005
         104 -1.489352580925169E-005  9.260843346278672E-005
         105  1.667169486494023E-005 -1.036633370364478E-004
         106 -2.274295292332176E-005  1.413986690162328E-004
         107  3.010893122732720E-005 -1.872327008639765E-004
         108 -6.982385917918438E-006  4.340872701953779E-005
         109  5.576056811333330E-006 -3.470713463157751E-005
         110 -4.130426453310419E-005  2.567694509466764E-004
         111 -8.224583670863297E-006  5.115866026489053E-005
         112 -2.471995132050731E-005  1.537197356282672E-004
         113  4.194865808335441E-006 -2.607614838446386E-005
         114 -3.131018756742052E-005  1.946747149403605E-004
         115  2.362811298721352E-005 -1.469491858409132E-004
         116  3.460621897058811E-005 -2.151735720957176E-004
         117  2.819937460027896E-005 -1.754185722275174E-004
         118  6.052473474507193E-006 -3.761019875477294E-005
         119  1.813944445976565E-005 -1.127794362210095E-004
         120 -3.190460227028841E-005  1.983511677090086E-004
         121 -7.162381100954103E-005  4.482007703778614E-004
         122 -2.520301259905964E-005  1.566199826772237E-004
         123  2.195724690224829E-005 -1.365598887596243E-004
         124 -9.193270526572730E-006  5.710398969935764E-005
         125  4.700975742544287E-005 -2.923463283091786E-004
         126 -2.159748522148801E-005  1.342994457652012E-004
         127  4.381540768463221E-005 -2.726667080063996E-004
         128 -5.076596634452773E-005  1.433187514127756E-004
         129  5.172856949940968E-005  7.838177864890509E-005
         130  6.278275932108094E-005  2.264672133321809E-004
         131  1.543660741659533E-004  6.615847486497109E-005
         132 -2.748751740800449E-004  2.439343559365472E-004
         133  7.193977214982348E-004  9.188055357319677E-005
         134 -2.138202727364072E-004  3.220971946907000E-005
         135  4.097187793527983E-004  3.324814330782259E-004
         136  2.069027335033277E-005 -1.127367862482159E-004
         137  1.420764292193601E-005  2.472990618882313E-004
         138 -1.751857954013473E-004  3.394677696609458E-004
         139  3.320434424162753E-005 -8.755268174900838E-004
         140 -2.538355148053657E-004 -1.848801773488930E-004
         141 -6.467240211575180E-005 -2.782536407376285E-004
         142  6.198984375012403E-005  1.228436043228964E-004
         143 -5.936151519483627E-005  6.475336801599016E-004
         144 -1.888941765539948E-004  8.776957312597588E-004
         145  2.974159128812756E-004  1.083962752687395E-004
         146 -1.032944615014159E-005  2.927804355057079E-006
         147 -3.668910159216118E-004  7.757639041043132E-004
         148  7.423918039665311E-004  8.770234391035094E-004
         149  4.993875005546028E-004 -9.216384289477211E-004
         150 -4.454673090859356E-004 -2.415869001357999E-004
         151  2.897575123381645E-004 -2.330403691150312E-004
         152 -7.220316425112356E-004  3.822650448069896E-004
         153  4.089172955629189E-004  7.129966091741931E-005
         154 -7.088053650765466E-004 -7.119069499404551E-005
         155  2.526829728634317E-004  2.128220203420719E-003
         156  3.175901131407016E-004  1.970448626844422E-003
         157 -4.982381749094998E-004 -4.201481683498887E-004
         158 -9.075412292917285E-004  6.708466449050823E-005
         159  8.893473982861855E-004  7.963568397155575E-004
         160 -7.164877066611371E-004  6.570264587709400E-004
         161 -6.793148846365653E-006  3.891602080091097E-005
         162 -5.113443053008133E-004 -5.789358346812853E-004
         163  8.313243375850319E-004  4.442396708038585E-004
         164  2.567813937544680E-004 -1.482018404042746E-003
         165  1.420892051103800E-004 -1.343840561707518E-004
         166  3.995948077348085E-005  6.133044065569764E-005
         167 -6.985311564683808E-005  1.044669284002571E-004
         168  1.587085160221812E-004 -4.411164138136004E-004
         169  1.648200162605385E-004  3.863184479653547E-007
         170 -3.556405931241730E-005 -1.046965642083673E-004
         171  5.251037564286350E-005 -1.773103868621703E-005
         172 -2.573300890165536E-005 -4.675629155182775E-006
         173  1.696948249121468E-004  6.907994391750059E-005
         174 -4.671954008699549E-004 -2.758322161935954E-005
         175  9.161454595229950E-004 -3.714765427568419E-004
         176  1.878113915071104E-004  8.312065407445537E-005
         177  9.329356590594183E-005 -1.053498184992959E-004
         178 -2.077573347575282E-004 -1.726039816548600E-005
         179 -1.732963649142066E-004  7.494399580027738E-005
         180  1.549207423265205E-004  1.306934768848407E-004
