 # The norm of the isolated state is (3144959.99901697,0.000000000000000E+000)
 # Based on (nx)(ny)(nz) I think there should be     3144960
           1 -5.358370323671021E-007  9.323832761229279E-005
           2 -1.332909690555851E-007  2.324703869476941E-005
           3  8.125938849361547E-008 -1.411584590055940E-005
           4 -4.215352601087779E-006  6.416944795562078E-004
           5 -2.280292147004306E-008  3.602678618567436E-006
           6 -9.757371728026011E-006  1.775083832681046E-003
           7 -1.924084721172840E-007  2.586582119320680E-005
           8 -6.817348634837379E-006  4.284314214041899E-004
           9 -1.868540652635654E-005  3.490002690946438E-003
          10  2.194311505574868E-007 -8.066939060533899E-005
          11 -8.309042368215650E-008 -4.714205370407748E-004
          12 -6.511718805147630E-006  3.495622212705961E-004
          13 -7.745127880020573E-007 -4.208772432450668E-005
          14 -8.075777550383752E-008  1.253045554356204E-005
          15 -3.747099044795484E-005  1.445198328915148E-003
          16  2.949050748706361E-005 -1.173980800079595E-003
          17 -1.796806337291762E-005  3.082267507383400E-003
          18  6.803447051619475E-007 -4.507662742947044E-004
          19 -8.824485605033631E-006 -2.510379251196554E-004
          20 -1.617461339634863E-006 -7.244284751669544E-005
          21  5.113244453861449E-005 -2.328865189701556E-003
          22  1.826792187632700E-005 -2.579183706541574E-003
          23 -4.858590714955659E-006  8.899142572146575E-004
          24 -5.176336217822093E-004  2.796301794600498E-003
          25 -5.827915347306432E-007 -6.898329955468058E-004
          26  1.302608275627011E-004 -1.536079375719957E-003
          27 -2.368579556022702E-006 -1.341905528124308E-004
          28  5.884977617087218E-006 -1.472229672710135E-003
          29 -5.632261797784447E-005 -1.013238160203094E-003
          30 -3.141671391344298E-005  6.519140590085299E-004
          31 -1.011762072342926E-005 -3.206558087310677E-003
          32  3.914732666133883E-005 -4.274750126458410E-003
          33 -3.688422497404369E-006  1.376163685727905E-004
          34 -6.216957229721435E-005  4.244002512614722E-003
          35 -7.060240700478651E-006  9.053389243287670E-004
          36 -6.534650654348388E-006  1.172751778287303E-003
          37  4.654497068648323E-006 -1.069877833535068E-003
          38  1.151786347457139E-004 -3.597107935245497E-003
          39 -1.464182447465032E-006  2.357289689130675E-004
          40  7.236001120505237E-007 -5.357436568762616E-005
          41  7.038732059048552E-007 -8.878623117873138E-005
          42 -2.098095458816445E-006  2.229393143007424E-004
          43 -4.471292008369030E-006  7.659207716403993E-004
          44 -1.115479411833031E-007  1.259217878689040E-005
          45  7.024795689522146E-005 -6.835365168072086E-003
          46 -2.946509937209844E-005  4.796867356974408E-003
          47 -9.238547076279370E-005 -4.992146241783867E-003
          48  7.538599971323956E-006 -1.206894310825058E-003
          49 -3.239686818422156E-006  2.146861132231086E-004
          50 -1.282751900216713E-006  5.167628518197708E-004
          51  4.567690319480732E-006 -3.562607153543188E-004
          52  1.091418152087219E-006 -9.660700436086798E-005
          53  2.027191853322412E-007  7.541220056043352E-005
          54 -3.471664832342614E-005  9.754000145677827E-004
          55 -2.926080710937919E-009 -4.950720541535690E-006
          56  1.050658409887625E-006 -1.490040141661338E-004
          57  3.184617431006554E-009 -7.735763927351682E-004
          58 -6.997352028463997E-005  8.559157057631239E-004
          59  1.456299985238630E-005 -1.139080373475297E-003
          60  3.657789793522228E-005  2.968960749708214E-003
          61  2.132927621596974E-005 -1.112187001513081E-003
          62  4.334324648217668E-006  2.563628584626968E-004
          63 -4.748073954467913E-006  2.999940197659642E-005
          64  3.119139494120153E-004  3.847119166743652E-003
          65 -2.168486137503539E-005 -1.235091352396991E-003
          66 -6.716245492634592E-007 -4.042658171339545E-004
          67 -1.607379272932726E-005 -2.467919484255975E-003
          68  4.697366495124613E-006 -6.191161765976163E-004
          69  7.891544566574839E-006  1.392130561208356E-003
          70 -1.736404979324322E-004 -8.161986507661651E-004
          71 -1.903479802325058E-003 -8.311689311009083E-004
          72  8.517230959780996E-005 -9.776122960897071E-004
          73  6.746816352333017E-006 -2.981845970206454E-004
          74 -2.313397628540318E-005 -2.291603259375226E-004
          75  2.054690217981003E-003 -1.100758666692873E-002
          76 -2.281924858848618E-004  1.906181663726893E-003
          77 -1.665658174873890E-004  1.010618410116873E-003
          78 -7.449290627562575E-004  8.126007045051606E-003
          79 -2.536306424364157E-004  7.928043921105608E-003
          80  4.250483756871325E-005 -1.532899877388342E-003
          81  1.138077560248256E-004 -1.752478551874452E-003
          82  2.346912723838336E-005 -3.405143314942886E-003
          83  2.274368562645898E-007 -5.737617734577548E-005
          84 -3.085339960186832E-004 -1.255343763205612E-003
          85 -1.104110988846737E-005  3.970081218557573E-003
          86  1.009840857581205E-005 -1.533303135778716E-003
          87 -6.986422139043099E-006  7.256037286248964E-004
          88  1.984723110631415E-006 -1.008787121801653E-003
          89 -3.224342501655266E-006  6.011547623800111E-004
          90 -1.554636612245863E-005  2.142923037064459E-003
          91  2.838032179819736E-005 -4.424150256318157E-003
          92  3.709267246555666E-005 -5.995294616621346E-003
          93 -5.356247693962677E-006  6.148158532902359E-004
          94 -1.131082936497168E-005  2.108054706462544E-003
          95  5.886789618061716E-006 -1.184655416949237E-003
          96  2.706267179927173E-006 -4.431741258010898E-004
          97 -1.214092465968185E-005  2.205277880504355E-003
          98 -3.316180968736932E-006  5.194048193293977E-004
          99 -7.300181473934762E-006  1.218522617855512E-003
         100  1.359573627213587E-004 -2.422340052452466E-002
         101 -7.430834105765721E-007  4.582514294466627E-005
         102 -9.740376717867813E-005  1.635371836161074E-002
         103  4.537063066346534E-006 -7.798580954242253E-004
         104 -1.580082644175314E-005  2.701499266233539E-003
         105 -6.907474513135069E-007  1.180413219434088E-004
         106 -7.413954978374180E-006  1.263290123354323E-003
         107 -6.145936090751474E-006  1.053046697515187E-003
         108 -1.218955455421803E-005  2.073835633081493E-003
         109  4.630930426576503E-006 -8.138399509614629E-004
         110  3.507527784306497E-005 -5.958587958525063E-003
         111  4.407267701419086E-006 -7.606798842329280E-004
         112  7.180433911491199E-005 -1.229915070611532E-002
         113  4.910440938748342E-005 -8.334142126926162E-003
         114 -1.961165197408879E-005  3.347041650035242E-003
         115 -4.582394992437452E-005  7.875546083088865E-003
         116  6.322558498621549E-005 -1.079775440966723E-002
         117  7.322930822576939E-006 -1.266361191792686E-003
         118 -4.818137475838653E-006  8.097754461085643E-004
         119  2.231555548003486E-005 -3.804162909763842E-003
         120 -4.122774022300387E-005  7.017632057243298E-003
         121 -1.413050845874203E-006  2.910723250009998E-004
         122  1.006135616033472E-004 -1.693171595637824E-002
         123 -7.667289466808530E-005  1.318396397561786E-002
         124  1.327377159706167E-004 -2.207373032072136E-002
         125 -9.749703303538155E-006  1.672765971554949E-003
         126 -6.597282830277386E-005  1.129252316187601E-002
         127 -5.226411783398108E-005  9.133868245485621E-003
         128  9.598243617636841E-004 -5.077815220412746E-003
         129  8.012839529657106E-004  8.829438436762191E-004
         130 -7.542001548860980E-004 -1.670686935731692E-003
         131 -8.415781885895212E-004 -2.160491391804502E-004
         132  1.909987966844142E-003 -2.307806911523672E-003
         133  1.695867587070528E-002 -4.508179093638836E-004
         134  5.655703626633304E-002 -1.768887056574601E-002
         135  1.342860423069647E-002  7.833777791305471E-003
         136  2.182215590960810E-004 -7.819864107902353E-003
         137 -8.037152511873712E-003 -3.752443288982014E-002
         138 -4.777133789231094E-003  1.428119156087753E-002
         139 -8.232005684428592E-003 -7.083086832782400E-002
         140  0.180932696975575       9.325234244318965E-002
         141 -3.579984490297802E-003 -8.911951675865849E-003
         142 -4.927919845386348E-002 -6.888901738097049E-002
         143  3.875059177539359E-002  0.622292214009974     
         144  2.523262643688019E-002 -0.431764388317765     
         145  0.561692330319120       0.111459406387707     
         146  2.310853743763350E-003 -1.059265575692736E-003
         147 -1.248059278302979E-002  4.210596272899001E-002
         148 -7.533931678329570E-002 -6.537915626183811E-002
         149 -2.148734777768871E-002  6.017781445197514E-002
         150 -7.118562034806497E-002 -2.544728699188143E-002
         151 -3.643213551873885E-002  3.991150195385258E-002
         152 -1.321385602725213E-002  9.849010328927432E-003
         153 -1.529142094052914E-002 -2.908529151587239E-004
         154  1.921486085999768E-002 -1.029100299121173E-003
         155  5.284904186019836E-003  1.896402715617969E-002
         156 -3.834799452085724E-003 -1.183243813161934E-002
         157  2.775155882755630E-002  1.689892583137920E-002
         158 -8.690928649479372E-003  2.011040021061292E-003
         159 -1.170954631151398E-002 -7.616308276920124E-003
         160 -6.842811970699316E-003  8.548022395590459E-003
         161 -1.061728375071013E-004  5.525934907190383E-003
         162 -5.179290122444636E-003 -4.307017353341628E-003
         163 -2.621245244612072E-003 -9.188651250958908E-004
         164  2.794847864506071E-004 -1.556570803582820E-002
         165 -3.309283851858559E-003  4.267016066550483E-003
         166  3.347132492639697E-002  3.732133183862846E-002
         167 -2.648815327396975E-003  5.688690875615565E-003
         168 -1.345289059383075E-003  6.929300021753822E-003
         169 -3.817005615983932E-003  5.818218005729649E-004
         170  1.647159684375295E-003  3.155677395418176E-003
         171  6.211887245828844E-003 -3.228090745251118E-003
         172  7.831503379098754E-003  2.046791749639889E-004
         173 -4.681796432629463E-003 -1.110982515302622E-003
         174  1.749627716204628E-002 -1.660753349676467E-003
         175  3.461532638436085E-003 -2.069434100432366E-003
         176  4.542909545741564E-003  1.223381436371573E-003
         177 -5.742018002007633E-003  8.935272509204655E-003
         178 -2.679041018717440E-003  1.897761490919183E-004
         179  1.748127641456113E-003 -1.100331744651776E-003
         180  3.945028913177776E-003  2.403369433617936E-003
