2.40500084848 3.83380352663e-05
2.10601834934 1.21521085833e-05
-7.66896015792 4.71983703987e-09
-7.31211436046 6.43757874459e-08
1.55300933206 2.9369780646e-08
1.50900655461 9.42587051426e-06
1.46301697903 1.29515835364e-06
-7.16400525301 3.00402851347e-07
-7.14901032696 2.34232372097e-08
-6.92205194152 5.38439517702e-09
-6.80725727185 1.32722683491e-07
-6.679865096 1.27193041946e-07
-7.13101691236 1.1109105102e-07
1.18000258337 1.16700933432e-08
-6.5300301157 1.3555003896e-07
1.10500469418 1.07337547688e-06
-6.48000267677 1.92647319675e-06
1.08600029497 2.56786936584e-07
1.02500120192 4.10476462221e-07
-6.37721430498 1.1135689307e-08
0.966001223811 3.34582580699e-06
-7.131 3.82292907129e-08
0.886002823296 3.35722436672e-07
-6.35002522305 4.85958807639e-15
0.738021060259 6.83574321107e-09
-5.86015566098 7.02343428133e-09
0.641003058343 2.51527480737e-07
0.645001358887 4.08978745806e-08
0.547001405125 5.83952211327e-09
0.435000365874 2.67189512411e-09
0.420001471502 3.97275598319e-06
0.403000370183 1.95345660838e-06
0.322000381801 2.3474386648e-06
0.202010008405 4.04906300681e-10
-5.72702185351 1.36177825608e-07
-5.73403417254 4.92691806791e-08
-5.75700483249 3.48420150597e-06
-0.0489781558156 3.13206764953e-07
-0.116988514617 1.66650747741e-07
-0.0929927192756 1.3460208355e-08
-0.0979959036859 3.04620937726e-09
-5.39370809214 1.36205970456e-08
-5.36013562588 1.28076048707e-08
-0.172988205003 1.15918472497e-06
-0.298997990689 2.05074934298e-08
-0.65499938653 1.13789898652e-07
-0.418965745193 1.34744085523e-07
-5.29245032819 1.29038127556e-08
-0.65099755042 2.59716240576e-08
-0.584997648215 8.47693951242e-07
-0.460991238798 2.39363654933e-06
-0.483980061217 1.31377495981e-08
-1.25291972841 4.89591078505e-08
-0.965980898376 2.42840221743e-07
-1.01199286788 9.1022587652e-08
-0.980999227718 4.64339364502e-10
-1.3718055546 2.43622089164e-05
-1.09199915129 8.73187781787e-10
-0.478997781334 3.55561688773e-06
-1.50503738301 5.80684995153e-10
-5.14504432087 1.5775671318e-06
-1.71024561935 3.05504178623e-07
-1.66293992488 3.28547586945e-09
-5.12501875355 6.7622952629e-08
-1.93785344181 9.39134445982e-08
-1.99031015428 6.82377667412e-08
-4.78000421511 3.96245399591e-06
-4.93428505356 4.94889602052e-08
-4.92529375208 8.64993385694e-08
-2.11745268741 2.91078949132e-07
-2.13681098981 1.22012672016e-06
-2.15465050132 3.47207008679e-09
-4.92001535228 1.02671990622e-07
-2.3269848322 5.53437675797e-07
-4.90106402703 1.15072651895e-08
-2.36354400405 2.86210595378e-05
-4.88906206688 2.10348119561e-08
-2.48858637851 7.18352261033e-08
-4.88400944944 1.98275232224e-07
-4.88106275946 1.02720826873e-07
-3.07230156154 6.55954799363e-06
-2.6677442592 5.15014499661e-07
-2.82691445959 1.04853224493e-07
-2.68585418718 1.4034741835e-07
-2.87654048662 2.07289254837e-05
-2.86525830677 4.22873495943e-06
-4.20893188561 1.0245851704e-06
-2.90901489125 1.77078717927e-06
-2.72232672738 8.13113357157e-06
-2.70778201189 3.58710908714e-07
-4.09300052636 0.998431343092
-3.66000650465 2.38352639024e-05
-3.67801825772 4.17142213018e-06
-3.69403505755 1.7018671158e-05
-3.71300970305 0.00117678204737
-3.98443242716 2.86344045178e-06
-3.97381631749 1.74622826694e-05
-3.80601034813 1.29675860003e-07
-3.95408459829 6.37045727931e-07
-3.93617868012 8.59556918898e-06
-3.82848086537 8.87806035783e-07
-3.83098691348 3.30854198873e-06
-3.95028449764 9.3093815725e-07
-3.94415982645 3.07082297343e-06
-3.84401944307 5.8822730783e-06
-3.91500285723 1.56063633202e-06
-3.83700056242 6.76479290988e-06
-22.585 3.30106413471e-09
-23.427 1.38807045737e-10
-20.327 6.84062501834e-11
-18.218 3.97003809034e-07
-17.127 7.33416951734e-12
-14.539 1.3759421123e-06
-13.794 2.93613344436e-09
-10.577 6.07589228832e-11
-11.771 4.08612288291e-06
-11.773 1.16111495073e-10
-9.603 1.00195146617e-09
-9.543 5.50312099371e-10
-9.521 2.22843128421e-12
-10.8 8.55689729226e-09
-9.193 3.19221204949e-08
-9.175 5.76041063124e-09
-10.764 4.01676187068e-06
-8.559 4.90136408979e-09
-8.524 3.45394580087e-10
-8.249 3.99023942673e-09
-8.205 2.68397769948e-08
-8.186 1.65900750886e-09
-8.132 2.6298839755e-08
-8.123 2.05067463562e-08
-8.116 3.667953076e-08
-8.105 1.23296414183e-08
-9.384 1.27329637904e-08
-8.595 1.40442177692e-06
-7.941 6.97887916108e-07
-8.478 1.52487088729e-07
-7.229 1.52777057026e-07
-1.205 3.92923634917e-07
-1.067 2.93307442237e-09
0.587 2.90058769888e-08
0.564 1.83941367628e-07
0.589 2.48930902396e-07
1.588 3.63522996125e-07
2.421 1.17238874954e-05
1.837 2.39152487743e-09
1.895 2.98288993697e-08
1.894 3.04006335669e-07
1.951 1.59275365826e-09
1.959 2.72189735061e-07
1.985 1.9900908636e-07
2.059 2.45511367111e-08
2.033 1.07455759443e-07
2.062 4.20922494463e-08
2.321 4.10734582088e-08
2.867 2.1370480461e-10
2.323 3.85663707979e-07
2.373 3.13173661083e-08
2.53 1.42539246108e-08
2.536 6.60032298977e-12
2.43 9.54235329082e-10
2.484 2.44245552995e-09
2.556 1.00319074405e-08
2.766 4.95959293116e-08
2.725 9.74313124539e-09
2.837 2.37327155712e-06
2.893 3.92445553324e-08
2.935 2.00491514762e-07
3.062 1.68205905591e-10
3.083 1.17444422835e-07
3.086 1.26942275647e-07
3.114 3.22566613601e-08
3.194 2.23032726157e-08
3.223 8.70283450483e-07
3.406 6.47988505244e-08
3.393 6.3845560587e-09
3.454 8.74212324036e-09
3.486 1.02021805829e-08
3.48 1.92339166032e-08
3.498 5.36703383568e-08
