1.36754113111e-05
1.56209981817e-09
2.01545679193e-05
1.68557297273e-09
3.07108114223e-05
1.82059843586e-09
4.87433912794e-05
1.96842959324e-09
8.14535116611e-05
0.000145666937795
0.000286359244402
2.13047522599e-09
2.30832115478e-09
2.50375532804e-09
0.000650077905624
2.71879689413e-09
0.00189866786792
0.00986067939792
2.95572995052e-09
3.21714279997e-09
3.50597371336e-09
0.250817321053
0.193550172885
0.0146050093611
3.82556438959e-09
0.00567627701503
4.17972255723e-09
0.00372531373742
4.57279544372e-09
5.00975621404e-09
0.00313364908017
0.00307332811466
5.49630591764e-09
0.00336309059361
6.03899403722e-09
0.00400999919935
6.64536140989e-09
0.00502062361079
7.32411013799e-09
0.00502071420335
8.08530615782e-09
8.94062145092e-09
0.00401021234441
9.90362453253e-09
0.00336340657578
1.09901299315e-08
0.00307378065761
1.22186200118e-08
0.00313434854916
0.00372659751472
1.36107558173e-08
0.00567954549854
1.51919978979e-08
1.69923635282e-08
0.0146222867937
0.194007332829
0.250294872541
1.90473537641e-08
2.13990928807e-08
0.0098443322283
2.40977345672e-08
0.00189688219276
2.72032046883e-08
0.000649627833256
3.07873707561e-08
0.000286194529973
3.49367550687e-08
0.000145592028007
3.97559441552e-08
8.14139564051e-05
4.53718948736e-08
5.19394017494e-08
4.87199031124e-05
3.06952893811e-05
6.87313151886e-08
5.96480772038e-08
2.01429863783e-05
1.36647357156e-05
7.9477872225e-08
9.2246926488e-08
1.25765914841e-07
1.07487792386e-07
1.47797403339e-07
6.80597502997e-06
4.96025338762e-06
3.68002640808e-06
4.33872333763e-07
3.57314722326e-07
2.07031941088e-07
2.46924288156e-07
1.74495279727e-07
2.11979875453e-06
1.64068716311e-06
8.11189407318e-07
2.77350614743e-06
5.30459239559e-07
6.53359183299e-07
1.01591680982e-06
9.53066491252e-06
1.28438953724e-06
2.96150866067e-07
