  -9.99318801089918       1.693182462588530E-009  1.693182462588530E-009
  -9.97956403269755       3.412009223462534E-010  2.034383384934783E-009
  -9.96594005449591       1.308481615800230E-011  2.047468201092785E-009
  -9.95231607629428       1.011640533729264E-013  2.047569365146158E-009
  -9.93869209809264       3.165269968699163E-012  2.050734635114857E-009
  -9.92506811989101       1.474269057125145E-010  2.198161540827371E-009
  -9.91144414168937       1.275870281129976E-009  3.474031821957347E-009
  -9.89782016348774       2.191645192719558E-009  5.665677014676905E-009
  -9.88419618528610       7.647458565795535E-010  6.430422871256458E-009
  -9.87057220708447       5.196858643366133E-011  6.482391457690120E-009
  -9.85694822888283       6.432952536710415E-013  6.483034752943791E-009
  -9.84332425068120       6.276858803321155E-013  6.483662438824123E-009
  -9.82970027247956       5.249055383757902E-011  6.536152992661702E-009
  -9.81607629427793       7.986778356155808E-010  7.334830828277282E-009
  -9.80245231607629       2.363609855384611E-009  9.698440683661894E-009
  -9.78882833787466       1.420546115807054E-009  1.111898679946895E-008
  -9.77520435967302       1.696395436340940E-010  1.128862634310304E-008
  -9.76158038147139       3.769374493109476E-012  1.129239571759615E-008
  -9.74795640326975       1.158396511689308E-013  1.129251155724732E-008
  -9.73433242506812       1.535834492980022E-011  1.130786990217712E-008
  -9.72070844686649       4.142967415764667E-010  1.172216664375359E-008
  -9.70708446866485       2.123830890705792E-009  1.384599753445938E-008
  -9.69346049046321       2.192439613715622E-009  1.603843714817500E-008
  -9.67983651226158       4.563936181108522E-010  1.649483076628585E-008
  -9.66621253405994       1.810551795357821E-011  1.651293628423943E-008
  -9.65258855585831       1.413024225674641E-013  1.651307758666200E-008
  -9.63896457765668       3.683989255803516E-012  1.651676157591780E-008
  -9.62534059945504       1.775833604528654E-010  1.669434493637066E-008
  -9.61171662125341       1.588354066319671E-009  1.828269900269033E-008
  -9.59809264305177       2.816827171063879E-009  2.109952617375421E-008
  -9.58446866485014       1.014965964476154E-009  2.211449213823037E-008
  -9.57084468664850       7.131458956613478E-011  2.218580672779650E-008
  -9.55722070844687       9.135608726745634E-013  2.218672028866917E-008
  -9.54359673024523       7.248149824255873E-013  2.218744510365160E-008
  -9.52997275204360       6.271944763049533E-011  2.225016455128209E-008
  -9.51634877384196       9.867815087368996E-010  2.323694606001899E-008
  -9.50272479564033       3.015684424773705E-009  2.625263048479270E-008
  -9.48910081743869       1.871138297190970E-009  2.812376878198367E-008
  -9.47547683923706       2.309236359504818E-010  2.835469241793415E-008
  -9.46185286103542       5.310159578236060E-012  2.836000257751239E-008
  -9.44822888283379       1.371711684332705E-013  2.836013974868082E-008
  -9.43460490463215       1.820278528006044E-011  2.837834253396088E-008
  -9.42098092643052       5.079756692580247E-010  2.888631820321891E-008
  -9.40735694822888       2.690162667237572E-009  3.157648087045648E-008
  -9.39373297002725       2.866783517763537E-009  3.444326438822001E-008
  -9.38010899182561       6.164552676891203E-010  3.505971965590913E-008
  -9.36648501362398       2.529733530348227E-011  3.508501699121262E-008
  -9.35286103542234       2.003087051569154E-013  3.508521729991778E-008
  -9.33923705722071       4.330872837014644E-012  3.508954817275479E-008
  -9.32561307901907       2.160663022967327E-010  3.530561447505152E-008
  -9.31198910081744       1.997375199474439E-009  3.730298967452596E-008
  -9.29836512261580       3.657011818950649E-009  4.096000149347661E-008
  -9.28474114441417       1.360674064499055E-009  4.232067555797566E-008
  -9.27111716621253       9.884882249714063E-011  4.241952438047280E-008
  -9.25749318801090       1.310542289647113E-012  4.242083492276244E-008
  -9.24386920980926       8.457965938844432E-013  4.242168071935633E-008
  -9.23024523160763       7.572089848092435E-011  4.249740161783725E-008
  -9.21662125340599       1.231899712162869E-009  4.372930133000012E-008
  -9.20299727520436       3.887848987638532E-009  4.761715031763865E-008
  -9.18937329700272       2.490381098585683E-009  5.010753141622433E-008
  -9.17574931880109       3.176192509017186E-010  5.042515066712605E-008
  -9.16212534059945       7.558444605174636E-012  5.043270911173122E-008
  -9.14850136239782       1.654429845374543E-013  5.043287455471576E-008
  -9.13487738419619       2.180538158362124E-011  5.045467993629938E-008
  -9.12125340599455       6.295331338527322E-010  5.108421307015212E-008
  -9.10762942779292       3.444232353811722E-009  5.452844542396384E-008
  -9.09400544959128       3.788941777079203E-009  5.831738720104304E-008
  -9.08038147138964       8.416058022310936E-010  5.915899300327413E-008
  -9.06675749318801       3.572494243845863E-011  5.919471794571259E-008
  -9.05313351498638       2.881916750939115E-013  5.919500613738768E-008
  -9.03950953678474       5.147701784997477E-012  5.920015383917268E-008
  -9.02588555858311       2.658043381229987E-010  5.946595817729568E-008
  -9.01226158038147       2.539654011496589E-009  6.200561218879226E-008
  -8.99863760217984       4.800649459850165E-009  6.680626164864243E-008
  -8.98501362397820       1.844405730491430E-009  6.865066737913386E-008
  -8.97138964577657       1.385324991887790E-010  6.878919987832264E-008
  -8.95776566757493       1.900962337546152E-012  6.879110084066018E-008
  -8.94414168937330       9.984560930158701E-013  6.879209929675319E-008
  -8.93051771117166       9.246404556650265E-011  6.888456334231970E-008
  -8.91689373297003       1.555556483032557E-009  7.044011982535226E-008
  -8.90326975476839       5.069878418915455E-009  7.550999824426772E-008
  -8.88964577656676       3.352637615346258E-009  7.886263585961398E-008
  -8.87602179836512       4.418694050680068E-010  7.930450526468198E-008
  -8.86239782016349       1.088166107961079E-011  7.931538692576159E-008
  -8.84877384196185       2.037254917969043E-013  7.931559065125339E-008
  -8.83514986376022       2.642983845339008E-011  7.934202048970678E-008
  -8.82152588555858       7.894252943186995E-010  8.013144578402548E-008
  -8.80790190735695       4.462047628181228E-009  8.459349341220670E-008
  -8.79427792915531       5.067217612524842E-009  8.966071102473154E-008
  -8.78065395095368       1.162609730293625E-009  9.082332075502517E-008
  -8.76702997275204       5.104745535174806E-011  9.087436821037692E-008
  -8.75340599455041       4.209420644142590E-013  9.087478915244134E-008
  -8.73978201634877       6.193382932339798E-012  9.088098253537368E-008
  -8.72615803814714       3.309958981616043E-010  9.121197843353528E-008
  -8.71253405994550       3.268792153486552E-009  9.448077058702183E-008
  -8.69891008174387       6.379352471428185E-009  1.008601230584500E-007
  -8.68528610354223       2.530779074861673E-009  1.033909021333117E-007
  -8.67166212534060       1.965235306675797E-010  1.035874256639793E-007
  -8.65803814713896       2.791216793688409E-012  1.035902168807730E-007
  -8.64441416893733       1.193878152824157E-012  1.035914107589258E-007
  -8.63079019073569       1.143386898461898E-010  1.037057494487720E-007
  -8.61716621253406       1.989169721169772E-009  1.056949191699418E-007
  -8.60354223433242       6.695300350922847E-009  1.123902195208646E-007
  -8.58991825613079       4.570757968097381E-009  1.169609774889620E-007
  -8.57629427792915       6.225148299808343E-010  1.175834923189428E-007
  -8.56267029972752       1.586410670851844E-011  1.175993564256514E-007
  -8.54904632152589       2.567817981028366E-013  1.175996132074495E-007
  -8.53542234332425       3.245457117911493E-011  1.176320677786286E-007
  -8.52179836512262       1.002918690539357E-009  1.186349864691679E-007
  -8.50817438692098       5.856651435448646E-009  1.244916379046166E-007
  -8.49455040871934       6.865869847093824E-009  1.313575077517104E-007
  -8.48092643051771       1.627133441365099E-009  1.329846411930755E-007
  -8.46730245231608       7.389725161151996E-011  1.330585384446870E-007
  -8.45367847411444       6.245702655806162E-013  1.330591630149526E-007
  -8.44005449591281       7.552537679328070E-012  1.330667155526319E-007
  -8.42643051771117       4.177744827937841E-010  1.334844900354257E-007
  -8.41280653950954       4.264529655394703E-009  1.377490196908204E-007
  -8.39918256130790       8.592699210759002E-009  1.463417189015794E-007
  -8.38555858310627       3.519824714463543E-009  1.498615436160430E-007
  -8.37193460490463       2.825750075669451E-010  1.501441186236099E-007
  -8.35831062670300       4.154122237561010E-012  1.501482727458475E-007
  -8.34468664850136       1.448079114457021E-012  1.501497208249619E-007
  -8.33106267029973       1.433770590312004E-010  1.502930978839931E-007
  -8.31743869209809       2.579505175956487E-009  1.528726030599496E-007
  -8.30381471389646       8.966644935578429E-009  1.618392479955280E-007
  -8.29019073569482       6.319371592101479E-009  1.681586195876295E-007
  -8.27656675749319       8.893596113685451E-010  1.690479791989981E-007
  -8.26294277929155       2.345291343945281E-011  1.690714321124375E-007
  -8.24931880108992       3.321798425788183E-013  1.690717642922801E-007
  -8.23569482288828       4.043361801391413E-011  1.691121979102940E-007
  -8.22207084468665       1.292758361240073E-009  1.704049562715341E-007
  -8.20844686648501       7.799607176277202E-009  1.782045634478113E-007
  -8.19482288828338       9.439107943252964E-009  1.876436713910642E-007
  -8.18119891008174       2.310529212573370E-009  1.899542006036376E-007
  -8.16757493188011       1.085348240517455E-010  1.900627354276893E-007
  -8.15395095367847       9.422314594616702E-013  1.900636776591488E-007
  -8.14032697547684       9.349273648172119E-012  1.900730269327969E-007
  -8.12670299727520       5.352896326516732E-010  1.906083165654486E-007
  -8.11307901907357       5.648002820639483E-009  1.962563193860881E-007
  -8.09945504087193       1.174973500186504E-008  2.080060543879531E-007
  -8.08583106267030       4.969653131589541E-009  2.129757075195427E-007
  -8.07220708446866       4.124567410383596E-010  2.133881642605810E-007
  -8.05858310626703       6.276180479203657E-012  2.133944404410602E-007
  -8.04495912806540       1.784717015880075E-012  2.133962251580761E-007
  -8.03133514986376       1.826155994231272E-010  2.135788407574992E-007
  -8.01771117166212       3.397699825715282E-009  2.169765405832145E-007
  -8.00408719346049       1.219783969757305E-008  2.291743802807876E-007
  -7.99046321525885       8.874614088564767E-009  2.380489943693523E-007
  -7.97683923705722       1.290573997380426E-009  2.393395683667328E-007
  -7.96321525885559       3.521635603000064E-011  2.393747847227628E-007
  -7.94959128065395       4.422576921430602E-013  2.393752269804549E-007
  -7.93596730245232       5.119645346397104E-011  2.394264234339189E-007
  -7.92234332425068       1.693600496935656E-009  2.411200239308545E-007
  -7.90871934604905       1.055721432740241E-008  2.516772382582569E-007
  -7.89509536784741       1.318927724770278E-008  2.648665155059597E-007
  -7.88147138964578       3.334603495637633E-009  2.682011190015973E-007
  -7.86784741144414       1.620099997792628E-010  2.683631290013766E-007
  -7.85422343324251       1.447120749303036E-012  2.683645761221259E-007
  -7.84059945504087       1.176986283056941E-011  2.683763459849564E-007
  -7.82697547683924       6.975109658373667E-010  2.690738569507938E-007
  -7.81335149863760       7.607574605122122E-009  2.766814315559159E-007
  -7.79972752043597       1.634029010362537E-008  2.930217216595413E-007
  -7.78610354223433       7.136040086534636E-009  3.001577617460759E-007
  -7.77247956403270       6.122607103938718E-010  3.007700224564698E-007
  -7.75885558583106       9.643316365030778E-012  3.007796657728348E-007
  -7.74523160762943       2.239608804721093E-012  3.007819053816396E-007
  -7.73160762942779       2.367017805498175E-010  3.010186071621894E-007
  -7.71798365122616       4.554610412648337E-009  3.055732175748377E-007
  -7.70435967302452       1.688739179115944E-008  3.224606093659971E-007
  -7.69073569482289       1.268378357286489E-008  3.351443929388620E-007
  -7.67711171662125       1.905899804427989E-009  3.370502927432900E-007
  -7.66348773841962       5.381360700052201E-011  3.371041063502905E-007
  -7.64986376021798       6.076996521675718E-013  3.371047140499427E-007
  -7.63623978201635       6.601630371289145E-011  3.371707303536556E-007
  -7.62261580381471       2.259591370599430E-009  3.394303217242550E-007
  -7.60899182561308       1.455333512360832E-008  3.539836568478633E-007
  -7.59536784741144       1.876934862785314E-008  3.727530054757165E-007
  -7.58174386920981       4.901228385157086E-009  3.776542338608736E-007
  -7.56811989100817       2.462804001168668E-010  3.779005142609904E-007
  -7.55449591280654       2.266478387863815E-012  3.779027807393783E-007
  -7.54087193460490       1.510121424066625E-011  3.779178819536189E-007
  -7.52724795640327       9.263301314180200E-010  3.788442120850370E-007
  -7.51362397820163       1.044388912161708E-008  3.892881012066541E-007
  -7.50000000000000       2.316124881817140E-008  4.124493500248255E-007
  -7.48637602179836       1.044364379215198E-008  4.228929938169775E-007
  -7.47275204359673       9.262858008751929E-010  4.238192796178526E-007
  -7.45912806539510       1.510103652950436E-011  4.238343806543821E-007
  -7.44550408719346       2.868500912679146E-012  4.238372491552948E-007
  -7.43188010899182       3.129438611353237E-010  4.241501930164301E-007
  -7.41825613079019       6.227743748215924E-009  4.303779367646460E-007
  -7.40463215258856       2.384869582874429E-008  4.542266325933903E-007
  -7.39100817438692       1.849131338012609E-008  4.727179459735164E-007
  -7.37738419618529       2.870943514774555E-009  4.755888894882910E-007
  -7.36376021798365       8.387555427567503E-011  4.756727650425666E-007
  -7.35013623978202       8.642576367871077E-013  4.756736293002034E-007
  -7.33651226158038       8.690326921975027E-011  4.757605325694232E-007
  -7.32288828337875       3.077750791741065E-009  4.788382833611643E-007
  -7.30926430517711       2.048196104715521E-008  4.993202444083195E-007
  -7.29564032697548       2.726935805484421E-008  5.265896024631637E-007
  -7.28201634877384       7.354498133186711E-009  5.339441005963504E-007
  -7.26839237057221       3.822014820978209E-010  5.343263020784483E-007
  -7.25476839237057       3.627715343460455E-012  5.343299297937918E-007
  -7.24114441416894       1.979836676106347E-011  5.343497281605529E-007
  -7.22752043596730       1.257076658992966E-009  5.356068048195458E-007
  -7.21389645776567       1.465114347094049E-008  5.502579482904863E-007
  -7.20027247956403       3.354774058342853E-008  5.838056888739148E-007
  -7.18664850136240       1.561848901546833E-008  5.994241778893832E-007
  -7.17302452316076       1.431966058386070E-009  6.008561439477693E-007
  -7.15940054495913       2.416365532413306E-011  6.008803076030935E-007
  -7.14577656675749       3.760920390015897E-012  6.008840685234835E-007
  -7.13215258855586       4.231916466906072E-010  6.013072601701740E-007
  -7.11852861035422       8.710192265962191E-009  6.100174524361363E-007
  -7.10490463215259       3.445032168815859E-008  6.444677741242949E-007
  -7.09128065395095       2.757468406691899E-008  6.720424581912139E-007
  -7.07765667574932       4.423446731309239E-009  6.764659049225232E-007
  -7.06403269754768       1.337143920092363E-010  6.765996193145323E-007
  -7.05040871934605       1.275849302405137E-012  6.766008951638348E-007
  -7.03678474114441       1.171337631774636E-010  6.767180289270122E-007
  -7.02316076294278       4.292484717379331E-009  6.810105136443916E-007
  -7.00953678474114       2.951639780433464E-008  7.105269114487262E-007
  -6.99591280653951       4.056814683834166E-008  7.510950582870679E-007
  -6.98228882833787       1.129992257268491E-008  7.623949808597528E-007
  -6.96866485013624       6.073178629084115E-010  7.630022987226612E-007
  -6.95504087193460       5.950278809477651E-012  7.630082490014707E-007
  -6.94141689373297       2.660748694172329E-011  7.630348564884124E-007
  -6.92779291553133       1.748707304782773E-009  7.647835637931952E-007
  -6.91416893732970       2.106938829462099E-008  7.858529520878161E-007
  -6.90054495912806       4.981286553043084E-008  8.356658176182469E-007
  -6.88692098092643       2.394396039662763E-008  8.596097780148745E-007
  -6.87329700272480       2.269222540933667E-009  8.618790005558082E-007
  -6.85967302452316       3.963415666440749E-011  8.619186347124727E-007
  -6.84604904632153       5.065882900352053E-012  8.619237005953731E-007
  -6.83242506811989       5.873429923594966E-010  8.625110435877326E-007
  -6.81880108991826       1.250317176347576E-008  8.750142153512083E-007
  -6.80517711171662       5.107710724583657E-008  9.260913225970449E-007
  -6.79155313351499       4.220412508375298E-008  9.682954476807979E-007
  -6.77792915531335       6.994972475869361E-009  9.752904201566672E-007
  -6.76430517711172       2.187748579531737E-010  9.755091950146204E-007
  -6.75068119891008       1.961145973947251E-012  9.755111561605943E-007
  -6.73705722070845       1.622474878729047E-010  9.756734036484673E-007
  -6.72343324250681       6.152394229573500E-009  9.818257978780409E-007
  -6.70980926430518       4.371454957439524E-008  1.025540347452436E-006
  -6.69618528610354       6.202515690949621E-008  1.087565504361932E-006
  -6.68256130790191       1.784267259268654E-008  1.105408176954619E-006
  -6.66893732970027       9.917179574524295E-010  1.106399894912071E-006
  -6.65531335149864       1.003627051917808E-011  1.106409931182590E-006
  -6.64168937329700       3.680002630089438E-011  1.106446731208891E-006
  -6.62806539509537       2.503469757559239E-009  1.108950200966451E-006
  -6.61444141689373       3.118268347746119E-008  1.140132884443912E-006
  -6.60081743869210       7.612135440023295E-008  1.216254238844145E-006
  -6.58719346049046       3.777744017051354E-008  1.254031679014658E-006
  -6.57356948228883       3.700728548360446E-009  1.257732407563019E-006
  -6.55994550408719       6.690137608998702E-011  1.257799308939109E-006
  -6.54632152588556       7.041875019404270E-012  1.257806350814128E-006
  -6.53269754768392       8.401882100729563E-010  1.258646539024201E-006
  -6.51907356948229       1.849922465258660E-008  1.277145763676788E-006
  -6.50544959128065       7.805643291080348E-008  1.355202196587591E-006
  -6.49182561307902       6.658027617701828E-008  1.421782472764609E-006
  -6.47820163487738       1.140104306698413E-008  1.433183515831593E-006
  -6.46457765667575       3.689239385196377E-010  1.433552439770113E-006
  -6.45095367847411       3.150118365519950E-012  1.433555589888478E-006
  -6.43732970027248       2.320175073507837E-010  1.433787607395829E-006
  -6.42370572207084       9.104075357025177E-009  1.442891682752854E-006
  -6.41008174386921       6.684287260036623E-008  1.509734555353220E-006
  -6.39645776566757       9.790801646296062E-008  1.607642571816181E-006
  -6.38283378746594       2.908714622660331E-008  1.636729718042784E-006
  -6.36920980926431       1.671871096972914E-009  1.638401589139757E-006
  -6.35558583106267       1.748516092042078E-011  1.638419074300678E-006
  -6.34196185286103       5.264169308313499E-011  1.638471715993761E-006
  -6.32833787465940       3.706825043994421E-009  1.642178541037755E-006
  -6.31471389645777       4.773314497154183E-008  1.689911686009297E-006
  -6.30108991825613       1.203154804211253E-007  1.810227166430422E-006
  -6.28746594005450       6.164692110540985E-008  1.871874087535832E-006
  -6.27384196185286       6.242019635706312E-009  1.878116107171539E-006
  -6.26021798365123       1.167935931528102E-010  1.878232900764691E-006
  -6.24659400544959       1.015942092461696E-011  1.878243060185616E-006
  -6.23297002724796       1.245503650324530E-009  1.879488563835941E-006
  -6.21934604904632       2.836483365076977E-008  1.907853397486710E-006
  -6.20572207084469       1.236209893759241E-007  2.031474386862634E-006
  -6.19209809264305       1.088513116422467E-007  2.140325698504881E-006
  -6.17847411444142       1.925691570406927E-008  2.159582614208950E-006
  -6.16485013623978       6.446820303466847E-010  2.160227296239297E-006
  -6.15122615803815       5.310963666655549E-012  2.160232607202964E-006
  -6.13760217983651       3.445693612513129E-010  2.160577176564215E-006
  -6.12397820163488       1.399099919051501E-008  2.174568175754730E-006
  -6.11035422343324       1.061486471755958E-007  2.280716822930326E-006
  -6.09673024523161       1.605089513364424E-007  2.441225774266768E-006
  -6.08310626702997       4.924487898263349E-008  2.490470653249402E-006
  -6.06948228882834       2.926986156012968E-009  2.493397639405415E-006
  -6.05585831062670       3.164752364642164E-011  2.493429286929062E-006
  -6.04223433242507       7.838953896134460E-011  2.493507676468023E-006
  -6.02861035422343       5.713488910874959E-009  2.499221165378898E-006
  -6.01498637602180       7.606331086095711E-008  2.575284476239855E-006
  -6.00136239782016       1.979652529882436E-007  2.773249729228099E-006
  -5.98773841961853       1.047210230946647E-007  2.877970752322763E-006
  -5.97411444141689       1.095949889238039E-008  2.888930251215144E-006
  -5.96049046321526       2.122360321530605E-010  2.889142487247296E-006
  -5.94686648501362       1.532540099166487E-011  2.889157812648288E-006
  -5.93324250681199       1.926969553596410E-009  2.891084782201885E-006
  -5.91961852861035       4.539168420726515E-008  2.936476466409150E-006
  -5.90599455040872       2.043389764592355E-007  3.140815442868385E-006
  -5.89237057220708       1.857342882778648E-007  3.326549731146250E-006
  -5.87874659400545       3.394562307540037E-008  3.360495354221651E-006
  -5.86512261580381       1.175690685427216E-009  3.361671044907078E-006
  -5.85149863760218       9.453709253181788E-012  3.361680498616331E-006
  -5.83787465940054       5.355929554687277E-010  3.362216091571800E-006
  -5.82425068119891       2.250451350828203E-008  3.384720605080082E-006
  -5.81062670299727       1.764366501374321E-007  3.561157255217514E-006
  -5.79700272479564       2.754189267951728E-007  3.836576182012687E-006
  -5.78337874659401       8.726111582426119E-008  3.923837297836948E-006
  -5.76975476839237       5.363157891183592E-009  3.929200455728132E-006
  -5.75613079019073       5.996815526840967E-011  3.929260423883400E-006
  -5.74250681198910       1.225694150819102E-010  3.929382993298482E-006
  -5.72888283378747       9.246636284848893E-009  3.938629629583331E-006
  -5.71525885558583       1.272681772079117E-007  4.065897806791242E-006
  -5.70163487738420       3.420166870486400E-007  4.407914493839883E-006
  -5.68801089918256       1.867824403222461E-007  4.594696934162129E-006
  -5.67438692098093       2.020306945739580E-008  4.614900003619525E-006
  -5.66076294277929       4.049163541700767E-010  4.615304919973695E-006
  -5.64713896457766       2.441272797276423E-011  4.615329332701667E-006
  -5.63351498637602       3.141386703169972E-009  4.618470719404838E-006
  -5.61989100817439       7.654088478835871E-008  4.695011604193196E-006
  -5.60626702997275       3.559051863864033E-007  5.050916790579600E-006
  -5.59264305177112       3.339385155280148E-007  5.384855306107614E-006
  -5.57901907356948       6.304900369708523E-008  5.447904309804699E-006
  -5.56539509536785       2.259011011981733E-009  5.450163320816681E-006
  -5.55177111716621       1.791404328742805E-011  5.450181234859968E-006
  -5.53814713896458       8.807020370918652E-010  5.451061936897060E-006
  -5.52452316076294       3.829373019905405E-008  5.489355667096114E-006
  -5.51089918256131       3.102437989584134E-007  5.799599466054528E-006
  -5.49727520435967       4.999458751389746E-007  6.299545341193503E-006
  -5.48365122615804       1.635676536948518E-007  6.463112994888354E-006
  -5.47002724795640       1.039478467728143E-008  6.473507779565635E-006
  -5.45640326975477       1.202239504412096E-010  6.473628003516076E-006
  -5.44277929155313       2.036563260639904E-010  6.473831659842140E-006
  -5.42915531335150       1.590145013414213E-008  6.489733109976282E-006
  -5.41553133514986       2.262746494009059E-007  6.716007759377188E-006
  -5.40190735694823       6.278754993209561E-007  7.343883258698144E-006
  -5.38828337874659       3.539892075823027E-007  7.697872466280446E-006
  -5.37465940054496       3.957053688365126E-008  7.737443003164097E-006
  -5.36103542234332       8.207641142165565E-010  7.738263767278314E-006
  -5.34741144414169       4.163499049142794E-011  7.738305402268805E-006
  -5.33378746594005       5.469281400976595E-009  7.743774683669781E-006
  -5.32016348773842       1.378384284863677E-007  7.881613112156149E-006
  -5.30653950953678       6.620235465985151E-007  8.543636658754664E-006
  -5.29291553133515       6.411837867366951E-007  9.184820445491360E-006
  -5.27929155313351       1.250515363101098E-007  9.309871981801469E-006
  -5.26566757493188       4.634824225516847E-009  9.314506806026986E-006
  -5.25204359673024       3.657677652588637E-011  9.314543382803513E-006
  -5.23841961852861       1.555561375838305E-009  9.316098944179351E-006
  -5.22479564032697       6.999090287094205E-008  9.386089847050293E-006
  -5.21117166212534       5.859591409741278E-007  9.972048988024421E-006
  -5.19754768392371       9.747394475963987E-007  1.094678843562082E-005
  -5.18392370572207       3.292943793639071E-007  1.127608281498473E-005
  -5.17029972752043       2.163663523264264E-008  1.129771945021737E-005
  -5.15667574931880       2.588824132274750E-010  1.129797833263060E-005
  -5.14305177111717       3.659103734501059E-010  1.129834424300405E-005
  -5.12942779291553       2.956752787734503E-008  1.132791177088139E-005
  -5.11580381471390       4.349772161526861E-007  1.176288898703408E-005
  -5.10217983651226       1.246234333731842E-006  1.300912332076592E-005
  -5.08855585831063       7.252987790014469E-007  1.373442209976737E-005
  -5.07493188010899       8.378459240157966E-008  1.381820669216895E-005
  -5.06130790190736       1.798355544854155E-009  1.382000504771380E-005
  -5.04768392370572       7.757045064097405E-011  1.382008261816444E-005
  -5.03405994550409       1.037507012897513E-008  1.383045768829342E-005
  -5.02043596730245       2.704460831310148E-007  1.410090377142443E-005
  -5.00681198910082       1.341614074041539E-006  1.544251784546597E-005
  -4.99318801089918       1.341173019147857E-006  1.678369086461383E-005
  -4.97956403269755       2.701755515492916E-007  1.705386641616312E-005
  -4.96594005449591       1.035743131833825E-008  1.706422384748146E-005
  -4.95231607629428       8.198818260128569E-011  1.706430583566406E-005
  -4.93869209809264       3.020585183129387E-009  1.706732642084719E-005
  -4.92506811989101       1.406280478833785E-007  1.720795446873057E-005
  -4.91144414168937       1.216527121309579E-006  1.842448159004015E-005
  -4.89782016348774       2.088869983288823E-006  2.051335157332897E-005
  -4.88419618528610       7.285894948489295E-007  2.124194106817790E-005
  -4.87057220708447       4.949077250506204E-008  2.129143184068296E-005
  -4.85694822888283       6.126295896452846E-010  2.129204447027261E-005
  -4.84332425068120       7.305080660181038E-010  2.129277497833863E-005
  -4.82970027247956       6.108044517979718E-008  2.135385542351842E-005
  -4.81607629427793       9.288966118566402E-007  2.228275203537506E-005
  -4.80245231607629       2.747609552519263E-006  2.503036158789433E-005
  -4.78882833787466       1.650516267757796E-006  2.668087785565212E-005
  -4.77520435967302       1.970016052241984E-007  2.687787946087632E-005
  -4.76158038147139       4.375058760213385E-009  2.688225451963654E-005
  -4.74795640326975       1.629954790855086E-010  2.688241751511562E-005
  -4.73433242506812       2.214423896527563E-008  2.690456175408090E-005
  -4.72070844686648       5.969567628596232E-007  2.750151851694052E-005
  -4.70708446866485       3.058285774132784E-006  3.055980429107330E-005
  -4.69346049046321       3.155139770359438E-006  3.371494406143274E-005
  -4.67983651226158       6.563835863805501E-007  3.437132764781329E-005
  -4.66621253405994       2.602223418535565E-008  3.439734988199864E-005
  -4.65258855585831       2.080751029911459E-010  3.439755795710163E-005
  -4.63896457765668       6.701735173605496E-009  3.440425969227524E-005
  -4.62534059945504       3.227828063591316E-007  3.472704249863437E-005
  -4.61171662125341       2.884733102755446E-006  3.761177560138981E-005
  -4.59809264305177       5.111874615255351E-006  4.272365021664517E-005
  -4.58446866485014       1.840479425659555E-006  4.456412964230472E-005
  -4.57084468664850       1.292122770680440E-007  4.469334191937277E-005
  -4.55722070844687       1.654612602991702E-009  4.469499653197576E-005
  -4.54359673024523       1.698401162767857E-009  4.469669493313853E-005
  -4.52997275204360       1.468988021360953E-007  4.484359373527462E-005
  -4.51634877384196       2.308780047685696E-006  4.715237378296032E-005
  -4.50272479564033       7.048728593864403E-006  5.420110237682472E-005
  -4.48910081743869       4.369161226024185E-006  5.857026360284890E-005
  -4.47547683923706       5.386589756621522E-007  5.910892257851105E-005
  -4.46185286103542       1.237344829245538E-008  5.912129602680351E-005
  -4.44822888283379       4.087578690976190E-010  5.912170478467261E-005
  -4.43460490463215       5.635312722265412E-008  5.917805791189527E-005
  -4.42098092643052       1.570447122898522E-006  6.074850503479379E-005
  -4.40735694822888       8.305847722910794E-006  6.905435275770458E-005
  -4.39373297002725       8.839719929092652E-006  7.789407268679722E-005
  -4.38010899182561       1.898330973538831E-006  7.979240366033606E-005
  -4.36648501362398       7.779421251170825E-008  7.987019787284777E-005
  -4.35286103542234       6.326397468425175E-010  7.987083051259460E-005
  -4.33923705722071       1.828279340340768E-008  7.988911330599801E-005
  -4.32561307901907       9.104462753701988E-007  8.079955958136822E-005
  -4.31198910081744       8.401433637978728E-006  8.920099321934695E-005
  -4.29836512261580       1.535579598694737E-005  1.045567892062943E-004
  -4.28474114441417       5.703588184681534E-006  1.102603773909759E-004
  -4.27111716621253       4.136031752527766E-007  1.106739805662286E-004
  -4.25749318801090       5.476253641052792E-009  1.106794568198697E-004
  -4.24386920980926       5.057990236676446E-009  1.106845148101064E-004
  -4.23024523160763       4.521540508308161E-007  1.111366688609372E-004
  -4.21662125340599       7.338039243724982E-006  1.184747081046622E-004
  -4.20299727520436       2.310415549098682E-005  1.415788635956490E-004
  -4.18937329700272       1.476497457796410E-005  1.563438381736131E-004
  -4.17574931880109       1.878571708034850E-006  1.582224098816479E-004
  -4.16212534059945       4.459301917431365E-008  1.582670029008222E-004
  -4.14850136239782       1.381986198074141E-009  1.582683848870203E-004
  -4.13487738419618       1.941097793984615E-007  1.584624946664188E-004
  -4.12125340599455       5.584579354460741E-006  1.640470740208795E-004
  -4.10762942779292       3.045194478650368E-005  1.944990188073832E-004
  -4.09400544959128       3.339069380633028E-005  2.278897126137135E-004
  -4.08038147138965       7.392196252400814E-006  2.352819088661143E-004
  -4.06675749318801       3.127027258146909E-007  2.355946115919290E-004
  -4.05313351498638       2.610263776159998E-009  2.355972218557051E-004
  -4.03950953678474       7.320402864124472E-008  2.356704258843464E-004
  -4.02588555858311       3.760704269727631E-006  2.394311301540740E-004
  -4.01226158038147       3.575571852835148E-005  2.751868486824255E-004
  -3.99863760217984       6.726774932781695E-005  3.424545980102425E-004
  -3.98501362397820       2.572110906979146E-005  3.681757070800339E-004
  -3.97138964577657       1.922338127140184E-006  3.700980452071741E-004
  -3.95776566757493       2.626391115228277E-008  3.701243091183264E-004
  -3.94414168937330       2.504334136766911E-008  3.701493524596941E-004
  -3.93051771117166       2.305529242693507E-006  3.724548817023876E-004
  -3.91689373297003       3.849101068113850E-005  4.109458923835261E-004
  -3.90326975476839       1.245313272218644E-004  5.354772196053905E-004
  -3.88964577656676       8.175408111227421E-005  6.172313007176647E-004
  -3.87602179836512       1.069449404798047E-005  6.279257947656452E-004
  -3.86239782016349       2.613201897171958E-007  6.281871149553624E-004
  -3.84877384196185       9.319378178394200E-009  6.281964343335407E-004
  -3.83514986376022       1.364391449096271E-006  6.295608257826370E-004
  -3.82152588555858       4.022910904767026E-005  6.697899348303072E-004
  -3.80790190735695       2.245852131290982E-004  8.943751479594053E-004
  -3.79427792915531       2.519790300426337E-004  1.146354178002039E-003
  -3.78065395095368       5.710547049306502E-005  1.203459648495104E-003
  -3.76702997275204       2.475355553852580E-006  1.205935004048957E-003
  -3.75340599455041       2.219244399878411E-008  1.205957196492955E-003
  -3.73978201634877       9.026004508657183E-007  1.206859796943821E-003
  -3.72615803814714       4.703326750831104E-005  1.253893064452132E-003
  -3.71253405994550       4.533173470185863E-004  1.707210411470719E-003
  -3.69891008174387       8.641404745675604E-004  2.571350886038279E-003
  -3.68528610354223       3.348218060641690E-004  2.906172692102448E-003
  -3.67166212534060       2.537031529604784E-005  2.931543007398496E-003
  -3.65803814713896       3.532661656204137E-007  2.931896273564116E-003
  -3.64441416893733       1.186348575177571E-006  2.933082622139294E-003
  -3.63079019073569       1.060885238426308E-004  3.039171145981925E-003
  -3.61716621253406       1.719369932070969E-003  4.758541078052894E-003
  -3.60354223433242       5.406423593280299E-003  1.016496467133319E-002
  -3.58991825613079       3.450560501060837E-003  1.361552517239403E-002
  -3.57629427792916       4.455692758101966E-004  1.406109444820423E-002
  -3.56267029972752       1.582392901566485E-003  1.564348734977071E-002
  -3.54904632152588       6.081276574410395E-002  7.645625309387466E-002
  -3.53542234332425       0.440554971293190       0.517011224387065     
  -3.52179836512262       0.641408444501428        1.15841966888849     
  -3.50817438692098       0.222712821623751        1.38113249051224     
  -3.49455040871935       6.505838565753730E-002   1.44619087616978     
  -3.48092643051771       1.679332358250957E-002   1.46298419975229     
  -3.46730245231608       9.900670009114917E-004   1.46397426675320     
  -3.45367847411444       1.062679318451934E-005   1.46398489354639     
  -3.44005449591281       2.421021576699806E-006   1.46398731456796     
  -3.42643051771117       1.429830780038864E-004   1.46413029764597     
  -3.41280653950954       1.566202076070967E-003   1.46569649972204     
  -3.39918256130790       3.378024890851227E-003   1.46907452461289     
  -3.38555858310627       1.481369571042709E-003   1.47055589418393     
  -3.37193460490463       1.276478687661241E-004   1.47068354205270     
  -3.35831062670300       2.019069240194966E-006   1.47068556112194     
  -3.34468664850136       1.748762206867488E-007   1.47068573599816     
  -3.33106267029973       1.782490979057745E-005   1.47070356090795     
  -3.31743869209809       3.377666693737571E-004   1.47104132757732     
  -3.30381471389646       1.234061878160466E-003   1.47227538945549     
  -3.29019073569482       9.135278941085495E-004   1.47318891734959     
  -3.27656675749319       1.352356820932612E-004   1.47332415303169     
  -3.26294277929155       3.759421011061501E-006   1.47332791245270     
  -3.24931880108992       3.309238276374506E-008   1.47332794554508     
  -3.23569482288828       2.795070273320063E-006   1.47333074061535     
  -3.22207084468665       9.380264356735317E-005   1.47342454325892     
  -3.20844686648501       5.928525900072970E-004   1.47401739584893     
  -3.19482288828338       7.506762291378770E-004   1.47476807207807     
  -3.18119891008174       1.923992853710385E-004   1.47496047136344     
  -3.16757493188011       9.481567729066127E-006   1.47496995293117     
  -3.15395095367847       8.516812822942942E-008   1.47497003809929     
  -3.14032697547684       4.388889113671344E-007   1.47497047698821     
  -3.12670299727520       2.644072318679418E-005   1.47499691771139     
  -3.11307901907357       2.930018686992491E-004   1.47528991958009     
  -3.09945504087193       6.390571162781327E-004   1.47592897669637     
  -3.08583106267030       2.833985264784353E-004   1.47621237522285     
  -3.07220708446866       2.470516364083112E-005   1.47623708038649     
  -3.05858310626703       3.955681318766548E-007   1.47623747595462     
  -3.04495912806539       6.434690054356286E-008   1.47623754030152     
  -3.03133514986376       6.924348945603063E-006   1.47624446465047     
  -3.01771117166212       1.362770241376164E-004   1.47638074167461     
  -3.00408719346049       5.163348988228131E-004   1.47689707657343     
  -2.99046321525886       3.961673474565065E-004   1.47729324392088     
  -2.97683923705722       6.084886566514271E-005   1.47735409278655     
  -2.96321525885558       1.757832921357671E-006   1.47735585061947     
  -2.94959128065395       1.694319382158342E-008   1.47735586756266     
  -2.93596730245232       1.607958885432933E-006   1.47735747552155     
  -2.92234332425068       5.697550490571524E-005   1.47741445102646     
  -2.90871934604905       3.793441829769724E-004   1.47779379520943     
  -2.89509536784741       5.052871258004400E-004   1.47829908233523     
  -2.88147138964578       1.363391859446473E-004   1.47843542152118     
  -2.86784741144414       7.088803889409550E-006   1.47844251032507     
  -2.85422343324251       6.717199472984655E-008   1.47844257749706     
  -2.84059945504087       3.201461002713178E-007   1.47844289764316     
  -2.82697547683924       2.073850393537628E-005   1.47846363614710     
  -2.81335149863760       2.464109681903947E-004   1.47871004711529     
  -2.79972752043597       5.748033532330999E-004   1.47928485046852     
  -2.78610354223433       2.726170324066932E-004   1.47955746750093     
  -2.77247956403270       2.548007757871140E-005   1.47958294757851     
  -2.75885558583106       4.386370606220048E-007   1.47958338621557     
  -2.74523160762943       5.395044046882453E-008   1.47958344016601     
  -2.73160762942779       6.363735677316099E-006   1.47958980390169     
  -2.71798365122616       1.378160570217734E-004   1.47972761995871     
  -2.70435967302452       5.723479785530096E-004   1.48029996793726     
  -2.69073569482289       4.806420905747898E-004   1.48078061002783     
  -2.67711171662125       8.099726288855234E-005   1.48086160729072     
  -2.66348773841962       2.577574331087654E-006   1.48086418486505     
  -2.64986376021798       2.126312281885004E-008   1.48086420612818     
  -2.63623978201635       1.569728153379584E-006   1.48086577585633     
  -2.62261580381471       6.392444425724291E-005   1.48092970030059     
  -2.60899182561308       4.863511260881405E-004   1.48141605142668     
  -2.59536784741144       7.374206083938283E-004   1.48215347203507     
  -2.58174386920981       2.268665700034479E-004   1.48238033860507     
  -2.56811989100817       1.352299191846471E-005   1.48239386159699     
  -2.55449591280654       1.463962322813019E-007   1.48239400799322     
  -2.54087193460490       2.837090150106275E-007   1.48239429170224     
  -2.52724795640327       2.286701840998525E-005   1.48241715872065     
  -2.51362397820163       3.354219483498458E-004   1.48275258066900     
  -2.50000000000000       9.583059655232273E-004   1.48371088663452     
  -2.48637602179836       5.561728234222834E-004   1.48426705945794     
  -2.47275204359673       6.406264013444904E-005   1.48433112209808     
  -2.45912806539509       1.370882582244388E-006   1.48433249298066     
  -2.44550408719346       3.518779918042396E-008   1.48433252816846     
  -2.43188010899182       5.311097690578214E-006   1.48433783926615     
  -2.41825613079019       1.659297405112010E-004   1.48450376900666     
  -2.40463215258856       9.791753390175147E-004   1.48548294434568     
  -2.39100817438692       1.159697561295843E-003   1.48664264190698     
  -2.37738419618529       2.777084507475134E-004   1.48692035035772     
  -2.36376021798365       1.274981321019431E-005   1.48693310017093     
  -2.35013623978202       1.058741299370753E-007   1.48693320604506     
  -2.33651226158038       4.984985028796872E-007   1.48693370454357     
  -2.32288828337875       4.125383070523645E-005   1.48697495837427     
  -2.30926430517711       6.203001863933704E-004   1.48759525856066     
  -2.29564032697548       1.814903829430559E-003   1.48941016239010     
  -2.28201634877384       1.078500602302657E-003   1.49048866299240     
  -2.26839237057221       1.272968455674442E-004   1.49061595983797     
  -2.25476839237057       2.794195049743013E-006   1.49061875403301     
  -2.24114441416894       1.482003189748975E-008   1.49061876885305     
  -2.22752043596730       1.539256447466314E-006   1.49062030810949     
  -2.21389645776567       9.990139864383895E-005   1.49072020950814     
  -2.20027247956403       1.188821566880206E-003   1.49190903107502     
  -2.18664850136240       2.777244969841062E-003   1.49468627604486     
  -2.17302452316076       1.319122714525954E-003   1.49600539875939     
  -2.15940054495913       1.234791424158326E-004   1.49612887790180     
  -2.14577656675749       2.128691772276064E-006   1.49613100659357     
  -2.13215258855586       6.451763387450320E-009   1.49613101304534     
  -2.11852861035422       9.055543615673896E-008   1.49613110360077     
  -2.10490463215259       1.643289747739887E-005   1.49614753649825     
  -2.09128065395095       5.269607153881915E-004   1.49667449721364     
  -2.07765667574932       3.188369197845549E-003   1.49986286641148     
  -2.06403269754768       3.869278731956101E-003   1.50373214514344     
  -2.05040871934605       9.498043400349168E-004   1.50468194948348     
  -2.03678474114441       4.474736659816385E-005   1.50472669685007     
  -2.02316076294278       3.779352324463770E-007   1.50472707478531     
  -2.00953678474114       5.471858170243411E-010   1.50472707533249     
  -1.99591280653951       7.577841301008266E-009   1.50472708291033     
  -1.98228882833787       2.910068929917527E-006   1.50472999297926     
  -1.96866485013624       1.931890394137363E-004   1.50492318201868     
  -1.95504087193460       2.349414614586683E-003   1.50727259663326     
  -1.94141689373297       5.604578362922499E-003   1.51287717499619     
  -1.92779291553133       2.718212754835451E-003   1.51559538775102     
  -1.91416893732970       2.600110980931617E-004   1.51585539884911     
  -1.90054495912806       4.584598562804478E-006   1.51585998344768     
  -1.88692098092643       1.407327850788829E-008   1.51585999752096     
  -1.87329700272480       5.233822512891033E-008   1.51586004985918     
  -1.85967302452316       1.216296616939854E-005   1.51587221282535     
  -1.84604904632153       4.956944948639942E-004   1.51636790732021     
  -1.83242506811989       3.774086369744622E-003   1.52014199368996     
  -1.81880108991825       5.726410248004356E-003   1.52586840393796     
  -1.80517711171662       1.762975528721231E-003   1.52763137946668     
  -1.79155313351499       1.051646763948761E-004   1.52773654414308     
  -1.77792915531335       1.134749983285991E-006   1.52773767889306     
  -1.76430517711172       1.124407093672964E-007   1.52773779133377     
  -1.75068119891008       2.204461194766161E-005   1.52775983594572     
  -1.73705722070845       7.758599789874925E-004   1.52853569592471     
  -1.72343324250681       5.132342466599288E-003   1.53366803839131     
  -1.70980926430518       6.793368803728764E-003   1.54046140719504     
  -1.69618528610354       1.821346939760340E-003   1.54228275413480     
  -1.68256130790191       9.407040087364786E-005   1.54237682453567     
  -1.66893732970027       8.802203072056355E-007   1.54237770475598     
  -1.65531335149864       3.077074225231931E-006   1.54238078183020     
  -1.64168937329700       2.610059010351683E-004   1.54264178773124     
  -1.62806539509537       4.019396919181017E-003   1.54666118465042     
  -1.61444141689373       1.203321403009669E-002   1.55869439868051     
  -1.60081743869210       7.315364636018379E-003   1.56600976331653     
  -1.58719346049046       8.839858247555343E-004   1.56689374914129     
  -1.57356948228883       1.989941724094765E-005   1.56691364855853     
  -1.55994550408719       7.683265670652150E-006   1.56692133182420     
  -1.54632152588556       6.992268222960305E-004   1.56762055864650     
  -1.53269754768392       1.163148361039578E-002   1.57925204225689     
  -1.51907356948229       3.750118848774419E-002   1.61675323074464     
  -1.50544959128065       2.453489718048811E-002   1.64128812792512     
  -1.49182561307902       3.243825237548187E-003   1.64453195316267     
  -1.47820163487738       3.586423946798096E-003   1.64811837710947     
  -1.46457765667575       4.905087447416637E-002   1.69716925158364     
  -1.45095367847411       0.133810575478826        1.83097982706246     
  -1.43732970027248       7.417727670786028E-002   1.90515710377032     
  -1.42370572207084       8.384641885456035E-003   1.91354174565578     
  -1.41008174386921       6.233173052285002E-003   1.91977491870806     
  -1.39645776566757       2.961608670702507E-002   1.94939100541509     
  -1.38283378746594       2.914115786242047E-002   1.97853216327751     
  -1.36920980926431       5.776259812934586E-003   1.98430842309044     
  -1.35558583106267       2.177361671664096E-004   1.98452615925761     
  -1.34196185286103       2.238788420340784E-006   1.98452839804603     
  -1.32833787465940       7.771762968714500E-005   1.98460611567572     
  -1.31471389645776       1.398380789831319E-003   1.98600449646555     
  -1.30108991825613       4.861553852325405E-003   1.99086605031788     
  -1.28746594005450       3.426686712183527E-003   1.99429273703006     
  -1.27384196185286       4.823196306764145E-004   1.99477505666073     
  -1.26021798365123       1.272074059779656E-005   1.99478777740133     
  -1.24659400544959       1.209313472219134E-007   1.99478789833268     
  -1.23297002724796       9.112755679001513E-006   1.99479701108836     
  -1.21934604904632       2.384378237870518E-004   1.99503544891215     
  -1.20572207084469       1.187112996274534E-003   1.99622256190842     
  -1.19209809264305       1.190928126979326E-003   1.99741349003540     
  -1.17847411444142       2.407779334558106E-004   1.99765426796886     
  -1.16485013623978       9.265314851446293E-006   1.99766353328371     
  -1.15122615803815       6.731074416107870E-008   1.99766360059445     
  -1.13760217983651       9.596843561818390E-007   1.99766456027881     
  -1.12397820163488       4.179609304514380E-005   1.99770635637185     
  -1.11035422343324       3.391684083688408E-004   1.99804552478022     
  -1.09673024523161       5.474160608760902E-004   1.99859294084110     
  -1.08310626702997       1.793826585945847E-004   1.99877232349969     
  -1.06948228882834       1.141865874046249E-005   1.99878374215843     
  -1.05585831062670       1.320084350626383E-007   1.99878387416687     
  -1.04223433242507       9.226921295189587E-008   1.99878396643608     
  -1.02861035422343       6.982586581215616E-006   1.99879094902266     
  -1.01498637602180       9.657250014452110E-005   1.99888752152281     
  -1.00136239782016       2.607365937496536E-004   1.99914825811656     
 -0.987738419618529       1.430541891009317E-004   1.99929131230566     
 -0.974114441416893       1.554751266460342E-005   1.99930685981832     
 -0.960490463215258       3.131544415853525E-007   1.99930717297276     
 -0.946866485013624       8.934955625736306E-009   1.99930718190772     
 -0.933242506811988       1.058769947693661E-006   1.99930824067767     
 -0.919618528610354       2.552948209555907E-005   1.99933377015976     
 -0.905994550408719       1.175271575156703E-004   1.99945129731728     
 -0.892370572207083       1.091972750620685E-004   1.99956049459234     
 -0.878746594005449       2.041101038244092E-005   1.99958090560272     
 -0.865122615803815       7.236970885503122E-007   1.99958162929981     
 -0.851498637602178       5.134538085698763E-009   1.99958163443435     
 -0.837874659400544       1.414685483880044E-007   1.99958177590290     
 -0.824250681198910       6.034611362249395E-006   1.99958781051426     
 -0.810626702997274       4.800238072996192E-005   1.99963581289499     
 -0.797002724795639       7.599205029191942E-005   1.99971180494528     
 -0.783378746594005       2.442055954248504E-005   1.99973622550482     
 -0.769754768392371       1.523240439247778E-006   1.99973774874526     
 -0.756130790190735       1.725170028342614E-008   1.99973776599696     
 -0.742506811989101       1.637128043661641E-008   1.99973778236824     
 -0.728882833787466       1.246348811746370E-006   1.99973902871706     
 -0.715258855585830       1.732380474646361E-005   1.99975635252180     
 -0.701634877384196       4.699759911511124E-005   1.99980335012092     
 -0.688010899182562       2.590874167023023E-005   1.99982925886259     
 -0.674386920980925       2.829761817085020E-006   1.99983208862440     
 -0.660762942779291       5.729049716792606E-008   1.99983214591490     
 -0.647138964577657       1.811601140228184E-009   1.99983214772650     
 -0.633514986376021       2.214109905482451E-007   1.99983236913749     
 -0.619891008174386       5.432188714586573E-006   1.99983780132621     
 -0.606267029972752       2.542701910947765E-005   1.99986322834532     
 -0.592643051771116       2.401318919302953E-005   1.99988724153451     
 -0.579019073569482       4.564043046600270E-006   1.99989180557756     
 -0.565395095367847       1.646655385399626E-007   1.99989197024310     
 -0.551771117166211       1.188914061861979E-009   1.99989197143201     
 -0.538147138964577       3.345073696921061E-008   1.99989200488275     
 -0.524523160762943       1.461773054275061E-006   1.99989346665580     
 -0.510899182561307       1.190005258821228E-005   1.99990536670839     
 -0.497275204359672       1.926623165015294E-005   1.99992463294004     
 -0.483651226158038       6.333118924417146E-006   1.99993096605896     
 -0.470027247956402       4.044506940112250E-007   1.99993137050966     
 -0.456403269754768       4.693519357916653E-009   1.99993137520318     
 -0.442779291553133       4.270068076133227E-009   1.99993137947325     
 -0.429155313351497       3.343213163851290E-007   1.99993171379456     
 -0.415531335149863       4.774568701583497E-006   1.99993648836326     
 -0.401907356948229       1.329481740264301E-005   1.99994978318067     
 -0.388283378746593       7.521418453059627E-006   1.99995730459912     
 -0.374659400544958       8.437881957691624E-007   1.99995814838731     
 -0.361035422343324       1.756653836420736E-008   1.99995816595385     
 -0.347411444141688       5.183607126754712E-010   1.99995816647221     
 -0.333787465940054       6.448448541639730E-008   1.99995823095670     
 -0.320163487738419       1.629708248935722E-006   1.99995986066495     
 -0.306539509536783       7.848334112624991E-006   1.99996770899906     
 -0.292915531335149       7.621263201454450E-006   1.99997533026226     
 -0.279291553133515       1.490389150667341E-006   1.99997682065141     
 -0.265667574931880       5.539370009834518E-008   1.99997687604511     
 -0.252043596730244       4.063855186234524E-010   1.99997687645150     
 -0.238419618528610       1.042370138362464E-008   1.99997688687520     
 -0.224795640326976       4.700427199434557E-007   1.99997735691792     
 -0.211171662125340       3.943592353376063E-006   1.99998130051027     
 -0.197547683923705       6.573741751124132E-006   1.99998787425202     
 -0.183923705722071       2.225436558511797E-006   1.99999009968858     
 -0.170299727520435       1.465426893969931E-007   1.99999024623127     
 -0.156675749318801       1.755055653686088E-009   1.99999024798633     
 -0.143051771117166       1.408276086618447E-009   1.99999024939460     
 -0.129427792915530       1.138789639427935E-007   1.99999036327357     
 -0.115803814713896       1.678275223704714E-006   1.99999204154879     
 -0.102179836512262       4.816536566034486E-006   1.99999685808536     
 -8.855585831062562E-002  2.807922944631065E-006   1.99999966600830     
 -7.493188010899132E-002  3.249301082464859E-007   1.99999999093841     
 -6.130790190735702E-002  6.986686431626786E-009   1.99999999792510     
 -4.768392370572094E-002  2.623551735384846E-011   1.99999999795133     
 -3.405994550408664E-002  1.651508874029164E-014   1.99999999795135     
 -2.043596730245234E-002  1.701091385112803E-018   1.99999999795135     
 -6.811989100816263E-003  0.000000000000000E+000   1.99999999795135     
  6.811989100818039E-003  0.000000000000000E+000   1.99999999795135     
  2.043596730245234E-002  0.000000000000000E+000   1.99999999795135     
  3.405994550408842E-002  0.000000000000000E+000   1.99999999795135     
  4.768392370572272E-002  0.000000000000000E+000   1.99999999795135     
  6.130790190735702E-002  0.000000000000000E+000   1.99999999795135     
  7.493188010899310E-002  0.000000000000000E+000   1.99999999795135     
  8.855585831062740E-002  0.000000000000000E+000   1.99999999795135     
  0.102179836512262       0.000000000000000E+000   1.99999999795135     
  0.115803814713898       0.000000000000000E+000   1.99999999795135     
  0.129427792915532       0.000000000000000E+000   1.99999999795135     
  0.143051771117166       0.000000000000000E+000   1.99999999795135     
  0.156675749318802       0.000000000000000E+000   1.99999999795135     
  0.170299727520437       0.000000000000000E+000   1.99999999795135     
  0.183923705722071       0.000000000000000E+000   1.99999999795135     
  0.197547683923707       0.000000000000000E+000   1.99999999795135     
  0.211171662125341       0.000000000000000E+000   1.99999999795135     
  0.224795640326976       0.000000000000000E+000   1.99999999795135     
  0.238419618528610       0.000000000000000E+000   1.99999999795135     
  0.252043596730246       0.000000000000000E+000   1.99999999795135     
  0.265667574931880       0.000000000000000E+000   1.99999999795135     
  0.279291553133515       0.000000000000000E+000   1.99999999795135     
  0.292915531335151       0.000000000000000E+000   1.99999999795135     
  0.306539509536785       0.000000000000000E+000   1.99999999795135     
  0.320163487738419       0.000000000000000E+000   1.99999999795135     
  0.333787465940055       0.000000000000000E+000   1.99999999795135     
  0.347411444141690       0.000000000000000E+000   1.99999999795135     
  0.361035422343324       0.000000000000000E+000   1.99999999795135     
  0.374659400544960       0.000000000000000E+000   1.99999999795135     
  0.388283378746594       0.000000000000000E+000   1.99999999795135     
  0.401907356948229       0.000000000000000E+000   1.99999999795135     
  0.415531335149865       0.000000000000000E+000   1.99999999795135     
  0.429155313351499       0.000000000000000E+000   1.99999999795135     
  0.442779291553133       0.000000000000000E+000   1.99999999795135     
  0.456403269754770       0.000000000000000E+000   1.99999999795135     
  0.470027247956404       0.000000000000000E+000   1.99999999795135     
  0.483651226158038       0.000000000000000E+000   1.99999999795135     
  0.497275204359674       0.000000000000000E+000   1.99999999795135     
  0.510899182561309       0.000000000000000E+000   1.99999999795135     
  0.524523160762943       0.000000000000000E+000   1.99999999795135     
  0.538147138964579       0.000000000000000E+000   1.99999999795135     
  0.551771117166213       0.000000000000000E+000   1.99999999795135     
  0.565395095367847       0.000000000000000E+000   1.99999999795135     
  0.579019073569484       0.000000000000000E+000   1.99999999795135     
  0.592643051771118       0.000000000000000E+000   1.99999999795135     
  0.606267029972752       0.000000000000000E+000   1.99999999795135     
  0.619891008174388       0.000000000000000E+000   1.99999999795135     
  0.633514986376023       0.000000000000000E+000   1.99999999795135     
  0.647138964577657       0.000000000000000E+000   1.99999999795135     
  0.660762942779293       0.000000000000000E+000   1.99999999795135     
  0.674386920980927       0.000000000000000E+000   1.99999999795135     
  0.688010899182562       0.000000000000000E+000   1.99999999795135     
  0.701634877384198       0.000000000000000E+000   1.99999999795135     
  0.715258855585832       0.000000000000000E+000   1.99999999795135     
  0.728882833787466       0.000000000000000E+000   1.99999999795135     
  0.742506811989101       0.000000000000000E+000   1.99999999795135     
  0.756130790190737       0.000000000000000E+000   1.99999999795135     
  0.769754768392371       0.000000000000000E+000   1.99999999795135     
  0.783378746594005       0.000000000000000E+000   1.99999999795135     
  0.797002724795641       0.000000000000000E+000   1.99999999795135     
  0.810626702997276       0.000000000000000E+000   1.99999999795135     
  0.824250681198910       0.000000000000000E+000   1.99999999795135     
  0.837874659400546       0.000000000000000E+000   1.99999999795135     
  0.851498637602180       0.000000000000000E+000   1.99999999795135     
  0.865122615803815       0.000000000000000E+000   1.99999999795135     
  0.878746594005451       0.000000000000000E+000   1.99999999795135     
  0.892370572207085       0.000000000000000E+000   1.99999999795135     
  0.905994550408719       0.000000000000000E+000   1.99999999795135     
  0.919618528610355       0.000000000000000E+000   1.99999999795135     
  0.933242506811990       0.000000000000000E+000   1.99999999795135     
  0.946866485013624       0.000000000000000E+000   1.99999999795135     
  0.960490463215260       0.000000000000000E+000   1.99999999795135     
  0.974114441416894       0.000000000000000E+000   1.99999999795135     
  0.987738419618529       0.000000000000000E+000   1.99999999795135     
   1.00136239782016       0.000000000000000E+000   1.99999999795135     
   1.01498637602180       0.000000000000000E+000   1.99999999795135     
   1.02861035422343       0.000000000000000E+000   1.99999999795135     
   1.04223433242507       0.000000000000000E+000   1.99999999795135     
   1.05585831062670       0.000000000000000E+000   1.99999999795135     
   1.06948228882834       0.000000000000000E+000   1.99999999795135     
   1.08310626702997       0.000000000000000E+000   1.99999999795135     
   1.09673024523161       0.000000000000000E+000   1.99999999795135     
   1.11035422343324       0.000000000000000E+000   1.99999999795135     
   1.12397820163488       0.000000000000000E+000   1.99999999795135     
   1.13760217983651       0.000000000000000E+000   1.99999999795135     
   1.15122615803815       0.000000000000000E+000   1.99999999795135     
   1.16485013623978       0.000000000000000E+000   1.99999999795135     
   1.17847411444142       0.000000000000000E+000   1.99999999795135     
   1.19209809264305       0.000000000000000E+000   1.99999999795135     
   1.20572207084469       0.000000000000000E+000   1.99999999795135     
   1.21934604904632       0.000000000000000E+000   1.99999999795135     
   1.23297002724796       0.000000000000000E+000   1.99999999795135     
   1.24659400544959       0.000000000000000E+000   1.99999999795135     
   1.26021798365123       0.000000000000000E+000   1.99999999795135     
   1.27384196185286       0.000000000000000E+000   1.99999999795135     
   1.28746594005450       0.000000000000000E+000   1.99999999795135     
   1.30108991825613       0.000000000000000E+000   1.99999999795135     
   1.31471389645777       0.000000000000000E+000   1.99999999795135     
   1.32833787465940       0.000000000000000E+000   1.99999999795135     
   1.34196185286104       0.000000000000000E+000   1.99999999795135     
   1.35558583106267       0.000000000000000E+000   1.99999999795135     
   1.36920980926431       0.000000000000000E+000   1.99999999795135     
   1.38283378746594       0.000000000000000E+000   1.99999999795135     
   1.39645776566758       0.000000000000000E+000   1.99999999795135     
   1.41008174386921       0.000000000000000E+000   1.99999999795135     
   1.42370572207085       0.000000000000000E+000   1.99999999795135     
   1.43732970027248       0.000000000000000E+000   1.99999999795135     
   1.45095367847411       0.000000000000000E+000   1.99999999795135     
   1.46457765667575       0.000000000000000E+000   1.99999999795135     
   1.47820163487738       0.000000000000000E+000   1.99999999795135     
   1.49182561307902       0.000000000000000E+000   1.99999999795135     
   1.50544959128066       0.000000000000000E+000   1.99999999795135     
   1.51907356948229       0.000000000000000E+000   1.99999999795135     
   1.53269754768392       0.000000000000000E+000   1.99999999795135     
   1.54632152588556       0.000000000000000E+000   1.99999999795135     
   1.55994550408719       0.000000000000000E+000   1.99999999795135     
   1.57356948228883       0.000000000000000E+000   1.99999999795135     
   1.58719346049046       0.000000000000000E+000   1.99999999795135     
   1.60081743869210       0.000000000000000E+000   1.99999999795135     
   1.61444141689373       0.000000000000000E+000   1.99999999795135     
   1.62806539509537       0.000000000000000E+000   1.99999999795135     
   1.64168937329700       0.000000000000000E+000   1.99999999795135     
   1.65531335149864       0.000000000000000E+000   1.99999999795135     
   1.66893732970027       0.000000000000000E+000   1.99999999795135     
   1.68256130790191       0.000000000000000E+000   1.99999999795135     
   1.69618528610354       0.000000000000000E+000   1.99999999795135     
   1.70980926430518       0.000000000000000E+000   1.99999999795135     
   1.72343324250681       0.000000000000000E+000   1.99999999795135     
   1.73705722070845       0.000000000000000E+000   1.99999999795135     
   1.75068119891008       0.000000000000000E+000   1.99999999795135     
   1.76430517711172       0.000000000000000E+000   1.99999999795135     
   1.77792915531335       0.000000000000000E+000   1.99999999795135     
   1.79155313351499       0.000000000000000E+000   1.99999999795135     
   1.80517711171662       0.000000000000000E+000   1.99999999795135     
   1.81880108991826       0.000000000000000E+000   1.99999999795135     
   1.83242506811989       0.000000000000000E+000   1.99999999795135     
   1.84604904632153       0.000000000000000E+000   1.99999999795135     
   1.85967302452316       0.000000000000000E+000   1.99999999795135     
   1.87329700272480       0.000000000000000E+000   1.99999999795135     
   1.88692098092643       0.000000000000000E+000   1.99999999795135     
   1.90054495912807       0.000000000000000E+000   1.99999999795135     
   1.91416893732970       0.000000000000000E+000   1.99999999795135     
   1.92779291553134       0.000000000000000E+000   1.99999999795135     
   1.94141689373297       0.000000000000000E+000   1.99999999795135     
   1.95504087193460       0.000000000000000E+000   1.99999999795135     
   1.96866485013624       0.000000000000000E+000   1.99999999795135     
   1.98228882833788       0.000000000000000E+000   1.99999999795135     
   1.99591280653951       0.000000000000000E+000   1.99999999795135     
   2.00953678474115       0.000000000000000E+000   1.99999999795135     
   2.02316076294278       0.000000000000000E+000   1.99999999795135     
   2.03678474114441       0.000000000000000E+000   1.99999999795135     
   2.05040871934605       0.000000000000000E+000   1.99999999795135     
   2.06403269754768       0.000000000000000E+000   1.99999999795135     
   2.07765667574932       0.000000000000000E+000   1.99999999795135     
   2.09128065395095       0.000000000000000E+000   1.99999999795135     
   2.10490463215259       0.000000000000000E+000   1.99999999795135     
   2.11852861035422       0.000000000000000E+000   1.99999999795135     
   2.13215258855586       0.000000000000000E+000   1.99999999795135     
   2.14577656675749       0.000000000000000E+000   1.99999999795135     
   2.15940054495913       0.000000000000000E+000   1.99999999795135     
   2.17302452316076       0.000000000000000E+000   1.99999999795135     
   2.18664850136240       0.000000000000000E+000   1.99999999795135     
   2.20027247956403       0.000000000000000E+000   1.99999999795135     
   2.21389645776567       0.000000000000000E+000   1.99999999795135     
   2.22752043596730       0.000000000000000E+000   1.99999999795135     
   2.24114441416894       0.000000000000000E+000   1.99999999795135     
   2.25476839237057       0.000000000000000E+000   1.99999999795135     
   2.26839237057221       0.000000000000000E+000   1.99999999795135     
   2.28201634877384       0.000000000000000E+000   1.99999999795135     
   2.29564032697548       0.000000000000000E+000   1.99999999795135     
   2.30926430517711       0.000000000000000E+000   1.99999999795135     
   2.32288828337875       0.000000000000000E+000   1.99999999795135     
   2.33651226158038       0.000000000000000E+000   1.99999999795135     
   2.35013623978202       0.000000000000000E+000   1.99999999795135     
   2.36376021798365       0.000000000000000E+000   1.99999999795135     
   2.37738419618529       0.000000000000000E+000   1.99999999795135     
   2.39100817438692       0.000000000000000E+000   1.99999999795135     
   2.40463215258856       0.000000000000000E+000   1.99999999795135     
   2.41825613079019       0.000000000000000E+000   1.99999999795135     
   2.43188010899183       0.000000000000000E+000   1.99999999795135     
   2.44550408719346       0.000000000000000E+000   1.99999999795135     
   2.45912806539510       0.000000000000000E+000   1.99999999795135     
   2.47275204359673       0.000000000000000E+000   1.99999999795135     
   2.48637602179837       0.000000000000000E+000   1.99999999795135     
   2.50000000000000       0.000000000000000E+000   1.99999999795135     
   2.51362397820164       0.000000000000000E+000   1.99999999795135     
   2.52724795640327       0.000000000000000E+000   1.99999999795135     
   2.54087193460490       0.000000000000000E+000   1.99999999795135     
   2.55449591280654       0.000000000000000E+000   1.99999999795135     
   2.56811989100818       0.000000000000000E+000   1.99999999795135     
   2.58174386920981       0.000000000000000E+000   1.99999999795135     
   2.59536784741145       0.000000000000000E+000   1.99999999795135     
   2.60899182561308       0.000000000000000E+000   1.99999999795135     
   2.62261580381471       0.000000000000000E+000   1.99999999795135     
   2.63623978201635       0.000000000000000E+000   1.99999999795135     
   2.64986376021798       0.000000000000000E+000   1.99999999795135     
   2.66348773841962       0.000000000000000E+000   1.99999999795135     
   2.67711171662125       0.000000000000000E+000   1.99999999795135     
   2.69073569482289       0.000000000000000E+000   1.99999999795135     
   2.70435967302452       0.000000000000000E+000   1.99999999795135     
   2.71798365122616       0.000000000000000E+000   1.99999999795135     
   2.73160762942779       0.000000000000000E+000   1.99999999795135     
   2.74523160762943       0.000000000000000E+000   1.99999999795135     
   2.75885558583106       0.000000000000000E+000   1.99999999795135     
   2.77247956403270       0.000000000000000E+000   1.99999999795135     
   2.78610354223433       0.000000000000000E+000   1.99999999795135     
   2.79972752043597       0.000000000000000E+000   1.99999999795135     
   2.81335149863760       0.000000000000000E+000   1.99999999795135     
   2.82697547683924       0.000000000000000E+000   1.99999999795135     
   2.84059945504087       0.000000000000000E+000   1.99999999795135     
   2.85422343324251       0.000000000000000E+000   1.99999999795135     
   2.86784741144414       0.000000000000000E+000   1.99999999795135     
   2.88147138964578       0.000000000000000E+000   1.99999999795135     
   2.89509536784741       0.000000000000000E+000   1.99999999795135     
   2.90871934604905       0.000000000000000E+000   1.99999999795135     
   2.92234332425068       0.000000000000000E+000   1.99999999795135     
   2.93596730245232       0.000000000000000E+000   1.99999999795135     
   2.94959128065395       0.000000000000000E+000   1.99999999795135     
   2.96321525885559       0.000000000000000E+000   1.99999999795135     
   2.97683923705722       0.000000000000000E+000   1.99999999795135     
   2.99046321525886       0.000000000000000E+000   1.99999999795135     
   3.00408719346049       0.000000000000000E+000   1.99999999795135     
   3.01771117166213       0.000000000000000E+000   1.99999999795135     
   3.03133514986376       0.000000000000000E+000   1.99999999795135     
   3.04495912806540       0.000000000000000E+000   1.99999999795135     
   3.05858310626703       0.000000000000000E+000   1.99999999795135     
   3.07220708446867       0.000000000000000E+000   1.99999999795135     
   3.08583106267030       0.000000000000000E+000   1.99999999795135     
   3.09945504087194       0.000000000000000E+000   1.99999999795135     
   3.11307901907357       0.000000000000000E+000   1.99999999795135     
   3.12670299727520       0.000000000000000E+000   1.99999999795135     
   3.14032697547684       0.000000000000000E+000   1.99999999795135     
   3.15395095367847       0.000000000000000E+000   1.99999999795135     
   3.16757493188011       0.000000000000000E+000   1.99999999795135     
   3.18119891008175       0.000000000000000E+000   1.99999999795135     
   3.19482288828338       0.000000000000000E+000   1.99999999795135     
   3.20844686648501       0.000000000000000E+000   1.99999999795135     
   3.22207084468665       0.000000000000000E+000   1.99999999795135     
   3.23569482288828       0.000000000000000E+000   1.99999999795135     
   3.24931880108992       0.000000000000000E+000   1.99999999795135     
   3.26294277929155       0.000000000000000E+000   1.99999999795135     
   3.27656675749319       0.000000000000000E+000   1.99999999795135     
   3.29019073569482       0.000000000000000E+000   1.99999999795135     
   3.30381471389646       0.000000000000000E+000   1.99999999795135     
   3.31743869209809       0.000000000000000E+000   1.99999999795135     
   3.33106267029973       0.000000000000000E+000   1.99999999795135     
   3.34468664850136       0.000000000000000E+000   1.99999999795135     
   3.35831062670300       0.000000000000000E+000   1.99999999795135     
   3.37193460490463       0.000000000000000E+000   1.99999999795135     
   3.38555858310627       0.000000000000000E+000   1.99999999795135     
   3.39918256130790       0.000000000000000E+000   1.99999999795135     
   3.41280653950954       0.000000000000000E+000   1.99999999795135     
   3.42643051771117       0.000000000000000E+000   1.99999999795135     
   3.44005449591281       0.000000000000000E+000   1.99999999795135     
   3.45367847411444       0.000000000000000E+000   1.99999999795135     
   3.46730245231608       0.000000000000000E+000   1.99999999795135     
   3.48092643051771       0.000000000000000E+000   1.99999999795135     
   3.49455040871935       0.000000000000000E+000   1.99999999795135     
   3.50817438692098       0.000000000000000E+000   1.99999999795135     
   3.52179836512262       0.000000000000000E+000   1.99999999795135     
   3.53542234332425       0.000000000000000E+000   1.99999999795135     
   3.54904632152589       0.000000000000000E+000   1.99999999795135     
   3.56267029972752       0.000000000000000E+000   1.99999999795135     
   3.57629427792916       0.000000000000000E+000   1.99999999795135     
   3.58991825613079       0.000000000000000E+000   1.99999999795135     
   3.60354223433243       0.000000000000000E+000   1.99999999795135     
   3.61716621253406       0.000000000000000E+000   1.99999999795135     
   3.63079019073569       0.000000000000000E+000   1.99999999795135     
   3.64441416893733       0.000000000000000E+000   1.99999999795135     
   3.65803814713897       0.000000000000000E+000   1.99999999795135     
   3.67166212534060       0.000000000000000E+000   1.99999999795135     
   3.68528610354224       0.000000000000000E+000   1.99999999795135     
   3.69891008174387       0.000000000000000E+000   1.99999999795135     
   3.71253405994550       0.000000000000000E+000   1.99999999795135     
   3.72615803814714       0.000000000000000E+000   1.99999999795135     
   3.73978201634877       0.000000000000000E+000   1.99999999795135     
   3.75340599455041       0.000000000000000E+000   1.99999999795135     
   3.76702997275204       0.000000000000000E+000   1.99999999795135     
   3.78065395095368       0.000000000000000E+000   1.99999999795135     
   3.79427792915531       0.000000000000000E+000   1.99999999795135     
   3.80790190735695       0.000000000000000E+000   1.99999999795135     
   3.82152588555858       0.000000000000000E+000   1.99999999795135     
   3.83514986376022       0.000000000000000E+000   1.99999999795135     
   3.84877384196185       0.000000000000000E+000   1.99999999795135     
   3.86239782016349       0.000000000000000E+000   1.99999999795135     
   3.87602179836512       0.000000000000000E+000   1.99999999795135     
   3.88964577656676       0.000000000000000E+000   1.99999999795135     
   3.90326975476839       0.000000000000000E+000   1.99999999795135     
   3.91689373297003       0.000000000000000E+000   1.99999999795135     
   3.93051771117166       0.000000000000000E+000   1.99999999795135     
   3.94414168937330       0.000000000000000E+000   1.99999999795135     
   3.95776566757493       0.000000000000000E+000   1.99999999795135     
   3.97138964577657       0.000000000000000E+000   1.99999999795135     
   3.98501362397820       0.000000000000000E+000   1.99999999795135     
   3.99863760217984       0.000000000000000E+000   1.99999999795135     
   4.01226158038147       0.000000000000000E+000   1.99999999795135     
   4.02588555858311       0.000000000000000E+000   1.99999999795135     
   4.03950953678474       0.000000000000000E+000   1.99999999795135     
   4.05313351498638       0.000000000000000E+000   1.99999999795135     
   4.06675749318801       0.000000000000000E+000   1.99999999795135     
   4.08038147138965       0.000000000000000E+000   1.99999999795135     
   4.09400544959128       0.000000000000000E+000   1.99999999795135     
   4.10762942779292       0.000000000000000E+000   1.99999999795135     
   4.12125340599455       0.000000000000000E+000   1.99999999795135     
   4.13487738419619       0.000000000000000E+000   1.99999999795135     
   4.14850136239782       0.000000000000000E+000   1.99999999795135     
   4.16212534059946       0.000000000000000E+000   1.99999999795135     
   4.17574931880109       0.000000000000000E+000   1.99999999795135     
   4.18937329700273       0.000000000000000E+000   1.99999999795135     
   4.20299727520436       0.000000000000000E+000   1.99999999795135     
   4.21662125340599       0.000000000000000E+000   1.99999999795135     
   4.23024523160763       0.000000000000000E+000   1.99999999795135     
   4.24386920980927       0.000000000000000E+000   1.99999999795135     
   4.25749318801090       0.000000000000000E+000   1.99999999795135     
   4.27111716621253       0.000000000000000E+000   1.99999999795135     
   4.28474114441417       0.000000000000000E+000   1.99999999795135     
   4.29836512261580       0.000000000000000E+000   1.99999999795135     
   4.31198910081744       0.000000000000000E+000   1.99999999795135     
   4.32561307901907       0.000000000000000E+000   1.99999999795135     
   4.33923705722071       0.000000000000000E+000   1.99999999795135     
   4.35286103542234       0.000000000000000E+000   1.99999999795135     
   4.36648501362398       0.000000000000000E+000   1.99999999795135     
   4.38010899182561       0.000000000000000E+000   1.99999999795135     
   4.39373297002725       0.000000000000000E+000   1.99999999795135     
   4.40735694822888       0.000000000000000E+000   1.99999999795135     
   4.42098092643052       0.000000000000000E+000   1.99999999795135     
   4.43460490463215       0.000000000000000E+000   1.99999999795135     
   4.44822888283379       0.000000000000000E+000   1.99999999795135     
   4.46185286103542       0.000000000000000E+000   1.99999999795135     
   4.47547683923706       0.000000000000000E+000   1.99999999795135     
   4.48910081743869       0.000000000000000E+000   1.99999999795135     
   4.50272479564033       0.000000000000000E+000   1.99999999795135     
   4.51634877384196       0.000000000000000E+000   1.99999999795135     
   4.52997275204360       0.000000000000000E+000   1.99999999795135     
   4.54359673024523       0.000000000000000E+000   1.99999999795135     
   4.55722070844687       0.000000000000000E+000   1.99999999795135     
   4.57084468664850       0.000000000000000E+000   1.99999999795135     
   4.58446866485014       0.000000000000000E+000   1.99999999795135     
   4.59809264305177       0.000000000000000E+000   1.99999999795135     
   4.61171662125341       0.000000000000000E+000   1.99999999795135     
   4.62534059945504       0.000000000000000E+000   1.99999999795135     
   4.63896457765668       0.000000000000000E+000   1.99999999795135     
   4.65258855585831       0.000000000000000E+000   1.99999999795135     
   4.66621253405995       0.000000000000000E+000   1.99999999795135     
   4.67983651226158       0.000000000000000E+000   1.99999999795135     
   4.69346049046322       0.000000000000000E+000   1.99999999795135     
   4.70708446866485       0.000000000000000E+000   1.99999999795135     
   4.72070844686649       0.000000000000000E+000   1.99999999795135     
   4.73433242506812       0.000000000000000E+000   1.99999999795135     
   4.74795640326976       0.000000000000000E+000   1.99999999795135     
   4.76158038147139       0.000000000000000E+000   1.99999999795135     
   4.77520435967302       0.000000000000000E+000   1.99999999795135     
   4.78882833787466       0.000000000000000E+000   1.99999999795135     
   4.80245231607629       0.000000000000000E+000   1.99999999795135     
   4.81607629427793       0.000000000000000E+000   1.99999999795135     
   4.82970027247957       0.000000000000000E+000   1.99999999795135     
   4.84332425068120       0.000000000000000E+000   1.99999999795135     
   4.85694822888283       0.000000000000000E+000   1.99999999795135     
   4.87057220708447       0.000000000000000E+000   1.99999999795135     
   4.88419618528610       0.000000000000000E+000   1.99999999795135     
   4.89782016348774       0.000000000000000E+000   1.99999999795135     
   4.91144414168937       0.000000000000000E+000   1.99999999795135     
   4.92506811989101       0.000000000000000E+000   1.99999999795135     
   4.93869209809264       0.000000000000000E+000   1.99999999795135     
   4.95231607629428       0.000000000000000E+000   1.99999999795135     
   4.96594005449591       0.000000000000000E+000   1.99999999795135     
   4.97956403269755       0.000000000000000E+000   1.99999999795135     
   4.99318801089918       0.000000000000000E+000   1.99999999795135     
