2.0475598978e-09
4.87498220052e-06
2.21773861931e-09
6.68578773445e-06
2.40468771082e-09
9.35519716496e-06
1.33954070019e-05
2.61032707321e-09
1.97019520024e-05
2.83682823303e-09
2.99125919624e-05
3.08665148371e-09
3.3625892801e-09
4.719006088e-05
7.80660676562e-05
3.66781695289e-09
0.00013722989764
0.000261649921831
4.00595210116e-09
4.38112431008e-09
0.000560138704455
4.79805718861e-09
0.00143788023655
5.26216514748e-09
0.00513010853175
0.0355288515699
5.77966786505e-09
0.134452797535
6.35772603973e-09
0.0388253042058
7.00460283289e-09
0.0122680063683
7.72985642319e-09
0.00732000950849
8.54457035218e-09
9.46162992865e-09
1.04960549708e-08
0.00593884170421
0.00556646108048
0.00429803118254
1.16654016995e-08
0.00275612410422
1.29902498299e-08
1.44947950498e-08
0.00184277979947
1.62075723696e-08
0.00130035353981
1.81623426889e-08
0.000969245209501
2.03991838108e-08
0.000764904140062
2.29658387137e-08
0.000640405963178
2.59193890925e-08
0.000570405351719
2.93283422059e-08
0.000543358588603
0.000559191309242
3.32752456417e-08
0.000633719994631
3.7859980089e-08
4.32039278755e-08
0.000821053055452
4.94552795194e-08
5.67958284821e-08
0.00132118223816
0.00335033014874
0.0565716009183
0.668388658285
6.54497250415e-08
7.56948274147e-08
8.78775217274e-08
0.00556624641691
0.000862970316423
0.000288882989295
1.1990714583e-07
1.02432211555e-07
0.000129031951236
1.40998926969e-07
3.86648947315e-05
1.66599018909e-07
2.37938637896e-05
1.97857012292e-07
2.3626754371e-07
1.54043462051e-05
2.83790993358e-07
7.21317429936e-06
5.14873145877e-06
1.03747108971e-05
2.11387484567e-06
9.91720357782e-07
7.88135338666e-07
4.17435698642e-07
5.11725044438e-07
1.62214143545e-06
1.26101681243e-06
2.7951135394e-06
6.72636738628e-05
3.75763126957e-06
3.4302302396e-07
6.32319449865e-07
