  -26.2990457739230       0.000000000000000E+000  0.000000000000000E+000
  -26.2727373217691       0.000000000000000E+000  0.000000000000000E+000
  -26.2464288696152       0.000000000000000E+000  0.000000000000000E+000
  -26.2201204174613       0.000000000000000E+000  0.000000000000000E+000
  -26.1938119653074       0.000000000000000E+000  0.000000000000000E+000
  -26.1675035131535       0.000000000000000E+000  0.000000000000000E+000
  -26.1411950609996       0.000000000000000E+000  0.000000000000000E+000
  -26.1148866088457       0.000000000000000E+000  0.000000000000000E+000
  -26.0885781566918       0.000000000000000E+000  0.000000000000000E+000
  -26.0622697045378       0.000000000000000E+000  0.000000000000000E+000
  -26.0359612523839       0.000000000000000E+000  0.000000000000000E+000
  -26.0096528002300       0.000000000000000E+000  0.000000000000000E+000
  -25.9833443480761       0.000000000000000E+000  0.000000000000000E+000
  -25.9570358959222       0.000000000000000E+000  0.000000000000000E+000
  -25.9307274437683       0.000000000000000E+000  0.000000000000000E+000
  -25.9044189916144       0.000000000000000E+000  0.000000000000000E+000
  -25.8781105394605       0.000000000000000E+000  0.000000000000000E+000
  -25.8518020873066       0.000000000000000E+000  0.000000000000000E+000
  -25.8254936351526       0.000000000000000E+000  0.000000000000000E+000
  -25.7991851829987       0.000000000000000E+000  0.000000000000000E+000
  -25.7728767308448       0.000000000000000E+000  0.000000000000000E+000
  -25.7465682786909       0.000000000000000E+000  0.000000000000000E+000
  -25.7202598265370       0.000000000000000E+000  0.000000000000000E+000
  -25.6939513743831       0.000000000000000E+000  0.000000000000000E+000
  -25.6676429222292       0.000000000000000E+000  0.000000000000000E+000
  -25.6413344700753       0.000000000000000E+000  0.000000000000000E+000
  -25.6150260179214       0.000000000000000E+000  0.000000000000000E+000
  -25.5887175657674       0.000000000000000E+000  0.000000000000000E+000
  -25.5624091136135       0.000000000000000E+000  0.000000000000000E+000
  -25.5361006614596       0.000000000000000E+000  0.000000000000000E+000
  -25.5097922093057       0.000000000000000E+000  0.000000000000000E+000
  -25.4834837571518       0.000000000000000E+000  0.000000000000000E+000
  -25.4571753049979       0.000000000000000E+000  0.000000000000000E+000
  -25.4308668528440       0.000000000000000E+000  0.000000000000000E+000
  -25.4045584006901       0.000000000000000E+000  0.000000000000000E+000
  -25.3782499485362       0.000000000000000E+000  0.000000000000000E+000
  -25.3519414963822       0.000000000000000E+000  0.000000000000000E+000
  -25.3256330442283       0.000000000000000E+000  0.000000000000000E+000
  -25.2993245920744       0.000000000000000E+000  0.000000000000000E+000
  -25.2730161399205       0.000000000000000E+000  0.000000000000000E+000
  -25.2467076877666       0.000000000000000E+000  0.000000000000000E+000
  -25.2203992356127       0.000000000000000E+000  0.000000000000000E+000
  -25.1940907834588       0.000000000000000E+000  0.000000000000000E+000
  -25.1677823313049       0.000000000000000E+000  0.000000000000000E+000
  -25.1414738791510       0.000000000000000E+000  0.000000000000000E+000
  -25.1151654269970       0.000000000000000E+000  0.000000000000000E+000
  -25.0888569748431       0.000000000000000E+000  0.000000000000000E+000
  -25.0625485226892       0.000000000000000E+000  0.000000000000000E+000
  -25.0362400705353       0.000000000000000E+000  0.000000000000000E+000
  -25.0099316183814       0.000000000000000E+000  0.000000000000000E+000
  -24.9836231662275       0.000000000000000E+000  0.000000000000000E+000
  -24.9573147140736       0.000000000000000E+000  0.000000000000000E+000
  -24.9310062619197       0.000000000000000E+000  0.000000000000000E+000
  -24.9046978097658       0.000000000000000E+000  0.000000000000000E+000
  -24.8783893576119       0.000000000000000E+000  0.000000000000000E+000
  -24.8520809054579       0.000000000000000E+000  0.000000000000000E+000
  -24.8257724533040       0.000000000000000E+000  0.000000000000000E+000
  -24.7994640011501       0.000000000000000E+000  0.000000000000000E+000
  -24.7731555489962       0.000000000000000E+000  0.000000000000000E+000
  -24.7468470968423       0.000000000000000E+000  0.000000000000000E+000
  -24.7205386446884       0.000000000000000E+000  0.000000000000000E+000
  -24.6942301925345       0.000000000000000E+000  0.000000000000000E+000
  -24.6679217403806       0.000000000000000E+000  0.000000000000000E+000
  -24.6416132882267       0.000000000000000E+000  0.000000000000000E+000
  -24.6153048360727       0.000000000000000E+000  0.000000000000000E+000
  -24.5889963839188       0.000000000000000E+000  0.000000000000000E+000
  -24.5626879317649       0.000000000000000E+000  0.000000000000000E+000
  -24.5363794796110       0.000000000000000E+000  0.000000000000000E+000
  -24.5100710274571       0.000000000000000E+000  0.000000000000000E+000
  -24.4837625753032       0.000000000000000E+000  0.000000000000000E+000
  -24.4574541231493       0.000000000000000E+000  0.000000000000000E+000
  -24.4311456709954       0.000000000000000E+000  0.000000000000000E+000
  -24.4048372188415       0.000000000000000E+000  0.000000000000000E+000
  -24.3785287666875       0.000000000000000E+000  0.000000000000000E+000
  -24.3522203145336       0.000000000000000E+000  0.000000000000000E+000
  -24.3259118623797       0.000000000000000E+000  0.000000000000000E+000
  -24.2996034102258       0.000000000000000E+000  0.000000000000000E+000
  -24.2732949580719       0.000000000000000E+000  0.000000000000000E+000
  -24.2469865059180       0.000000000000000E+000  0.000000000000000E+000
  -24.2206780537641       0.000000000000000E+000  0.000000000000000E+000
  -24.1943696016102       0.000000000000000E+000  0.000000000000000E+000
  -24.1680611494563       0.000000000000000E+000  0.000000000000000E+000
  -24.1417526973023       0.000000000000000E+000  0.000000000000000E+000
  -24.1154442451484       0.000000000000000E+000  0.000000000000000E+000
  -24.0891357929945       0.000000000000000E+000  0.000000000000000E+000
  -24.0628273408406       0.000000000000000E+000  0.000000000000000E+000
  -24.0365188886867       0.000000000000000E+000  0.000000000000000E+000
  -24.0102104365328       0.000000000000000E+000  0.000000000000000E+000
  -23.9839019843789       0.000000000000000E+000  0.000000000000000E+000
  -23.9575935322250       0.000000000000000E+000  0.000000000000000E+000
  -23.9312850800711       0.000000000000000E+000  0.000000000000000E+000
  -23.9049766279171       0.000000000000000E+000  0.000000000000000E+000
  -23.8786681757632       0.000000000000000E+000  0.000000000000000E+000
  -23.8523597236093       0.000000000000000E+000  0.000000000000000E+000
  -23.8260512714554       0.000000000000000E+000  0.000000000000000E+000
  -23.7997428193015       0.000000000000000E+000  0.000000000000000E+000
  -23.7734343671476       0.000000000000000E+000  0.000000000000000E+000
  -23.7471259149937       0.000000000000000E+000  0.000000000000000E+000
  -23.7208174628398       0.000000000000000E+000  0.000000000000000E+000
  -23.6945090106859       0.000000000000000E+000  0.000000000000000E+000
  -23.6682005585319       0.000000000000000E+000  0.000000000000000E+000
  -23.6418921063780       0.000000000000000E+000  0.000000000000000E+000
  -23.6155836542241       0.000000000000000E+000  0.000000000000000E+000
  -23.5892752020702       0.000000000000000E+000  0.000000000000000E+000
  -23.5629667499163       0.000000000000000E+000  0.000000000000000E+000
  -23.5366582977624       0.000000000000000E+000  0.000000000000000E+000
  -23.5103498456085       0.000000000000000E+000  0.000000000000000E+000
  -23.4840413934546       0.000000000000000E+000  0.000000000000000E+000
  -23.4577329413007       0.000000000000000E+000  0.000000000000000E+000
  -23.4314244891467       0.000000000000000E+000  0.000000000000000E+000
  -23.4051160369928       0.000000000000000E+000  0.000000000000000E+000
  -23.3788075848389       0.000000000000000E+000  0.000000000000000E+000
  -23.3524991326850       0.000000000000000E+000  0.000000000000000E+000
  -23.3261906805311       0.000000000000000E+000  0.000000000000000E+000
  -23.2998822283772       0.000000000000000E+000  0.000000000000000E+000
  -23.2735737762233       0.000000000000000E+000  0.000000000000000E+000
  -23.2472653240694       0.000000000000000E+000  0.000000000000000E+000
  -23.2209568719155       0.000000000000000E+000  0.000000000000000E+000
  -23.1946484197615       0.000000000000000E+000  0.000000000000000E+000
  -23.1683399676076       0.000000000000000E+000  0.000000000000000E+000
  -23.1420315154537       0.000000000000000E+000  0.000000000000000E+000
  -23.1157230632998       0.000000000000000E+000  0.000000000000000E+000
  -23.0894146111459       0.000000000000000E+000  0.000000000000000E+000
  -23.0631061589920       0.000000000000000E+000  0.000000000000000E+000
  -23.0367977068381       0.000000000000000E+000  0.000000000000000E+000
  -23.0104892546842       0.000000000000000E+000  0.000000000000000E+000
  -22.9841808025303       0.000000000000000E+000  0.000000000000000E+000
  -22.9578723503763       0.000000000000000E+000  0.000000000000000E+000
  -22.9315638982224       0.000000000000000E+000  0.000000000000000E+000
  -22.9052554460685       0.000000000000000E+000  0.000000000000000E+000
  -22.8789469939146       0.000000000000000E+000  0.000000000000000E+000
  -22.8526385417607       0.000000000000000E+000  0.000000000000000E+000
  -22.8263300896068       0.000000000000000E+000  0.000000000000000E+000
  -22.8000216374529       0.000000000000000E+000  0.000000000000000E+000
  -22.7737131852990       0.000000000000000E+000  0.000000000000000E+000
  -22.7474047331451       0.000000000000000E+000  0.000000000000000E+000
  -22.7210962809911       0.000000000000000E+000  0.000000000000000E+000
  -22.6947878288372       0.000000000000000E+000  0.000000000000000E+000
  -22.6684793766833       0.000000000000000E+000  0.000000000000000E+000
  -22.6421709245294       0.000000000000000E+000  0.000000000000000E+000
  -22.6158624723755       0.000000000000000E+000  0.000000000000000E+000
  -22.5895540202216       0.000000000000000E+000  0.000000000000000E+000
  -22.5632455680677       0.000000000000000E+000  0.000000000000000E+000
  -22.5369371159138       0.000000000000000E+000  0.000000000000000E+000
  -22.5106286637599       0.000000000000000E+000  0.000000000000000E+000
  -22.4843202116060       0.000000000000000E+000  0.000000000000000E+000
  -22.4580117594520       0.000000000000000E+000  0.000000000000000E+000
  -22.4317033072981       0.000000000000000E+000  0.000000000000000E+000
  -22.4053948551442       0.000000000000000E+000  0.000000000000000E+000
  -22.3790864029903       0.000000000000000E+000  0.000000000000000E+000
  -22.3527779508364       0.000000000000000E+000  0.000000000000000E+000
  -22.3264694986825       0.000000000000000E+000  0.000000000000000E+000
  -22.3001610465286       0.000000000000000E+000  0.000000000000000E+000
  -22.2738525943747       0.000000000000000E+000  0.000000000000000E+000
  -22.2475441422208       0.000000000000000E+000  0.000000000000000E+000
  -22.2212356900668       0.000000000000000E+000  0.000000000000000E+000
  -22.1949272379129       0.000000000000000E+000  0.000000000000000E+000
  -22.1686187857590       0.000000000000000E+000  0.000000000000000E+000
  -22.1423103336051       0.000000000000000E+000  0.000000000000000E+000
  -22.1160018814512       0.000000000000000E+000  0.000000000000000E+000
  -22.0896934292973       0.000000000000000E+000  0.000000000000000E+000
  -22.0633849771434       0.000000000000000E+000  0.000000000000000E+000
  -22.0370765249895       0.000000000000000E+000  0.000000000000000E+000
  -22.0107680728356       0.000000000000000E+000  0.000000000000000E+000
  -21.9844596206816       0.000000000000000E+000  0.000000000000000E+000
  -21.9581511685277       0.000000000000000E+000  0.000000000000000E+000
  -21.9318427163738       0.000000000000000E+000  0.000000000000000E+000
  -21.9055342642199       0.000000000000000E+000  0.000000000000000E+000
  -21.8792258120660       0.000000000000000E+000  0.000000000000000E+000
  -21.8529173599121       0.000000000000000E+000  0.000000000000000E+000
  -21.8266089077582       0.000000000000000E+000  0.000000000000000E+000
  -21.8003004556043       0.000000000000000E+000  0.000000000000000E+000
  -21.7739920034504       0.000000000000000E+000  0.000000000000000E+000
  -21.7476835512964       0.000000000000000E+000  0.000000000000000E+000
  -21.7213750991425       0.000000000000000E+000  0.000000000000000E+000
  -21.6950666469886       0.000000000000000E+000  0.000000000000000E+000
  -21.6687581948347       0.000000000000000E+000  0.000000000000000E+000
  -21.6424497426808       0.000000000000000E+000  0.000000000000000E+000
  -21.6161412905269       0.000000000000000E+000  0.000000000000000E+000
  -21.5898328383730       0.000000000000000E+000  0.000000000000000E+000
  -21.5635243862191       0.000000000000000E+000  0.000000000000000E+000
  -21.5372159340652       0.000000000000000E+000  0.000000000000000E+000
  -21.5109074819112       0.000000000000000E+000  0.000000000000000E+000
  -21.4845990297573       0.000000000000000E+000  0.000000000000000E+000
  -21.4582905776034       0.000000000000000E+000  0.000000000000000E+000
  -21.4319821254495       0.000000000000000E+000  0.000000000000000E+000
  -21.4056736732956       0.000000000000000E+000  0.000000000000000E+000
  -21.3793652211417       2.182319765315603E-016  2.182319765315603E-016
  -21.3530567689878       1.640895608696044E-015  1.859127585227604E-015
  -21.3267483168339       1.310105801690710E-014  1.496018560213471E-014
  -21.3004398646800       9.768124007944547E-014  1.126414256815802E-013
  -21.2741314125260       6.816018650645260E-013  7.942432907461062E-013
  -21.2478229603721       4.437326176531358E-012  5.231569467277463E-012
  -21.2215145082182       2.696511048751063E-011  3.219667995478809E-011
  -21.1952060560643       1.529593599885385E-010  1.851560399433266E-010
  -21.1688976039104       8.099188043242761E-010  9.950748442676026E-010
  -21.1425891517565       4.003132815510654E-009  4.998207659778256E-009
  -21.1162806996026       1.846941292328552E-008  2.346762058306378E-008
  -21.0899722474487       7.954305880299883E-008  1.030106793860626E-007
  -21.0636637952948       3.197783596010473E-007  4.227890389871099E-007
  -21.0373553431408       1.200037653223266E-006  1.622826692210376E-006
  -21.0110468909869       4.203790626860558E-006  5.826617319070934E-006
  -20.9847384388330       1.374640111641954E-005  1.957301843549048E-005
  -20.9584299866791       4.196043185624033E-005  6.153345029173080E-005
  -20.9321215345252       1.195625312790142E-004  1.810959815707450E-004
  -20.9058130823713       3.180208679434166E-004  4.991168495141617E-004
  -20.8795046302174       7.896280894684422E-004  1.288744938982604E-003
  -20.8531961780635       1.830193606452024E-003  3.118938545434628E-003
  -20.8268877259096       3.959860674985717E-003  7.078799220420345E-003
  -20.8005792737556       7.997828523123493E-003  1.507662774354384E-002
  -20.7742708216017       1.507906436032316E-002  3.015569210386700E-002
  -20.7479623694478       2.653918428700751E-002  5.669487639087450E-002
  -20.7216539172939       4.360259136552133E-002  0.100297467756396     
  -20.6953454651400       6.687275956652397E-002  0.167170227322920     
  -20.6690370129861       9.574125713302406E-002  0.262911484455944     
  -20.6427285608322       0.127956690351338       0.390868174807282     
  -20.6164201086783       0.159640484038561       0.550508658845843     
  -20.5901116565244       0.185928001839764       0.736436660685607     
  -20.5638032043704       0.202154701249649       0.938591361935256     
  -20.5374947522165       0.205212974783616        1.14380433671887     
  -20.5111863000626       0.194552496256823        1.33835683297570     
  -20.4848778479087       0.172406303446033        1.51076313642173     
  -20.4585693957548       0.143162335136124        1.65392547155785     
  -20.4322609436009       0.112180692831767        1.76610616438962     
  -20.4059524914470       8.456251192199855E-002   1.85066867631162     
  -20.3796440392931       6.430160887212978E-002   1.91497028518375     
  -20.3533355871392       5.396615195084695E-002   1.96893643713459     
  -20.3270271349853       5.475367680369299E-002   2.02369011393829     
  -20.3007186828313       6.661880936369857E-002   2.09030892330199     
  -20.2744102306774       8.825510249015228E-002   2.17856402579214     
  -20.2481017785235       0.116946853946723        2.29551087973886     
  -20.2217933263696       0.148531902071272        2.44404278181013     
  -20.1954848742157       0.177775100837087        2.62181788264722     
  -20.1691764220618       0.199283250604425        2.82110113325165     
  -20.1428679699079       0.208776520445430        3.02987765369708     
  -20.1165595177540       0.204257565153652        3.23413521885073     
  -20.0902510656001       0.186572573704347        3.42070779255507     
  -20.0639426134461       0.159093228105484        3.57980102066056     
  -20.0376341612922       0.126641559109222        3.70644257976978     
  -20.0113257091383       9.410584039664280E-002   3.80054842016642     
  -19.9850172569844       6.527858551609271E-002   3.86582700568251     
  -19.9587088048305       4.227053452712327E-002   3.90809754020964     
  -19.9324003526766       2.555152868465032E-002   3.93364906889429     
  -19.9060919005227       1.441808308289928E-002   3.94806715197719     
  -19.8797834483688       7.594670846691048E-003   3.95566182282388     
  -19.8534749962148       3.734396558041871E-003   3.95939621938192     
  -19.8271665440609       1.714119664053615E-003   3.96111033904597     
  -19.8008580919070       7.344634272369951E-004   3.96184480247321     
  -19.7745496397531       2.937694211460975E-004   3.96213857189436     
  -19.7482411875992       1.096855322865225E-004   3.96224825742664     
  -19.7219327354453       3.822938927384873E-005   3.96228648681592     
  -19.6956242832914       1.243796896828205E-005   3.96229892478489     
  -19.6693158311375       3.777499843719470E-006   3.96230270228473     
  -19.6430073789836       1.070929891891759E-006   3.96230377321462     
  -19.6166989268297       2.834117764415548E-007   3.96230405662640     
  -19.5903904746757       7.001218339109710E-008   3.96230412663858     
  -19.5640820225218       1.614458148721996E-008   3.96230414278316     
  -19.5377735703679       3.475168882780851E-009   3.96230414625833     
  -19.5114651182140       6.982636481927171E-010   3.96230414695660     
  -19.4851566660601       1.309652070324480E-010   3.96230414708756     
  -19.4588482139062       2.292891111802233E-011   3.96230414711049     
  -19.4325397617523       3.747144720282493E-012   3.96230414711424     
  -19.4062313095984       5.715801310133435E-013   3.96230414711481     
  -19.3799228574445       8.142744456776642E-014   3.96230414711489     
  -19.3536144052905       1.078281325577376E-014   3.96230414711490     
  -19.3273059531366       1.294693094417219E-015   3.96230414711490     
  -19.3009975009827       1.744802297538400E-016   3.96230414711490     
  -19.2746890488288       0.000000000000000E+000   3.96230414711490     
  -19.2483805966749       0.000000000000000E+000   3.96230414711490     
  -19.2220721445210       0.000000000000000E+000   3.96230414711490     
  -19.1957636923671       0.000000000000000E+000   3.96230414711490     
  -19.1694552402132       0.000000000000000E+000   3.96230414711490     
  -19.1431467880593       0.000000000000000E+000   3.96230414711490     
  -19.1168383359053       0.000000000000000E+000   3.96230414711490     
  -19.0905298837514       0.000000000000000E+000   3.96230414711490     
  -19.0642214315975       0.000000000000000E+000   3.96230414711490     
  -19.0379129794436       0.000000000000000E+000   3.96230414711490     
  -19.0116045272897       0.000000000000000E+000   3.96230414711490     
  -18.9852960751358       0.000000000000000E+000   3.96230414711490     
  -18.9589876229819       0.000000000000000E+000   3.96230414711490     
  -18.9326791708280       0.000000000000000E+000   3.96230414711490     
  -18.9063707186741       0.000000000000000E+000   3.96230414711490     
  -18.8800622665201       0.000000000000000E+000   3.96230414711490     
  -18.8537538143662       0.000000000000000E+000   3.96230414711490     
  -18.8274453622123       0.000000000000000E+000   3.96230414711490     
  -18.8011369100584       0.000000000000000E+000   3.96230414711490     
  -18.7748284579045       0.000000000000000E+000   3.96230414711490     
  -18.7485200057506       0.000000000000000E+000   3.96230414711490     
  -18.7222115535967       0.000000000000000E+000   3.96230414711490     
  -18.6959031014428       0.000000000000000E+000   3.96230414711490     
  -18.6695946492889       0.000000000000000E+000   3.96230414711490     
  -18.6432861971349       3.312276940066671E-016   3.96230414711490     
  -18.6169777449810       2.733329315402348E-015   3.96230414711490     
  -18.5906692928271       2.124153929014468E-014   3.96230414711493     
  -18.5643608406732       1.558372389543881E-013   3.96230414711508     
  -18.5380523885193       1.069747063618091E-012   3.96230414711615     
  -18.5117439363654       6.854511294413830E-012   3.96230414712301     
  -18.4854354842115       4.099661936748153E-011   3.96230414716400     
  -18.4591270320576       2.288819355329553E-010   3.96230414739288     
  -18.4328185799037       1.192796710583556E-009   3.96230414858568     
  -18.4065101277497       5.802493237270356E-009   3.96230415438817     
  -18.3802016755958       2.634861487817584E-008   3.96230418073679     
  -18.3538932234419       1.116856523055137E-007   3.96230429242244     
  -18.3275847712880       4.419110919282603E-007   3.96230473433353     
  -18.3012763191341       1.632193949679893E-006   3.96230636652748     
  -18.2749678669802       5.627420114818133E-006   3.96231199394760     
  -18.2486594148263       1.811127157805585E-005   3.96233010521918     
  -18.2223509626724       5.441164234876395E-005   3.96238451686152     
  -18.1960425105185       1.525946167927957E-004   3.96253711147832     
  -18.1697340583645       3.994773993364483E-004   3.96293658887765     
  -18.1434256062106       9.762294607701136E-004   3.96391281833842     
  -18.1171171540567       2.226995327270869E-003   3.96613981366569     
  -18.0908087019028       4.742368952628005E-003   3.97088218261832     
  -18.0645002497489       9.427159918996135E-003   3.98030934253732     
  -18.0381917975950       1.749349986009666E-002   3.99780284239741     
  -18.0118833454411       3.030285530418467E-002   4.02810569770160     
  -17.9855748932872       4.900067424108542E-002   4.07710637194269     
  -17.9592664411333       7.396611064669943E-002   4.15107248258938     
  -17.9329579889794       0.104226035801349        4.25529851839073     
  -17.9066495368254       0.137098522410612        4.39239704080135     
  -17.8803410846715       0.168345988633493        4.56074302943484     
  -17.8540326325176       0.192968517302091        4.75371154673693     
  -17.8277241803637       0.206482856655091        4.96019440339202     
  -17.8014157282098       0.206250720204606        5.16644512359663     
  -17.7751072760559       0.192318418882906        5.35876354247953     
  -17.7487988239020       0.167401804260763        5.52616534674029     
  -17.7224903717481       0.136023226338862        5.66218857307916     
  -17.6961819195941       0.103176179733064        5.76536475281222     
  -17.6698734674402       7.305650978868601E-002   5.83842126260091     
  -17.6435650152863       4.828932032179734E-002   5.88671058292270     
  -17.6172565631324       2.979582884742239E-002   5.91650641177013     
  -17.5909481109785       1.716214184091273E-002   5.93366855361104     
  -17.5646396588246       9.227806846450685E-003   5.94289636045749     
  -17.5383312066707       4.631650441127752E-003   5.94752801089862     
  -17.5120227545168       2.170113906740743E-003   5.94969812480536     
  -17.4857143023629       9.491566448300233E-004   5.95064728145019     
  -17.4594058502090       3.875260693733042E-004   5.95103480751956     
  -17.4330973980550       1.476966398629108E-004   5.95118250415942     
  -17.4067889459011       5.254675402668068E-005   5.95123505091345     
  -17.3804804937472       1.745121302538148E-005   5.95125250212648     
  -17.3541720415933       5.410141123497631E-006   5.95125791226760     
  -17.3278635894394       1.565645935465936E-006   5.95125947791354     
  -17.3015551372855       4.229404137679180E-007   5.95125990085395     
  -17.2752466851316       1.066507992416925E-007   5.95126000750475     
  -17.2489382329777       2.510423069209565E-008   5.95126003260898     
  -17.2226297808238       5.516023642817482E-009   5.95126003812500     
  -17.1963213286698       1.131358390684966E-009   5.95126003925636     
  -17.1700128765159       2.166045705241800E-010   5.95126003947297     
  -17.1437044243620       3.871036252954514E-011   5.95126003951168     
  -17.1173959722081       6.457659544818151E-012   5.95126003951813     
  -17.0910875200542       1.005596550763501E-012   5.95126003951914     
  -17.0647790679003       1.462051656462681E-013   5.95126003951929     
  -17.0384706157464       1.980514106763270E-014   5.95126003951931     
  -17.0121621635925       2.514182086213367E-015   5.95126003951931     
  -16.9858537114386       3.335997673361419E-016   5.95126003951931     
  -16.9595452592846       0.000000000000000E+000   5.95126003951931     
  -16.9332368071307       0.000000000000000E+000   5.95126003951931     
  -16.9069283549768       0.000000000000000E+000   5.95126003951931     
  -16.8806199028229       0.000000000000000E+000   5.95126003951931     
  -16.8543114506690       0.000000000000000E+000   5.95126003951931     
  -16.8280029985151       0.000000000000000E+000   5.95126003951931     
  -16.8016945463612       0.000000000000000E+000   5.95126003951931     
  -16.7753860942073       0.000000000000000E+000   5.95126003951931     
  -16.7490776420534       0.000000000000000E+000   5.95126003951931     
  -16.7227691898994       0.000000000000000E+000   5.95126003951931     
  -16.6964607377455       0.000000000000000E+000   5.95126003951931     
  -16.6701522855916       0.000000000000000E+000   5.95126003951931     
  -16.6438438334377       0.000000000000000E+000   5.95126003951931     
  -16.6175353812838       0.000000000000000E+000   5.95126003951931     
  -16.5912269291299       0.000000000000000E+000   5.95126003951931     
  -16.5649184769760       0.000000000000000E+000   5.95126003951931     
  -16.5386100248221       3.330416427725199E-016   5.95126003951931     
  -16.5123015726682       2.838659627068900E-015   5.95126003951931     
  -16.4859931205142       2.240854214771951E-014   5.95126003951933     
  -16.4596846683603       1.648157175589402E-013   5.95126003951950     
  -16.4333762162064       1.129254824953312E-012   5.95126003952063     
  -16.4070677640525       7.222506881308297E-012   5.95126003952785     
  -16.3807593118986       4.312114941243487E-011   5.95126003957097     
  -16.3544508597447       2.403172758556736E-010   5.95126003981129     
  -16.3281424075908       1.250175758991850E-009   5.95126004106146     
  -16.3018339554369       6.070866314008297E-009   5.95126004713233     
  -16.2755255032830       2.751852956391145E-008   5.95126007465086     
  -16.2492170511290       1.164384101564228E-007   5.95126019108927     
  -16.2229085989751       4.599019687139496E-007   5.95126065099124     
  -16.1966001468212       1.695639988255873E-006   5.95126234663123     
  -16.1702916946673       5.835831980391397E-006   5.95126818246321     
  -16.1439832425134       1.874882138185857E-005   5.95128693128459     
  -16.1176747903595       5.622746227047969E-005   5.95134315874686     
  -16.0913663382056       1.574082571257641E-004   5.95150056700399     
  -16.0650578860517       4.113506509878245E-004   5.95191191765497     
  -16.0387494338978       1.003468142048939E-003   5.95291538579702     
  -16.0124409817438       2.285086868047708E-003   5.95520047266507     
  -15.9861325295899       4.857474170288840E-003   5.96005794683536     
  -15.9598240774360       9.638907427256947E-003   5.96969685426262     
  -15.9335156252821       1.785481826018982E-002   5.98755167252281     
  -15.9072071731282       3.087408466937579E-002   6.01842575719218     
  -15.8808987209743       4.983614271081629E-002   6.06826189990300     
  -15.8545902688204       7.509430243684902E-002   6.14335620233985     
  -15.8282818166665       0.105628782869095        6.24898498520894     
  -15.8019733645126       0.138698157049973        6.38768314225892     
  -15.7756649123586       0.170009251991821        6.55769239425074     
  -15.7493564602047       0.194530685467493        6.75222307971823     
  -15.7230480080508       0.207786598367467        6.96000967808570     
  -15.6967395558969       0.207186228276898        7.16719590636259     
  -15.6704311037430       0.192849344299376        7.36004525066197     
  -15.6441226515891       0.167567308558865        7.52761255922084     
  -15.6178141994352       0.135917099860957        7.66352965908179     
  -15.5915057472813       0.102913496481931        7.76644315556372     
  -15.5651972951274       7.274173908544533E-002   7.83918489464917     
  -15.5388888429734       4.799630701832660E-002   7.88718120166749     
  -15.5125803908195       2.956275814785194E-002   7.91674395981535     
  -15.4862719386656       1.699805636553642E-002   7.93374201618088     
  -15.4599634865117       9.124385433457704E-003   7.94286640161434     
  -15.4336550343578       4.575013696771644E-003   7.94744141531111     
  -15.4073465822039       2.150844763801680E-003   7.94959226007491     
  -15.3810381300500       9.729563602896507E-004   7.95056521643520     
  -15.3547296778961       4.935153829088854E-004   7.95105873181811     
  -15.3284212257422       4.467863323929053E-004   7.95150551815051     
  -15.3021127735883       8.045353144535943E-004   7.95231005346496     
  -15.2758043214343       1.770004958127268E-003   7.95408005842309     
  -15.2494958692804       3.814027967979722E-003   7.95789408639107     
  -15.2231874171265       7.726589927907544E-003   7.96562067631897     
  -15.1968789649726       1.462661277573483E-002   7.98024728909471     
  -15.1705705128187       2.585076838775323E-002   8.00609805748246     
  -15.1442620606648       4.265044804139909E-002   8.04874850552386     
  -15.1179536085109       6.568815783289930E-002   8.11443666335676     
  -15.0916451563570       9.444159767051312E-002   8.20887826102727     
  -15.0653367042031       0.126751352093471        8.33562961312074     
  -15.0390282520491       0.158801732677542        8.49443134579829     
  -15.0127197998952       0.185725484134383        8.68015682993267     
  -14.9864113477413       0.202769007286325        8.88292583721899     
  -14.9601028955874       0.206654834348546        9.08958067156754     
  -14.9337944434335       0.196609050126631        9.28618972169417     
  -14.9074859912796       0.174612496726491        9.46080221842066     
  -14.8811775391257       0.144764101420179        9.60556631984084     
  -14.8548690869718       0.112036607830958        9.71760292767180     
  -14.8285606348179       8.094168350997143E-002   9.79854461118177     
  -14.8022521826639       5.458801955999289E-002   9.85313263074176     
  -14.7759437305100       3.436646016869186E-002   9.88749909091045     
  -14.7496352783561       2.019687024677151E-002   9.90769596115723     
  -14.7233268262022       1.108012190678061E-002   9.91877608306401     
  -14.6970183740483       5.674341788290761E-003   9.92445042485230     
  -14.6707099218944       2.712664975223867E-003   9.92716308982752     
  -14.6444014697405       1.210558264190533E-003   9.92837364809171     
  -14.6180930175866       5.042932832388348E-004   9.92887794137495     
  -14.5917845654327       1.961045331349184E-004   9.92907404590809     
  -14.5654761132787       7.118655714719819E-005   9.92914523246523     
  -14.5391676611248       2.412198999491891E-005   9.92916935445523     
  -14.5128592089709       7.630129012454021E-006   9.92917698458424     
  -14.4865507568170       2.252957456525184E-006   9.92917923754170     
  -14.4602423046631       6.209764940071257E-007   9.92917985851819     
  -14.4339338525092       1.597706623130227E-007   9.92918001828885     
  -14.4076254003553       3.837224474599221E-008   9.92918005666110     
  -14.3813169482014       8.602688815503687E-009   9.92918006526378     
  -14.3550084960475       1.800306913722331E-009   9.92918006706409     
  -14.3287000438935       3.516840246159337E-010   9.92918006741578     
  -14.3023915917396       6.412842936105309E-011   9.92918006747990     
  -14.2760831395857       1.091544530549773E-011   9.92918006749082     
  -14.2497746874318       1.734302557912250E-012   9.92918006749255     
  -14.2234662352779       2.571916040016552E-013   9.92918006749281     
  -14.1971577831240       3.556230287833830E-014   9.92918006749285     
  -14.1708493309701       4.567256970561870E-015   9.92918006749285     
  -14.1445408788162       5.144966589130916E-016   9.92918006749285     
  -14.1182324266623       6.937876997014803E-017   9.92918006749285     
  -14.0919239745083       0.000000000000000E+000   9.92918006749285     
  -14.0656155223544       0.000000000000000E+000   9.92918006749285     
  -14.0393070702005       0.000000000000000E+000   9.92918006749285     
  -14.0129986180466       0.000000000000000E+000   9.92918006749285     
  -13.9866901658927       0.000000000000000E+000   9.92918006749285     
  -13.9603817137388       0.000000000000000E+000   9.92918006749285     
  -13.9340732615849       0.000000000000000E+000   9.92918006749285     
  -13.9077648094310       0.000000000000000E+000   9.92918006749285     
  -13.8814563572771       0.000000000000000E+000   9.92918006749285     
  -13.8551479051231       0.000000000000000E+000   9.92918006749285     
  -13.8288394529692       0.000000000000000E+000   9.92918006749285     
  -13.8025310008153       0.000000000000000E+000   9.92918006749285     
  -13.7762225486614       0.000000000000000E+000   9.92918006749285     
  -13.7499140965075       0.000000000000000E+000   9.92918006749285     
  -13.7236056443536       0.000000000000000E+000   9.92918006749285     
  -13.6972971921997       0.000000000000000E+000   9.92918006749285     
  -13.6709887400458       0.000000000000000E+000   9.92918006749285     
  -13.6446802878919       0.000000000000000E+000   9.92918006749285     
  -13.6183718357379       0.000000000000000E+000   9.92918006749285     
  -13.5920633835840       0.000000000000000E+000   9.92918006749285     
  -13.5657549314301       0.000000000000000E+000   9.92918006749285     
  -13.5394464792762       0.000000000000000E+000   9.92918006749285     
  -13.5131380271223       0.000000000000000E+000   9.92918006749285     
  -13.4868295749684       0.000000000000000E+000   9.92918006749285     
  -13.4605211228145       3.324998371223530E-016   9.92918006749285     
  -13.4342126706606       2.446125103829810E-015   9.92918006749285     
  -13.4079042185067       1.928407055029194E-014   9.92918006749287     
  -13.3815957663527       1.426990373568745E-013   9.92918006749302     
  -13.3552873141988       9.825591528816740E-013   9.92918006749400     
  -13.3289788620449       6.316064406840230E-012   9.92918006750032     
  -13.3026704098910       3.789837716475696E-011   9.92918006753821     
  -13.2763619577371       2.122694630001575E-010   9.92918006775048     
  -13.2500535055832       1.109803696952933E-009   9.92918006886029     
  -13.2237450534293       5.416243167951039E-009   9.92918007427653     
  -13.1974366012754       2.467431015042072E-008   9.92918009895084     
  -13.1711281491215       1.049272432510876E-007   9.92918020387808     
  -13.1448196969675       4.165137659674396E-007   9.92918062039185     
  -13.1185112448136       1.543368863661714E-006   9.92918216376071     
  -13.0922027926597       5.338395673917236E-006   9.92918750215639     
  -13.0658943405058       1.723668536519172E-005   9.92920473884175     
  -13.0395858883519       5.195172571091742E-005   9.92925669056746     
  -13.0132774361980       1.461674377016539E-004   9.92940285800517     
  -12.9869689840441       3.838900539584586E-004   9.92978674805912     
  -12.9606605318902       9.411735914789875E-004   9.93072792165060     
  -12.9343520797363       2.153973022989155E-003   9.93288189467359     
  -12.9080436275823       4.601711433683032E-003   9.93748360610727     
  -12.8817351754284       9.177152875933433E-003   9.94666075898321     
  -12.8554267232745       1.708467854617352E-002   9.96374543752938     
  -12.8291182711206       2.969044042474793E-002   9.99343587795413     
  -12.8028098189667       4.816572449671423E-002   10.0416016024508     
  -12.7765013668128       7.294100672027813E-002   10.1145426091711     
  -12.7501929146589       0.103114110276359        10.2176567194475     
  -12.7238844625050       0.136074750869693        10.3537314703172     
  -12.6975760103511       0.167629496418782        10.5213609667360     
  -12.6712675581972       0.192768941459956        10.7141299081959     
  -12.6449591060432       0.206936798453122        10.9210667066490     
  -12.6186506538893       0.207373411285122        11.1284401179342     
  -12.5923422017354       0.193992641590448        11.3224327595246     
  -12.5660337495815       0.169411359662027        11.4918441191866     
  -12.5397252974276       0.138120111047522        11.6299642302342     
  -12.5134168452737       0.105160493025306        11.7351247232595     
  -12.4871083931198       7.485304105466159E-002   11.8099777643141     
  -12.4607999409659       5.002295216172995E-002   11.8600007164758     
  -12.4344914888120       3.188946021308985E-002   11.8918901766889     
  -12.4081830366580       2.049217101829683E-002   11.9123823477072     
  -12.3818745845041       1.536035848238681E-002   11.9277427061896     
  -12.3555661323502       1.611932025356854E-002   11.9438620264432     
  -12.3292576801963       2.281636489350945E-002   11.9666783913367     
  -12.3029492280424       3.586762298037277E-002   12.0025460143171     
  -12.2766407758885       5.564286951569337E-002   12.0581888838328     
  -12.2503323237346       8.182180450548912E-002   12.1400106883383     
  -12.2240238715807       0.112768372293716        12.2527790606320     
  -12.1977154194268       0.145235325300387        12.3980143859324     
  -12.1714069672728       0.174657863271718        12.5726722492041     
  -12.1450985151189       0.196086701825760        12.7687589510298     
  -12.1187900629650       0.205508543417432        12.9742674944473     
  -12.0924816108111       0.201060886784852        13.1753283812321     
  -12.0661731586572       0.183628356523670        13.3589567377558     
  -12.0398647065033       0.156554603946915        13.5155113417027     
  -12.0135562543494       0.124596427976999        13.6401077696797     
  -11.9872478021955       9.256753365542121E-002   13.7326753033351     
  -11.9609393500416       6.419848596601847E-002   13.7968737893011     
  -11.9346308978876       4.156266970833172E-002   13.8384364590095     
  -11.9083224457337       2.511852474331685E-002   13.8635549837528     
  -11.8820139935798       1.417086214242455E-002   13.8777258458952     
  -11.8557055414259       7.462927114355053E-003   13.8851887730096     
  -11.8293970892720       3.668868669980395E-003   13.8888576416796     
  -11.8030886371181       1.683698609945587E-003   13.8905413402895     
  -11.7767801849642       7.212816310708869E-004   13.8912626219206     
  -11.7504717328103       2.884381906703869E-004   13.8915510601112     
  -11.7241632806564       1.076730454590002E-004   13.8916587331567     
  -11.6978548285024       3.752031546654086E-005   13.8916962534722     
  -11.6715463763485       1.220478288547898E-005   13.8917084582550     
  -11.6452379241946       3.705924020772592E-006   13.8917121641791     
  -11.6189294720407       1.050423945385605E-006   13.8917132146030     
  -11.5926210198868       2.779290933588892E-007   13.8917134925321     
  -11.5663125677329       6.864711786436604E-008   13.8917135611792     
  -11.5400041155790       1.584148650050919E-008   13.8917135770207     
  -11.5136956634251       3.471423354265764E-009   13.8917135804921     
  -11.4873872112712       9.394871300499045E-010   13.8917135814316     
  -11.4610787591172       1.056047923238105E-009   13.8917135824877     
  -11.4347703069633       3.169656024682253E-009   13.8917135856573     
  -11.4084618548094       9.969666144244293E-009   13.8917135956270     
  -11.3821534026555       2.945975988631222E-008   13.8917136250868     
  -11.3558449505016       8.128798338524153E-008   13.8917137063747     
  -11.3295364983477       2.093807728125763E-007   13.8917139157555     
  -11.3032280461938       5.034479396510828E-007   13.8917144192034     
  -11.2769195940399       1.130004789517780E-006   13.8917155492082     
  -11.2506111418860       2.367635531419138E-006   13.8917179168438     
  -11.2243026897320       4.630832898556300E-006   13.8917225476767     
  -11.1979942375781       8.455004518539425E-006   13.8917310026812     
  -11.1716857854242       1.441052341485404E-005   13.8917454132046     
  -11.1453773332703       2.292754121742268E-005   13.8917683407458     
  -11.1190688811164       3.405239269418348E-005   13.8918023931385     
  -11.0927604289625       4.721184021966638E-005   13.8918496049787     
  -11.0664519768086       6.110388802321841E-005   13.8919107088668     
  -11.0401435246547       7.382549013917045E-005   13.8919845343569     
  -11.0138350725008       8.326903450865203E-005   13.8920678033914     
  -10.9875266203468       8.769720075641942E-005   13.8921555005922     
  -10.9612181681929       8.631328186633637E-005   13.8922418138740     
  -10.9349097160390       7.967368848160553E-005   13.8923214875625     
  -10.9086012638851       7.001966682462790E-005   13.8923915072293     
  -10.8822928117312       6.210946973147427E-005   13.8924536166991     
  -10.8559843595773       6.604334233870833E-005   13.8925196600414     
  -10.8296759074234       1.051414551885159E-004   13.8926248014966     
  -10.8033674552695       2.344114322182694E-004   13.8928592129288     
  -10.7770590031156       5.782904091274892E-004   13.8934375033379     
  -10.7507505509616       1.398506026807844E-003   13.8948360093647     
  -10.7244420988077       3.200024762647671E-003   13.8980360341274     
  -10.6981336466538       6.868952460024812E-003   13.9049049865874     
  -10.6718251944999       1.380583340600637E-002   13.9187108199934     
  -10.6455167423460       2.597416340561905E-002   13.9446849833990     
  -10.6192082901921       4.574643562370295E-002   13.9904314190227     
  -10.5928998380382       7.543522912967754E-002   14.0658666481524     
  -10.5665913858843       0.116482813327866        14.1823494614803     
  -10.5402829337304       0.168456006172845        14.3508054676531     
  -10.5139744815764       0.228196172072381        14.5790016397255     
  -10.4876660294225       0.289587389125583        14.8685890288511     
  -10.4613575772686       0.344304885567417        15.2128939144185     
  -10.4350491251147       0.383558118020690        15.5964520324392     
  -10.4087406729608       0.400372564099725        15.9968245965389     
  -10.3824322208069       0.391607651177880        16.3884322477168     
  -10.3561237686530       0.358912123980560        16.7473443716974     
  -10.3298153164991       0.308219331878455        17.0555637035758     
  -10.3035068643452       0.247994047585893        17.3035577511617     
  -10.2771984121913       0.186940195840094        17.4904979470018     
  -10.2508899600373       0.132015981814280        17.6225139288161     
  -10.2245815078834       8.734919667585764E-002   17.7098631254920     
  -10.1982730557295       5.418509849493928E-002   17.7640482239869     
  -10.1719646035756       3.159103986818576E-002   17.7956392638551     
  -10.1456561514217       1.745894676512535E-002   17.8130982106202     
  -10.1193476992678       9.403301802499162E-003   17.8225015124227     
  -10.0930392471139       5.343563232668048E-003   17.8278450756554     
  -10.0667307949600       3.755901808929416E-003   17.8316009774643     
  -10.0404223428061       3.698554533439049E-003   17.8352995319977     
  -10.0141138906521       4.743531709921673E-003   17.8400430637077     
  -9.98780543849823       6.912170470645345E-003   17.8469552341783     
  -9.96149698634432       1.064867560052260E-002   17.8576039097788     
  -9.93518853419041       1.680087543441547E-002   17.8744047852132     
  -9.90888008203650       2.653019195986487E-002   17.9009349771731     
  -9.88257162988259       4.106323571852308E-002   17.9419982128916     
  -9.85626317772867       6.124508839325329E-002   18.0032433012849     
  -9.82995472557477       8.696210300949529E-002   18.0902054042944     
  -9.80364627342085       0.116634532653597        18.2068399369480     
  -9.77733782126694       0.147059859409887        18.3538997963579     
  -9.75102936911303       0.173833777006611        18.5277335733645     
  -9.72472091695912       0.192362988862329        18.7200965622268     
  -9.69841246480521       0.199192644665551        18.9192892068923     
  -9.67210401265130       0.193162802232591        19.1124520091249     
  -9.64579556049739       0.175925910670364        19.2883779197953     
  -9.61948710834348       0.151615888251782        19.4399938080471     
  -9.59317865618956       0.125817854425897        19.5658116624730     
  -9.56687020403566       0.104239637023616        19.6700512994966     
  -9.54056175188174       9.150588250887808E-002   19.7615571820055     
  -9.51425329972783       9.032226066567618E-002   19.8518794426712     
  -9.48794484757392       0.101051206465414        19.9529306491366     
  -9.46163639542001       0.121648644345534        20.0745792934821     
  -9.43532794326610       0.147952654143833        20.2225319476259     
  -9.40901949111219       0.174379667775202        20.3969116154011     
  -9.38271103895828       0.195038115928365        20.5919497313295     
  -9.35640258680436       0.205083725880251        20.7970334572097     
  -9.33009413465046       0.201929557316851        20.9989630145266     
  -9.30378568249654       0.185863259084851        21.1848262736115     
  -9.27747723034263       0.159807619183512        21.3446338927950     
  -9.25116877818872       0.128313200046850        21.4729470928418     
  -9.22486032603481       9.619428086891900E-002   21.5691413737107     
  -9.19855187388090       6.732869990560193E-002   21.6364700736163     
  -9.17224342172699       4.399648456068285E-002   21.6804665581770     
  -9.14593496957308       2.684367634771538E-002   21.7073102345247     
  -9.11962651741917       1.529912111761912E-002   21.7226093556424     
  -9.09331806526525       8.159777197600597E-003   21.7307691328400     
  -9.06700961311135       4.101585158679918E-003   21.7348707179986     
  -9.04070116095743       1.995354817010354E-003   21.7368660728156     
  -9.01439270880352       1.025102560285756E-003   21.7378911753759     
  -8.98808425664961       6.717974333496016E-004   21.7385629728093     
  -8.96177580449570       6.363968635836170E-004   21.7391993696729     
  -8.93546735234179       7.557161656886522E-004   21.7399550858385     
  -8.90915890018788       9.377299161031670E-004   21.7408928157546     
  -8.88285044803397       1.122880087359839E-003   21.7420156958420     
  -8.85654199588006       1.267401077977995E-003   21.7432830969200     
  -8.83023354372614       1.340821863040564E-003   21.7446239187830     
  -8.80392509157224       1.329571575970190E-003   21.7459534903590     
  -8.77761663941832       1.240310729358948E-003   21.7471938010884     
  -8.75130818726441       1.099430832948211E-003   21.7482932319213     
  -8.72499973511050       9.482214077762745E-004   21.7492414533291     
  -8.69869128295659       8.353426147205916E-004   21.7500767959438     
  -8.67238283080268       8.086792367789127E-004   21.7508854751806     
  -8.64607437864877       9.076414205376427E-004   21.7517931166011     
  -8.61976592649486       1.155763479026731E-003   21.7529488800801     
  -8.59345747434095       1.553391522487410E-003   21.7545022716026     
  -8.56714902218704       2.071710928441862E-003   21.7565739825311     
  -8.54084057003313       2.651252172470469E-003   21.7592252347035     
  -8.51453211787921       3.208423393737426E-003   21.7624336580973     
  -8.48822366572530       3.651298436035765E-003   21.7660849565333     
  -8.46191521357139       3.901498967468867E-003   21.7699864555008     
  -8.43560676141748       3.915087167020483E-003   21.7739015426678     
  -8.40929830926357       3.694798405306710E-003   21.7775963410731     
  -8.38298985710966       3.289845338967658E-003   21.7808861864121     
  -8.35668140495575       2.786427611346578E-003   21.7836726140234     
  -8.33037295280184       2.298807607039119E-003   21.7859714216305     
  -8.30406450064793       1.974434018013921E-003   21.7879458556485     
  -8.27775604849402       2.025518111658747E-003   21.7899713737601     
  -8.25144759634010       2.792726560951045E-003   21.7927641003211     
  -8.22513914418619       4.832636940489639E-003   21.7975967372616     
  -8.19883069203228       8.997931014714432E-003   21.8065946682763     
  -8.17252223987837       1.645147825107383E-002   21.8230461465274     
  -8.14621378772446       2.853678365772725E-002   21.8515829301851     
  -8.11990533557055       4.644285144933458E-002   21.8980257816344     
  -8.09359688341664       7.067400221770009E-002   21.9686997838521     
  -8.06728843126273       0.100459666866166        22.0691594507183     
  -8.04097997910882       0.133363299170954        22.2025227498892     
  -8.01467152695491       0.165384540169502        22.3679072900587     
  -7.98836307480099       0.191722398945801        22.5596296890045     
  -7.96205462264708       0.208091684350424        22.7677213733550     
  -7.93574617049317       0.212182447349185        22.9799038207042     
  -7.90943771833926       0.204697369322129        23.1846011900263     
  -7.88312926618535       0.189506347808749        23.3741075378350     
  -7.85682081403144       0.172783334801150        23.5468908726362     
  -7.83051236187753       0.161371318161807        23.7082621907980     
  -7.80420390972362       0.160877770265016        23.8691399610630     
  -7.77789545756971       0.174056415681809        24.0431963767448     
  -7.75158700541580       0.199922319397693        24.2431186961425     
  -7.72527855326188       0.233858509871239        24.4769772060137     
  -7.69897010110797       0.268746408686947        24.7457236147007     
  -7.67266164895406       0.296890296199308        25.0426139109000     
  -7.64635319680015       0.312234591159267        25.3548485020593     
  -7.62004474464624       0.312191445051982        25.6670399471113     
  -7.59373629249233       0.298434707001740        25.9654746541130     
  -7.56742784033842       0.276328113367831        26.2418027674808     
  -7.54111938818451       0.253145735942820        26.4949485034236     
  -7.51481093603060       0.235701613883778        26.7306501173074     
  -7.48850248387669       0.228225256157313        26.9588753734647     
  -7.46219403172277       0.231206380046204        27.1900817535109     
  -7.43588557956886       0.241543431918999        27.4316251854299     
  -7.40957712741495       0.253835088457740        27.6854602738877     
  -7.38326867526104       0.262254285073908        27.9477145589616     
  -7.35696022310713       0.262295359774622        28.2100099187362     
  -7.33065177095322       0.251831111397216        28.4618410301334     
  -7.30434331879931       0.231268432167922        28.6931094623013     
  -7.27803486664540       0.202966688148076        28.8960761504494     
  -7.25172641449149       0.170307180219457        29.0663833306689     
  -7.22541796233758       0.136805232510234        29.2031885631791     
  -7.19910951018366       0.105500292242868        29.3086888554220     
  -7.17280105802975       7.867267560798183E-002   29.3873615310300     
  -7.14649260587584       5.781777460094317E-002   29.4451793056309     
  -7.12018415372193       4.377793567529997E-002   29.4889572413062     
  -7.09387570156802       3.694598536805454E-002   29.5259032266743     
  -7.06756724941411       3.746500665280868E-002   29.5633682333271     
  -7.04125879726020       4.534415203883381E-002   29.6087123853659     
  -7.01495034510629       6.041339158629756E-002   29.6691257769522     
  -6.98864189295238       8.208378532885306E-002   29.7512095622811     
  -6.96233344079847       0.108975116840668        29.8601846791217     
  -6.93602498864455       0.138588835980237        29.9987735151020     
  -6.90971653649065       0.167271644170826        30.1660451592728     
  -6.88340808433673       0.190660191892395        30.3567053511652     
  -6.85709963218282       0.204601078122425        30.5613064292876     
  -6.83079118002891       0.206279642438199        30.7675860717258     
  -6.80448272787500       0.195116140766995        30.9627022124928     
  -6.77817427572109       0.173028568242212        31.1357307807350     
  -6.75186582356718       0.143924512601951        31.2796552933370     
  -6.72555737141327       0.112630364677681        31.3922856580146     
  -6.69924891925936       8.369606005430387E-002   31.4759817180689     
  -6.67294046710544       6.050478008835955E-002   31.5364864981573     
  -6.64663201495154       4.490187074738446E-002   31.5813883689047     
  -6.62032356279762       3.728685653957391E-002   31.6186752254443     
  -6.59401511064371       3.694517749050327E-002   31.6556204029348     
  -6.56770665848980       4.239890738856204E-002   31.6980193103233     
  -6.54139820633589       5.168093067897062E-002   31.7497002410023     
  -6.51508975418198       6.257458149605302E-002   31.8122748224983     
  -6.48878130202807       7.291414385995239E-002   31.8851889663583     
  -6.46247284987416       8.098258377410848E-002   31.9661715501324     
  -6.43616439772025       8.591994164924943E-002   32.0520914917817     
  -6.40985594556633       8.796012414093746E-002   32.1400516159226     
  -6.38354749341243       8.832290857697582E-002   32.2283745244996     
  -6.35723904125851       8.871733417532444E-002   32.3170918586749     
  -6.33093058910460       9.060279466636345E-002   32.4076946533413     
  -6.30462213695069       9.450151854408234E-002   32.5021961718853     
  -6.27831368479678       9.967122889020986E-002   32.6018674007755     
  -6.25200523264287       0.104306552092880        32.7061739528684     
  -6.22569678048896       0.106202977861170        32.8123769307296     
  -6.19938832833505       0.103604191457927        32.9159811221875     
  -6.17307987618114       9.587278980840909E-002   33.0118539119959     
  -6.14677142402723       8.371742786119225E-002   33.0955713398571     
  -6.12046297187332       6.892306274379686E-002   33.1644944026009     
  -6.09415451971940       5.374788749521741E-002   33.2182422900961     
  -6.06784606756549       4.026106046483336E-002   33.2585033505610     
  -6.04153761541158       2.986181415969063E-002   33.2883651647207     
  -6.01522916325767       2.309046461041902E-002   33.3114556293311     
  -5.98892071110376       1.970442389262999E-002   33.3311600532237     
  -5.96261225894985       1.891594692108178E-002   33.3500760001448     
  -5.93630380679594       1.968566721910280E-002   33.3697616673639     
  -5.90999535464202       2.100437613918626E-002   33.3907660435031     
  -5.88368690248812       2.213373433944134E-002   33.4128997778425     
  -5.85737845033420       2.279397587736421E-002   33.4356937537199     
  -5.83106999818029       2.328616876408263E-002   33.4589799224840     
  -5.80476154602638       2.452936746736108E-002   33.4835092899513     
  -5.77845309387247       2.798489911728059E-002   33.5114941890686     
  -5.75214464171856       3.543368132120975E-002   33.5469278703898     
  -5.72583618956465       4.857877470988901E-002   33.5955066450997     
  -5.69952773741074       6.848585828019337E-002   33.6639925033799     
  -5.67321928525683       9.496207334909749E-002   33.7589545767290     
  -5.64691083310291       0.126083667335203        33.8850382440642     
  -5.62060238094901       0.158142704511636        34.0431809485758     
  -5.59429392879509       0.186209840234874        34.2293907888107     
  -5.56798547664118       0.205280939973771        34.4346717287845     
  -5.54167702448727       0.211677620456551        34.6463493492410     
  -5.51536857233336       0.204175605067113        34.8505249543081     
  -5.48906012017945       0.184385331647112        35.0349102859552     
  -5.46275166802554       0.156213492935221        35.1911237788905     
  -5.43644321587163       0.124636759000408        35.3157605378909     
  -5.41013476371772       9.429813573333233E-002   35.4100586736242     
  -5.38382631156380       6.845080841720644E-002   35.4785094820414     
  -5.35751785940990       4.854737502069492E-002   35.5270568570621     
  -5.33120940725598       3.445756659458544E-002   35.5615144236567     
  -5.30490095510207       2.506463101595572E-002   35.5865790546727     
  -5.27859250294816       1.892562190495476E-002   35.6055046765776     
  -5.25228405079425       1.476250905132735E-002   35.6202671856289     
  -5.22597559864034       1.169551522490990E-002   35.6319627008538     
  -5.19966714648643       9.254725585976679E-003   35.6412174264398     
  -5.17335869433252       7.267963208329753E-003   35.6484853896482     
  -5.14705024217861       5.722479286443311E-003   35.6542078689346     
  -5.12074179002470       4.660712443632399E-003   35.6588685813782     
  -5.09443333787079       4.126089195420861E-003   35.6629946705736     
  -5.06812488571687       4.144220875354436E-003   35.6671388914490     
  -5.04181643356296       4.715236715028067E-003   35.6718541281640     
  -5.01550798140905       5.801009288643489E-003   35.6776551374527     
  -4.98919952925514       7.307784211401104E-003   35.6849629216641     
  -4.96289107710123       9.080299928361638E-003   35.6940432215924     
  -4.93658262494732       1.092977641516198E-002   35.7049729980076     
  -4.91027417279341       1.271082259857478E-002   35.7176838206062     
  -4.88396572063950       1.444220077640678E-002   35.7321260213826     
  -4.85765726848559       1.643956034372798E-002   35.7485655817263     
  -4.83134881633168       1.940409753430691E-002   35.7679696792606     
  -4.80504036417776       2.439983149390822E-002   35.7923695107545     
  -4.77873191202385       3.266370346244066E-002   35.8250332142170     
  -4.75242345986994       4.523541878873859E-002   35.8702686330057     
  -4.72611500771603       6.246896665913174E-002   35.9327375996648     
  -4.69980655556212       8.357727205720807E-002   36.0163148717220     
  -4.67349810340821       0.106421464811641        36.1227363365337     
  -4.64718965125430       0.127730476555302        36.2504668130890     
  -4.62088119910039       0.143796026367682        36.3942628394567     
  -4.59457274694648       0.151471869663831        36.5457347091205     
  -4.56826429479257       0.149123372845435        36.6948580819659     
  -4.54195584263865       0.137143518103953        36.8320016000699     
  -4.51564739048474       0.117817841864245        36.9498194419341     
  -4.48933893833083       9.460593504756509E-002   37.0444253769817     
  -4.46303048617692       7.115397086801888E-002   37.1155793478497     
  -4.43672203402301       5.042835653440723E-002   37.1660077043841     
  -4.41041358186910       3.424222459934501E-002   37.2002499289835     
  -4.38410512971519       2.322566793149766E-002   37.2234755969150     
  -4.35779667756128       1.710057733293549E-002   37.2405761742479     
  -4.33148822540737       1.504930373482093E-002   37.2556254779827     
  -4.30517977325346       1.601523165244277E-002   37.2716407096352     
  -4.27887132109954       1.888053673298076E-002   37.2905212463681     
  -4.25256286894563       2.255742612368363E-002   37.3130786724918     
  -4.22625441679172       2.606033430724003E-002   37.3391390067991     
  -4.19994596463781       2.859916086582304E-002   37.3677381676649     
  -4.17363751248390       2.968166371850365E-002   37.3974198313834     
  -4.14732906032999       2.917750548666932E-002   37.4265973368701     
  -4.12102060817608       2.730044690679452E-002   37.4538977837769     
  -4.09471215602217       2.450286038482137E-002   37.4784006441617     
  -4.06840370386826       2.132037802375152E-002   37.4997210221854     
  -4.04209525171435       1.822547199817736E-002   37.5179464941836     
  -4.01578679956043       1.553702941224223E-002   37.5334835235958     
  -3.98947834740652       1.340120210576435E-002   37.5468847257016     
  -3.96316989525261       1.182984824247353E-002   37.5587145739441     
  -3.93686144309870       1.077218622872873E-002   37.5694867601728     
  -3.91055299094479       1.020207660857588E-002   37.5796888367814     
  -3.88424453879088       1.021499754489171E-002   37.5899038343263     
  -3.85793608663697       1.113167391734055E-002   37.6010355082436     
  -3.83162763448306       1.359303569198768E-002   37.6146285439356     
  -3.80531918232915       1.860676824320214E-002   37.6332353121788     
  -3.77901073017524       2.748133914457365E-002   37.6607166513234     
  -3.75270227802132       4.157963600622205E-002   37.7022962873296     
  -3.72639382586742       6.186502162470155E-002   37.7641613089543     
  -3.70008537371350       8.830858342413542E-002   37.8524698923784     
  -3.67377692155959       0.119352590537880        37.9718224829163     
  -3.64746846940568       0.151711653177841        38.1235341360942     
  -3.62116001725177       0.180753548925279        38.3042876850194     
  -3.59485156509786       0.201498183994981        38.5057858690144     
  -3.56854311294395       0.209972719125100        38.7157585881395     
  -3.54223466079004       0.204425153170942        38.9201837413105     
  -3.51592620863613       0.185889130876944        39.1060728721874     
  -3.48961775648221       0.157850344320905        39.2639232165083     
  -3.46330930432831       0.125161966648009        39.3890851831563     
  -3.43700085217439       9.267208109464740E-002   39.4817572642510     
  -3.41069240002048       6.409310867129074E-002   39.5458503729223     
  -3.38438394786657       4.145456317850439E-002   39.5873049361008     
  -3.35807549571266       2.517514967057500E-002   39.6124800857713     
  -3.33176704355875       1.454438958357754E-002   39.6270244753549     
  -3.30545859140484       8.318851281969119E-003   39.6353433266369     
  -3.27915013925093       5.202612791824808E-003   39.6405459394287     
  -3.25284168709702       4.114063714438007E-003   39.6446600031432     
  -3.22653323494310       4.258069590188813E-003   39.6489180727333     
  -3.20022478278920       5.081873182209405E-003   39.6539999459156     
  -3.17391633063528       6.196475821920146E-003   39.6601964217375     
  -3.14760787848137       7.316357443032683E-003   39.6675127791805     
  -3.12129942632746       8.234197970194843E-003   39.6757469771507     
  -3.09499097417355       8.820312046499301E-003   39.6845672891972     
  -3.06868252201964       9.025953065150336E-003   39.6935932422624     
  -3.04237406986573       8.874626677216347E-003   39.7024678689396     
  -3.01606561771182       8.438956611396127E-003   39.7109068255510     
  -2.98975716555791       7.812513319437036E-003   39.7187193388704     
  -2.96344871340400       7.088929291709050E-003   39.7258082681621     
  -2.93714026125009       6.354030575006897E-003   39.7321622987371     
  -2.91083180909617       5.686707054886202E-003   39.7378490057920     
  -2.88452335694226       5.158653436976820E-003   39.7430076592290     
  -2.85821490478835       4.825727213928611E-003   39.7478333864429     
  -2.83190645263444       4.712020630083437E-003   39.7525454070730     
  -2.80559800048053       4.795621657941917E-003   39.7573410287309     
  -2.77928954832662       5.007145897362915E-003   39.7623481746283     
  -2.75298109617271       5.247241974869008E-003   39.7675954166032     
  -2.72667264401879       5.420295520458693E-003   39.7730157121236     
  -2.70036419186489       5.473203060373148E-003   39.7784889151840     
  -2.67405573971097       5.424285974512036E-003   39.7839132011585     
  -2.64774728755706       5.369732183872994E-003   39.7892829333424     
  -2.62143883540315       5.462458686996900E-003   39.7947453920294     
  -2.59513038324924       5.868439118125414E-003   39.8006138311475     
  -2.56882193109533       6.715278829853231E-003   39.8073291099774     
  -2.54251347894142       8.054180025882339E-003   39.8153832900032     
  -2.51620502678751       9.856681409591776E-003   39.8252399714128     
  -2.48989657463360       1.205960718066069E-002   39.8372995785935     
  -2.46358812247968       1.465544903027589E-002   39.8519550276238     
  -2.43727967032578       1.780435291091878E-002   39.8697593805347     
  -2.41097121817186       2.192482714885595E-002   39.8916842076836     
  -2.38466276601795       2.771121729014581E-002   39.9193954249737     
  -2.35835431386404       3.603327592294681E-002   39.9554287008966     
  -2.33204586171013       4.770032057396157E-002   40.0031290214706     
  -2.30573740955622       6.311950854281093E-002   40.0662485300134     
  -2.27942895740231       8.193737905073215E-002   40.1481859090642     
  -2.25312050524840       0.102804931090455        40.2509908401546     
  -2.22681205309449       0.123413990758840        40.3744048309134     
  -2.20050360094057       0.140884661235321        40.5152894921488     
  -2.17419514878667       0.152443423756051        40.6677329159048     
  -2.14788669663275       0.156177329521335        40.8239102454262     
  -2.12157824447884       0.151574104943759        40.9754843503699     
  -2.09526979232493       0.139625734109416        41.1151100844793     
  -2.06896134017102       0.122463727258995        41.2375738117383     
  -2.04265288801711       0.102702684574386        41.3402764963127     
  -2.01634443586320       8.277417837925514E-002   41.4230506746920     
  -1.99003598370929       6.448449753375156E-002   41.4875351722257     
  -1.96372753155538       4.887779030627905E-002   41.5364129625320     
  -1.93741907940147       3.633628765404753E-002   41.5727492501860     
  -1.91111062724756       2.678260440330401E-002   41.5995318545894     
  -1.88480217509364       1.987423910737602E-002   41.6194060936967     
  -1.85849372293973       1.514752843399354E-002   41.6345536221307     
  -1.83218527078582       1.211975357401753E-002   41.6466733757047     
  -1.80587681863191       1.036870844936847E-002   41.6570420841541     
  -1.77956836647800       9.591217447026814E-003   41.6666333016011     
  -1.75325991432409       9.623883055974692E-003   41.6762571846571     
  -1.72695146217018       1.041019073983447E-002   41.6866673753969     
  -1.70064301001627       1.191866825897217E-002   41.6985860436559     
  -1.67433455786236       1.404340129086567E-002   41.7126294449468     
  -1.64802610570845       1.653352169385850E-002   41.7291629666406     
  -1.62171765355453       1.899110995494438E-002   41.7481540765956     
  -1.59540920140062       2.094794082054692E-002   41.7691020174161     
  -1.56910074924671       2.199364944866233E-002   41.7910956668648     
  -1.54279229709280       2.190085920139269E-002   41.8129965260662     
  -1.51648384493889       2.069220596923679E-002   41.8336887320354     
  -1.49017539278498       1.862143668631379E-002   41.8523101687217     
  -1.46386694063107       1.608099684260086E-002   41.8683911655643     
  -1.43755848847716       1.347957370091155E-002   41.8818707392653     
  -1.41125003632325       1.113962008759158E-002   41.8930103593528     
  -1.38494158416934       9.247367677601204E-003   41.9022577270304     
  -1.35863313201542       7.859697440375886E-003   41.9101174244708     
  -1.33232467986151       6.949181505285177E-003   41.9170666059761     
  -1.30601622770760       6.459107019777315E-003   41.9235257129959     
  -1.27970777555369       6.343664475599616E-003   41.9298693774715     
  -1.25339932339978       6.579393209745806E-003   41.9364487706812     
  -1.22709087124587       7.147376965415982E-003   41.9435961476466     
  -1.20078241909196       7.998161001238910E-003   41.9515943086479     
  -1.17447396693805       9.019712695821252E-003   41.9606140213437     
  -1.14816551478414       1.002928388380627E-002   41.9706433052275     
  -1.12185706263023       1.080062462920112E-002   41.9814439298567     
  -1.09554861047631       1.112119166255569E-002   41.9925651215193     
  -1.06924015832240       1.085764597774627E-002   42.0034227674970     
  -1.04293170616849       1.000141417090542E-002   42.0134241816679     
  -1.01662325401458       8.674074513375383E-003   42.0220982561813     
 -0.990314801860670       7.090934460118574E-003   42.0291891906414     
 -0.964006349706761       5.499921021721524E-003   42.0346891116631     
 -0.937697897552848       4.121541889275509E-003   42.0388106535524     
 -0.911389445398939       3.110695494992485E-003   42.0419213490474     
 -0.885080993245026       2.547316744865988E-003   42.0444686657923     
 -0.858772541091117       2.449193963907004E-003   42.0469178597562     
 -0.832464088937204       2.793688472818519E-003   42.0497115482290     
 -0.806155636783295       3.536717158366115E-003   42.0532482653874     
 -0.779847184629382       4.623464403214904E-003   42.0578717297906     
 -0.753538732475473       5.990918105718370E-003   42.0638626478963     
 -0.727230280321560       7.564895073394635E-003   42.0714275429697     
 -0.700921828167651       9.254526610805516E-003   42.0806820695805     
 -0.674613376013738       1.094751947800567E-002   42.0916295890585     
 -0.648304923859829       1.251080940715927E-002   42.1041403984657     
 -0.621996471705916       1.380173471137082E-002   42.1179421331770     
 -0.595688019552007       1.469187390453678E-002   42.1326340070816     
 -0.569379567398094       1.509890096734485E-002   42.1477329080489     
 -0.543071115244185       1.501492129264712E-002   42.1627478293416     
 -0.516762663090272       1.451816085885770E-002   42.1772659902004     
 -0.490454210936363       1.376093370857766E-002   42.1910269239090     
 -0.464145758782450       1.293706236688293E-002   42.2039639862759     
 -0.437837306628541       1.223955372313242E-002   42.2162035399990     
 -0.411528854474629       1.181996316601443E-002   42.2280235031650     
 -0.385220402320719       1.175634707879748E-002   42.2397798502438     
 -0.358911950166807       1.203290460973406E-002   42.2518127548535     
 -0.332603498012897       1.253510163021668E-002   42.2643478564838     
 -0.306295045858985       1.306674078287954E-002   42.2774145972666     
 -0.279986593705075       1.339364168062663E-002   42.2908082389473     
 -0.253678141551163       1.330882380844828E-002   42.3041170627557     
 -0.227369689397253       1.270058507132467E-002   42.3168176478270     
 -0.201061237243341       1.159732511361341E-002   42.3284149729406     
 -0.174752785089431       1.016870105819068E-002   42.3385836739988     
 -0.148444332935519       8.680262993093440E-003   42.3472639369919     
 -0.122135880781610       7.418476997318795E-003   42.3546824139893     
 -9.582742862769678E-002  6.614212156603631E-003   42.3612966261459     
 -6.951897647378757E-002  6.390609627050404E-003   42.3676872357729     
 -4.321052431987482E-002  6.748949270386871E-003   42.3744361850433     
 -1.690207216596562E-002  7.590990831523344E-003   42.3820271758748     
  9.406379987947133E-003  8.764581599880999E-003   42.3907917574747     
  3.571483214185633E-002  1.011396847345671E-002   42.4009057259482     
  6.202328429576909E-002  1.151742034553229E-002   42.4124231462937     
  8.833173644967829E-002  1.290135466762863E-002   42.4253245009613     
  0.114640188603591       1.423001472235161E-002   42.4395545156837     
  0.140948640757500       1.547937358301776E-002   42.4550338892667     
  0.167257092911413       1.660937877679584E-002   42.4716432680435     
  0.193565545065322       1.754761438716303E-002   42.4891908824306     
  0.219873997219235       1.819102528199809E-002   42.5073819077126     
  0.246182449373144       1.842434023667645E-002   42.5258062479493     
  0.272490901527057       1.814813271324231E-002   42.5439543806626     
  0.298799353680966       1.730757419062298E-002   42.5612619548532     
  0.325107805834879       1.591382690606871E-002   42.5771757817593     
  0.351416257988788       1.405203890287941E-002   42.5912278206621     
  0.377724710142701       1.187259215799670E-002   42.6031004128201     
  0.404033162296610       9.566187208815960E-003   42.6126666000290     
  0.430341614450523       7.328395864553782E-003   42.6199949958935     
  0.456650066604432       5.323561935365132E-003   42.6253185578289     
  0.482958518758345       3.658721749058445E-003   42.6289772795779     
  0.509266970912254       2.374444989538878E-003   42.6313517245675     
  0.535575423066167       1.452860885124042E-003   42.6328045854526     
  0.561883875220076       8.370944299840435E-004   42.6336416798826     
  0.588192327373989       4.537218440395715E-004   42.6340954017266     
  0.614500779527898       2.311763941663043E-004   42.6343265781208     
  0.640809231681811       1.106593717824818E-004   42.6344372374926     
  0.667117683835723       4.974364936512179E-005   42.6344869811419     
  0.693426135989633       2.099191224232516E-005   42.6345079730542     
  0.719734588143545       8.314286177177101E-006   42.6345162873404     
  0.746043040297454       3.090103420904842E-006   42.6345193774438     
  0.772351492451367       1.077523298597774E-006   42.6345204549671     
  0.798659944605276       3.524711938510297E-007   42.6345208074383     
  0.824968396759189       1.081442707137526E-007   42.6345209155825     
  0.851276848913098       3.111745669606821E-008   42.6345209467000     
  0.877585301067011       8.395735856590069E-009   42.6345209550957     
  0.903893753220920       2.123709783741909E-009   42.6345209572195     
  0.930202205374833       5.035407863490178E-010   42.6345209577230     
  0.956510657528742       1.118903212272484E-010   42.6345209578349     
  0.982819109682655       2.329586199949754E-011   42.6345209578582     
   1.00912756183656       4.543590321455434E-012   42.6345209578627     
   1.03543601399048       8.299574631329472E-013   42.6345209578636     
   1.06174446614439       1.419550494936770E-013   42.6345209578637     
   1.08805291829830       2.273073337857338E-014   42.6345209578637     
   1.11436137045221       3.405323939067276E-015   42.6345209578637     
   1.14066982260612       4.775460954316697E-016   42.6345209578637     
   1.16697827476003       6.357825868504870E-017   42.6345209578637     
   1.19328672691394       6.666407129830009E-018   42.6345209578637     
   1.21959517906785       8.774868741081173E-019   42.6345209578637     
   1.24590363122176       0.000000000000000E+000   42.6345209578637     
   1.27221208337567       0.000000000000000E+000   42.6345209578637     
   1.29852053552959       0.000000000000000E+000   42.6345209578637     
   1.32482898768350       0.000000000000000E+000   42.6345209578637     
   1.35113743983741       0.000000000000000E+000   42.6345209578637     
   1.37744589199132       0.000000000000000E+000   42.6345209578637     
   1.40375434414523       0.000000000000000E+000   42.6345209578637     
   1.43006279629914       0.000000000000000E+000   42.6345209578637     
   1.45637124845305       0.000000000000000E+000   42.6345209578637     
   1.48267970060696       0.000000000000000E+000   42.6345209578637     
   1.50898815276087       0.000000000000000E+000   42.6345209578637     
   1.53529660491478       0.000000000000000E+000   42.6345209578637     
   1.56160505706870       0.000000000000000E+000   42.6345209578637     
   1.58791350922261       0.000000000000000E+000   42.6345209578637     
   1.61422196137652       0.000000000000000E+000   42.6345209578637     
   1.64053041353043       0.000000000000000E+000   42.6345209578637     
   1.66683886568434       0.000000000000000E+000   42.6345209578637     
   1.69314731783825       0.000000000000000E+000   42.6345209578637     
   1.71945576999216       0.000000000000000E+000   42.6345209578637     
   1.74576422214607       0.000000000000000E+000   42.6345209578637     
   1.77207267429998       0.000000000000000E+000   42.6345209578637     
   1.79838112645389       0.000000000000000E+000   42.6345209578637     
   1.82468957860781       0.000000000000000E+000   42.6345209578637     
   1.85099803076172       0.000000000000000E+000   42.6345209578637     
   1.87730648291563       0.000000000000000E+000   42.6345209578637     
   1.90361493506954       0.000000000000000E+000   42.6345209578637     
   1.92992338722345       0.000000000000000E+000   42.6345209578637     
   1.95623183937736       0.000000000000000E+000   42.6345209578637     
   1.98254029153127       0.000000000000000E+000   42.6345209578637     
   2.00884874368518       0.000000000000000E+000   42.6345209578637     
   2.03515719583909       0.000000000000000E+000   42.6345209578637     
   2.06146564799300       0.000000000000000E+000   42.6345209578637     
   2.08777410014692       0.000000000000000E+000   42.6345209578637     
   2.11408255230083       0.000000000000000E+000   42.6345209578637     
   2.14039100445474       0.000000000000000E+000   42.6345209578637     
   2.16669945660865       0.000000000000000E+000   42.6345209578637     
   2.19300790876256       0.000000000000000E+000   42.6345209578637     
   2.21931636091647       0.000000000000000E+000   42.6345209578637     
   2.24562481307038       0.000000000000000E+000   42.6345209578637     
   2.27193326522429       0.000000000000000E+000   42.6345209578637     
   2.29824171737820       0.000000000000000E+000   42.6345209578637     
   2.32455016953211       0.000000000000000E+000   42.6345209578637     
   2.35085862168603       0.000000000000000E+000   42.6345209578637     
   2.37716707383994       0.000000000000000E+000   42.6345209578637     
   2.40347552599385       0.000000000000000E+000   42.6345209578637     
   2.42978397814776       0.000000000000000E+000   42.6345209578637     
   2.45609243030167       0.000000000000000E+000   42.6345209578637     
   2.48240088245558       0.000000000000000E+000   42.6345209578637     
   2.50870933460949       0.000000000000000E+000   42.6345209578637     
   2.53501778676340       0.000000000000000E+000   42.6345209578637     
   2.56132623891731       0.000000000000000E+000   42.6345209578637     
   2.58763469107122       0.000000000000000E+000   42.6345209578637     
   2.61394314322514       0.000000000000000E+000   42.6345209578637     
   2.64025159537904       0.000000000000000E+000   42.6345209578637     
