  -26.2990457739230       0.000000000000000E+000  0.000000000000000E+000
  -26.2727373217691       0.000000000000000E+000  0.000000000000000E+000
  -26.2464288696152       0.000000000000000E+000  0.000000000000000E+000
  -26.2201204174613       0.000000000000000E+000  0.000000000000000E+000
  -26.1938119653074       0.000000000000000E+000  0.000000000000000E+000
  -26.1675035131535       0.000000000000000E+000  0.000000000000000E+000
  -26.1411950609996       0.000000000000000E+000  0.000000000000000E+000
  -26.1148866088457       0.000000000000000E+000  0.000000000000000E+000
  -26.0885781566918       0.000000000000000E+000  0.000000000000000E+000
  -26.0622697045378       0.000000000000000E+000  0.000000000000000E+000
  -26.0359612523839       0.000000000000000E+000  0.000000000000000E+000
  -26.0096528002300       0.000000000000000E+000  0.000000000000000E+000
  -25.9833443480761       0.000000000000000E+000  0.000000000000000E+000
  -25.9570358959222       0.000000000000000E+000  0.000000000000000E+000
  -25.9307274437683       0.000000000000000E+000  0.000000000000000E+000
  -25.9044189916144       0.000000000000000E+000  0.000000000000000E+000
  -25.8781105394605       0.000000000000000E+000  0.000000000000000E+000
  -25.8518020873066       0.000000000000000E+000  0.000000000000000E+000
  -25.8254936351526       0.000000000000000E+000  0.000000000000000E+000
  -25.7991851829987       0.000000000000000E+000  0.000000000000000E+000
  -25.7728767308448       0.000000000000000E+000  0.000000000000000E+000
  -25.7465682786909       0.000000000000000E+000  0.000000000000000E+000
  -25.7202598265370       0.000000000000000E+000  0.000000000000000E+000
  -25.6939513743831       0.000000000000000E+000  0.000000000000000E+000
  -25.6676429222292       0.000000000000000E+000  0.000000000000000E+000
  -25.6413344700753       0.000000000000000E+000  0.000000000000000E+000
  -25.6150260179214       0.000000000000000E+000  0.000000000000000E+000
  -25.5887175657674       0.000000000000000E+000  0.000000000000000E+000
  -25.5624091136135       0.000000000000000E+000  0.000000000000000E+000
  -25.5361006614596       0.000000000000000E+000  0.000000000000000E+000
  -25.5097922093057       0.000000000000000E+000  0.000000000000000E+000
  -25.4834837571518       0.000000000000000E+000  0.000000000000000E+000
  -25.4571753049979       0.000000000000000E+000  0.000000000000000E+000
  -25.4308668528440       0.000000000000000E+000  0.000000000000000E+000
  -25.4045584006901       0.000000000000000E+000  0.000000000000000E+000
  -25.3782499485362       0.000000000000000E+000  0.000000000000000E+000
  -25.3519414963822       0.000000000000000E+000  0.000000000000000E+000
  -25.3256330442283       0.000000000000000E+000  0.000000000000000E+000
  -25.2993245920744       0.000000000000000E+000  0.000000000000000E+000
  -25.2730161399205       0.000000000000000E+000  0.000000000000000E+000
  -25.2467076877666       0.000000000000000E+000  0.000000000000000E+000
  -25.2203992356127       0.000000000000000E+000  0.000000000000000E+000
  -25.1940907834588       0.000000000000000E+000  0.000000000000000E+000
  -25.1677823313049       0.000000000000000E+000  0.000000000000000E+000
  -25.1414738791510       0.000000000000000E+000  0.000000000000000E+000
  -25.1151654269970       0.000000000000000E+000  0.000000000000000E+000
  -25.0888569748431       0.000000000000000E+000  0.000000000000000E+000
  -25.0625485226892       0.000000000000000E+000  0.000000000000000E+000
  -25.0362400705353       0.000000000000000E+000  0.000000000000000E+000
  -25.0099316183814       0.000000000000000E+000  0.000000000000000E+000
  -24.9836231662275       0.000000000000000E+000  0.000000000000000E+000
  -24.9573147140736       0.000000000000000E+000  0.000000000000000E+000
  -24.9310062619197       0.000000000000000E+000  0.000000000000000E+000
  -24.9046978097658       0.000000000000000E+000  0.000000000000000E+000
  -24.8783893576119       0.000000000000000E+000  0.000000000000000E+000
  -24.8520809054579       0.000000000000000E+000  0.000000000000000E+000
  -24.8257724533040       0.000000000000000E+000  0.000000000000000E+000
  -24.7994640011501       0.000000000000000E+000  0.000000000000000E+000
  -24.7731555489962       0.000000000000000E+000  0.000000000000000E+000
  -24.7468470968423       0.000000000000000E+000  0.000000000000000E+000
  -24.7205386446884       0.000000000000000E+000  0.000000000000000E+000
  -24.6942301925345       0.000000000000000E+000  0.000000000000000E+000
  -24.6679217403806       0.000000000000000E+000  0.000000000000000E+000
  -24.6416132882267       0.000000000000000E+000  0.000000000000000E+000
  -24.6153048360727       0.000000000000000E+000  0.000000000000000E+000
  -24.5889963839188       0.000000000000000E+000  0.000000000000000E+000
  -24.5626879317649       0.000000000000000E+000  0.000000000000000E+000
  -24.5363794796110       0.000000000000000E+000  0.000000000000000E+000
  -24.5100710274571       0.000000000000000E+000  0.000000000000000E+000
  -24.4837625753032       0.000000000000000E+000  0.000000000000000E+000
  -24.4574541231493       0.000000000000000E+000  0.000000000000000E+000
  -24.4311456709954       0.000000000000000E+000  0.000000000000000E+000
  -24.4048372188415       0.000000000000000E+000  0.000000000000000E+000
  -24.3785287666875       0.000000000000000E+000  0.000000000000000E+000
  -24.3522203145336       0.000000000000000E+000  0.000000000000000E+000
  -24.3259118623797       0.000000000000000E+000  0.000000000000000E+000
  -24.2996034102258       0.000000000000000E+000  0.000000000000000E+000
  -24.2732949580719       0.000000000000000E+000  0.000000000000000E+000
  -24.2469865059180       0.000000000000000E+000  0.000000000000000E+000
  -24.2206780537641       0.000000000000000E+000  0.000000000000000E+000
  -24.1943696016102       0.000000000000000E+000  0.000000000000000E+000
  -24.1680611494563       0.000000000000000E+000  0.000000000000000E+000
  -24.1417526973023       0.000000000000000E+000  0.000000000000000E+000
  -24.1154442451484       0.000000000000000E+000  0.000000000000000E+000
  -24.0891357929945       0.000000000000000E+000  0.000000000000000E+000
  -24.0628273408406       0.000000000000000E+000  0.000000000000000E+000
  -24.0365188886867       0.000000000000000E+000  0.000000000000000E+000
  -24.0102104365328       0.000000000000000E+000  0.000000000000000E+000
  -23.9839019843789       0.000000000000000E+000  0.000000000000000E+000
  -23.9575935322250       0.000000000000000E+000  0.000000000000000E+000
  -23.9312850800711       0.000000000000000E+000  0.000000000000000E+000
  -23.9049766279171       0.000000000000000E+000  0.000000000000000E+000
  -23.8786681757632       0.000000000000000E+000  0.000000000000000E+000
  -23.8523597236093       0.000000000000000E+000  0.000000000000000E+000
  -23.8260512714554       0.000000000000000E+000  0.000000000000000E+000
  -23.7997428193015       0.000000000000000E+000  0.000000000000000E+000
  -23.7734343671476       0.000000000000000E+000  0.000000000000000E+000
  -23.7471259149937       0.000000000000000E+000  0.000000000000000E+000
  -23.7208174628398       0.000000000000000E+000  0.000000000000000E+000
  -23.6945090106859       0.000000000000000E+000  0.000000000000000E+000
  -23.6682005585319       0.000000000000000E+000  0.000000000000000E+000
  -23.6418921063780       0.000000000000000E+000  0.000000000000000E+000
  -23.6155836542241       0.000000000000000E+000  0.000000000000000E+000
  -23.5892752020702       0.000000000000000E+000  0.000000000000000E+000
  -23.5629667499163       0.000000000000000E+000  0.000000000000000E+000
  -23.5366582977624       0.000000000000000E+000  0.000000000000000E+000
  -23.5103498456085       0.000000000000000E+000  0.000000000000000E+000
  -23.4840413934546       0.000000000000000E+000  0.000000000000000E+000
  -23.4577329413007       0.000000000000000E+000  0.000000000000000E+000
  -23.4314244891467       0.000000000000000E+000  0.000000000000000E+000
  -23.4051160369928       0.000000000000000E+000  0.000000000000000E+000
  -23.3788075848389       0.000000000000000E+000  0.000000000000000E+000
  -23.3524991326850       0.000000000000000E+000  0.000000000000000E+000
  -23.3261906805311       0.000000000000000E+000  0.000000000000000E+000
  -23.2998822283772       0.000000000000000E+000  0.000000000000000E+000
  -23.2735737762233       0.000000000000000E+000  0.000000000000000E+000
  -23.2472653240694       0.000000000000000E+000  0.000000000000000E+000
  -23.2209568719155       0.000000000000000E+000  0.000000000000000E+000
  -23.1946484197615       0.000000000000000E+000  0.000000000000000E+000
  -23.1683399676076       0.000000000000000E+000  0.000000000000000E+000
  -23.1420315154537       0.000000000000000E+000  0.000000000000000E+000
  -23.1157230632998       0.000000000000000E+000  0.000000000000000E+000
  -23.0894146111459       0.000000000000000E+000  0.000000000000000E+000
  -23.0631061589920       0.000000000000000E+000  0.000000000000000E+000
  -23.0367977068381       0.000000000000000E+000  0.000000000000000E+000
  -23.0104892546842       0.000000000000000E+000  0.000000000000000E+000
  -22.9841808025303       0.000000000000000E+000  0.000000000000000E+000
  -22.9578723503763       0.000000000000000E+000  0.000000000000000E+000
  -22.9315638982224       0.000000000000000E+000  0.000000000000000E+000
  -22.9052554460685       0.000000000000000E+000  0.000000000000000E+000
  -22.8789469939146       0.000000000000000E+000  0.000000000000000E+000
  -22.8526385417607       0.000000000000000E+000  0.000000000000000E+000
  -22.8263300896068       0.000000000000000E+000  0.000000000000000E+000
  -22.8000216374529       0.000000000000000E+000  0.000000000000000E+000
  -22.7737131852990       0.000000000000000E+000  0.000000000000000E+000
  -22.7474047331451       0.000000000000000E+000  0.000000000000000E+000
  -22.7210962809911       0.000000000000000E+000  0.000000000000000E+000
  -22.6947878288372       0.000000000000000E+000  0.000000000000000E+000
  -22.6684793766833       0.000000000000000E+000  0.000000000000000E+000
  -22.6421709245294       0.000000000000000E+000  0.000000000000000E+000
  -22.6158624723755       0.000000000000000E+000  0.000000000000000E+000
  -22.5895540202216       0.000000000000000E+000  0.000000000000000E+000
  -22.5632455680677       0.000000000000000E+000  0.000000000000000E+000
  -22.5369371159138       0.000000000000000E+000  0.000000000000000E+000
  -22.5106286637599       0.000000000000000E+000  0.000000000000000E+000
  -22.4843202116060       0.000000000000000E+000  0.000000000000000E+000
  -22.4580117594520       0.000000000000000E+000  0.000000000000000E+000
  -22.4317033072981       0.000000000000000E+000  0.000000000000000E+000
  -22.4053948551442       0.000000000000000E+000  0.000000000000000E+000
  -22.3790864029903       0.000000000000000E+000  0.000000000000000E+000
  -22.3527779508364       0.000000000000000E+000  0.000000000000000E+000
  -22.3264694986825       0.000000000000000E+000  0.000000000000000E+000
  -22.3001610465286       0.000000000000000E+000  0.000000000000000E+000
  -22.2738525943747       0.000000000000000E+000  0.000000000000000E+000
  -22.2475441422208       0.000000000000000E+000  0.000000000000000E+000
  -22.2212356900668       0.000000000000000E+000  0.000000000000000E+000
  -22.1949272379129       0.000000000000000E+000  0.000000000000000E+000
  -22.1686187857590       0.000000000000000E+000  0.000000000000000E+000
  -22.1423103336051       0.000000000000000E+000  0.000000000000000E+000
  -22.1160018814512       0.000000000000000E+000  0.000000000000000E+000
  -22.0896934292973       0.000000000000000E+000  0.000000000000000E+000
  -22.0633849771434       0.000000000000000E+000  0.000000000000000E+000
  -22.0370765249895       0.000000000000000E+000  0.000000000000000E+000
  -22.0107680728356       0.000000000000000E+000  0.000000000000000E+000
  -21.9844596206816       0.000000000000000E+000  0.000000000000000E+000
  -21.9581511685277       0.000000000000000E+000  0.000000000000000E+000
  -21.9318427163738       0.000000000000000E+000  0.000000000000000E+000
  -21.9055342642199       0.000000000000000E+000  0.000000000000000E+000
  -21.8792258120660       0.000000000000000E+000  0.000000000000000E+000
  -21.8529173599121       0.000000000000000E+000  0.000000000000000E+000
  -21.8266089077582       0.000000000000000E+000  0.000000000000000E+000
  -21.8003004556043       0.000000000000000E+000  0.000000000000000E+000
  -21.7739920034504       0.000000000000000E+000  0.000000000000000E+000
  -21.7476835512964       0.000000000000000E+000  0.000000000000000E+000
  -21.7213750991425       0.000000000000000E+000  0.000000000000000E+000
  -21.6950666469886       0.000000000000000E+000  0.000000000000000E+000
  -21.6687581948347       0.000000000000000E+000  0.000000000000000E+000
  -21.6424497426808       0.000000000000000E+000  0.000000000000000E+000
  -21.6161412905269       0.000000000000000E+000  0.000000000000000E+000
  -21.5898328383730       0.000000000000000E+000  0.000000000000000E+000
  -21.5635243862191       0.000000000000000E+000  0.000000000000000E+000
  -21.5372159340652       0.000000000000000E+000  0.000000000000000E+000
  -21.5109074819112       0.000000000000000E+000  0.000000000000000E+000
  -21.4845990297573       0.000000000000000E+000  0.000000000000000E+000
  -21.4582905776034       0.000000000000000E+000  0.000000000000000E+000
  -21.4319821254495       0.000000000000000E+000  0.000000000000000E+000
  -21.4056736732956       0.000000000000000E+000  0.000000000000000E+000
  -21.3793652211417       2.220446049250313E-016  2.220446049250313E-016
  -21.3530567689878       1.669562925410428E-015  1.891607530335460E-015
  -21.3267483168339       1.332994045005753E-014  1.522154798039299E-014
  -21.3004398646800       9.938778315968233E-014  1.146093311400753E-013
  -21.2741314125260       6.935098112101357E-013  8.081191423502110E-013
  -21.2478229603721       4.514848618662054E-012  5.322967761012265E-012
  -21.2215145082182       2.743620527165605E-011  3.275917303266832E-011
  -21.1952060560643       1.556316411464517E-010  1.883908141791200E-010
  -21.1688976039104       8.240685154658339E-010  1.012459329644954E-009
  -21.1425891517565       4.073069669301849E-009  5.085528998946803E-009
  -21.1162806996026       1.879208336435113E-008  2.387761236329793E-008
  -21.0899722474487       8.093271823474569E-008  1.048103305980436E-007
  -21.0636637952948       3.253650571730972E-007  4.301753877711408E-007
  -21.0373553431408       1.221002947597767E-006  1.651178335368908E-006
  -21.0110468909869       4.277233079057099E-006  5.928411414426007E-006
  -20.9847384388330       1.398655803584579E-005  1.991496945027179E-005
  -20.9584299866791       4.269350285911530E-005  6.260847230938710E-005
  -20.9321215345252       1.216513521235902E-004  1.842598244329773E-004
  -20.9058130823713       3.235768612033145E-004  5.078366856362917E-004
  -20.8795046302174       8.034233110536202E-004  1.311259996689912E-003
  -20.8531961780635       1.862168059572592E-003  3.173428056262504E-003
  -20.8268877259096       4.029041541341081E-003  7.202469597603584E-003
  -20.8005792737556       8.137554828861459E-003  1.534002442646504E-002
  -20.7742708216017       1.534250360756465E-002  3.068252803402970E-002
  -20.7479623694478       2.700283788394870E-002  5.768536591797840E-002
  -20.7216539172939       4.436435162057129E-002  0.102049717538550     
  -20.6953454651400       6.804106150198154E-002  0.170090779040531     
  -20.6690370129861       9.741390499321630E-002  0.267504684033747     
  -20.6427285608322       0.130192151185043       0.397696835218791     
  -20.6164201086783       0.162429450264875       0.560126285483666     
  -20.5901116565244       0.189176135280213       0.749302420763879     
  -20.5638032043704       0.205686049500370       0.954988470264249     
  -20.5374947522165       0.208796972288512        1.16378544255276     
  -20.5111863000626       0.197948184094179        1.36173362664694     
  -20.4848778479087       0.175410004423047        1.53714363106999     
  -20.4585693957548       0.145643517992439        1.68278714906243     
  -20.4322609436009       0.114095988929203        1.79688313799163     
  -20.4059524914470       8.594690381025991E-002   1.88283004180189     
  -20.3796440392931       6.524395974526402E-002   1.94807400154715     
  -20.3533355871392       5.457987029518588E-002   2.00265387184234     
  -20.3270271349853       5.515177203063190E-002   2.05780564387297     
  -20.3007186828313       6.689796428327974E-002   2.12470360815625     
  -20.2744102306774       8.848866638616885E-002   2.21319227454242     
  -20.2481017785235       0.117183944050090        2.33037621859251     
  -20.2217933263696       0.148799505068576        2.47917572366109     
  -20.1954848742157       0.178081281150474        2.65725700481156     
  -20.1691764220618       0.199620982939018        2.85687798775058     
  -20.1428679699079       0.209128352856202        3.06600634060678     
  -20.1165595177540       0.204601110759577        3.27060745136636     
  -20.0902510656001       0.186886162969376        3.45749361433573     
  -20.0639426134461       0.159360568163107        3.61685418249884     
  -20.0376341612922       0.126854350348897        3.74370853284774     
  -20.0113257091383       9.426395866784065E-002   3.83797249151558     
  -19.9850172569844       6.538826668544517E-002   3.90336075820102     
  -19.9587088048305       4.234155730387765E-002   3.94570231550490     
  -19.9324003526766       2.559446020845948E-002   3.97129677571336     
  -19.9060919005227       1.444230824933782E-002   3.98573908396270     
  -19.8797834483688       7.607431359961140E-003   3.99334651532266     
  -19.8534749962148       3.740671064940515E-003   3.99708718638760     
  -19.8271665440609       1.716999715841842E-003   3.99880418610344     
  -19.8008580919070       7.356974675083251E-004   3.99953988357095     
  -19.7745496397531       2.942630104550350E-004   3.99983414658141     
  -19.7482411875992       1.098698251439446E-004   3.99994401640655     
  -19.7219327354453       3.829362202395015E-005   3.99998231002857     
  -19.6956242832914       1.245886715597574E-005   3.99999476889573     
  -19.6693158311375       3.783846772301190E-006   3.99999855274250     
  -19.6430073789836       1.072729260739164E-006   3.99999962547176     
  -19.6166989268297       2.838879629084540E-007   3.99999990935973     
  -19.5903904746757       7.012981736759412E-008   3.99999997948954     
  -19.5640820225218       1.617170749911153E-008   3.99999999566125     
  -19.5377735703679       3.481007837015382E-009   3.99999999914226     
  -19.5114651182140       6.994368658471556E-010   3.99999999984170     
  -19.4851566660601       1.311852538491559E-010   3.99999999997288     
  -19.4588482139062       2.296743611268637E-011   3.99999999999585     
  -19.4325397617523       3.753440646400014E-012   3.99999999999960     
  -19.4062313095984       5.725404959161517E-013   4.00000000000017     
  -19.3799228574445       8.156425838554138E-014   4.00000000000026     
  -19.3536144052905       1.080093046251784E-014   4.00000000000027     
  -19.3273059531366       1.296868428618536E-015   4.00000000000027     
  -19.3009975009827       1.747733902046633E-016   4.00000000000027     
  -19.2746890488288       0.000000000000000E+000   4.00000000000027     
  -19.2483805966749       0.000000000000000E+000   4.00000000000027     
  -19.2220721445210       0.000000000000000E+000   4.00000000000027     
  -19.1957636923671       0.000000000000000E+000   4.00000000000027     
  -19.1694552402132       0.000000000000000E+000   4.00000000000027     
  -19.1431467880593       0.000000000000000E+000   4.00000000000027     
  -19.1168383359053       0.000000000000000E+000   4.00000000000027     
  -19.0905298837514       0.000000000000000E+000   4.00000000000027     
  -19.0642214315975       0.000000000000000E+000   4.00000000000027     
  -19.0379129794436       0.000000000000000E+000   4.00000000000027     
  -19.0116045272897       0.000000000000000E+000   4.00000000000027     
  -18.9852960751358       0.000000000000000E+000   4.00000000000027     
  -18.9589876229819       0.000000000000000E+000   4.00000000000027     
  -18.9326791708280       0.000000000000000E+000   4.00000000000027     
  -18.9063707186741       0.000000000000000E+000   4.00000000000027     
  -18.8800622665201       0.000000000000000E+000   4.00000000000027     
  -18.8537538143662       0.000000000000000E+000   4.00000000000027     
  -18.8274453622123       0.000000000000000E+000   4.00000000000027     
  -18.8011369100584       0.000000000000000E+000   4.00000000000027     
  -18.7748284579045       0.000000000000000E+000   4.00000000000027     
  -18.7485200057506       0.000000000000000E+000   4.00000000000027     
  -18.7222115535967       0.000000000000000E+000   4.00000000000027     
  -18.6959031014428       0.000000000000000E+000   4.00000000000027     
  -18.6695946492889       0.000000000000000E+000   4.00000000000027     
  -18.6432861971349       3.330669073875470E-016   4.00000000000027     
  -18.6169777449810       2.748506717359378E-015   4.00000000000027     
  -18.5906692928271       2.135948752937655E-014   4.00000000000029     
  -18.5643608406732       1.567025589149784E-013   4.00000000000045     
  -18.5380523885193       1.075687065463238E-012   4.00000000000152     
  -18.5117439363654       6.892572450289958E-012   4.00000000000842     
  -18.4854354842115       4.122426195980050E-011   4.00000000004964     
  -18.4591270320576       2.301528519632265E-010   4.00000000027979     
  -18.4328185799037       1.199419972196247E-009   4.00000000147921     
  -18.4065101277497       5.834712835442717E-009   4.00000000731393     
  -18.3802016755958       2.649492125873657E-008   4.00000003380885     
  -18.3538932234419       1.123058110358657E-007   4.00000014611466     
  -18.3275847712880       4.443648988053427E-007   4.00000059047956     
  -18.3012763191341       1.641257059458335E-006   4.00000223173662     
  -18.2749678669802       5.658667581628072E-006   4.00000789040420     
  -18.2486594148263       1.821183832906683E-005   4.00002610224253     
  -18.2223509626724       5.471377475645291E-005   4.00008081601728     
  -18.1960425105185       1.534419313927938E-004   4.00023425794867     
  -18.1697340583645       4.016955839614450E-004   4.00063595353264     
  -18.1434256062106       9.816501859073704E-004   4.00161760371854     
  -18.1171171540567       2.239361200291713E-003   4.00385696491883     
  -18.0908087019028       4.768701981515883E-003   4.00862566690035     
  -18.0645002497489       9.479506262555087E-003   4.01810517316291     
  -18.0381917975950       1.759063630008426E-002   4.03569580946299     
  -18.0118833454411       3.047111845959945E-002   4.06616692792259     
  -17.9855748932872       4.927276107853002E-002   4.11543968900112     
  -17.9592664411333       7.437682346719901E-002   4.18981651246832     
  -17.9329579889794       0.104804773398327        4.29462128586665     
  -17.9066495368254       0.137859791596368        4.43248107746301     
  -17.8803410846715       0.169280766131011        4.60176184359402     
  -17.8540326325176       0.194040016713319        4.79580186030734     
  -17.8277241803637       0.207629397357315        5.00343125766466     
  -17.8014157282098       0.207395971919002        5.21082722958366     
  -17.7751072760559       0.193386308482113        5.40421353806577     
  -17.7487988239020       0.168331338970423        5.57254487703620     
  -17.7224903717481       0.136778524710706        5.70932340174690     
  -17.6961819195941       0.103749087777248        5.81307248952415     
  -17.6698734674402       7.346217185376994E-002   5.88653466137792     
  -17.6435650152863       4.855745721281363E-002   5.93509211859073     
  -17.6172565631324       2.996127662881920E-002   5.96505339521955     
  -17.5909481109785       1.725743834386073E-002   5.98231083356341     
  -17.5646396588246       9.279046238975108E-003   5.99158987980239     
  -17.5383312066707       4.657368681543690E-003   5.99624724848393     
  -17.5120227545168       2.182163933376592E-003   5.99842941241731     
  -17.4857143023629       9.544270423037541E-004   5.99938383945961     
  -17.4594058502090       3.896778916548578E-004   5.99977351735127     
  -17.4330973980550       1.485167573870855E-004   5.99992203410866     
  -17.4067889459011       5.283853123878098E-005   5.99997487263989     
  -17.3804804937472       1.754811465857711E-005   5.99999242075455     
  -17.3541720415933       5.440182101733543E-006   5.99999786093665     
  -17.3278635894394       1.574339523008079E-006   5.99999943527618     
  -17.3015551372855       4.252888818531415E-007   5.99999986056506     
  -17.2752466851316       1.072430008618955E-007   5.99999996780806     
  -17.2489382329777       2.524362736043301E-008   5.99999999305169     
  -17.2226297808238       5.546652556633232E-009   5.99999999859834     
  -17.1963213286698       1.137640502743738E-009   5.99999999973598     
  -17.1700128765159       2.178073142309299E-010   5.99999999995379     
  -17.1437044243620       3.892531018649323E-011   5.99999999999271     
  -17.1173959722081       6.493517095557122E-012   5.99999999999921     
  -17.0910875200542       1.011180343016976E-012   6.00000000000022     
  -17.0647790679003       1.470170014374050E-013   6.00000000000037     
  -17.0384706157464       1.991511339519136E-014   6.00000000000038     
  -17.0121621635925       2.528142625801699E-015   6.00000000000039     
  -16.9858537114386       3.354521521670151E-016   6.00000000000039     
  -16.9595452592846       0.000000000000000E+000   6.00000000000039     
  -16.9332368071307       0.000000000000000E+000   6.00000000000039     
  -16.9069283549768       0.000000000000000E+000   6.00000000000039     
  -16.8806199028229       0.000000000000000E+000   6.00000000000039     
  -16.8543114506690       0.000000000000000E+000   6.00000000000039     
  -16.8280029985151       0.000000000000000E+000   6.00000000000039     
  -16.8016945463612       0.000000000000000E+000   6.00000000000039     
  -16.7753860942073       0.000000000000000E+000   6.00000000000039     
  -16.7490776420534       0.000000000000000E+000   6.00000000000039     
  -16.7227691898994       0.000000000000000E+000   6.00000000000039     
  -16.6964607377455       0.000000000000000E+000   6.00000000000039     
  -16.6701522855916       0.000000000000000E+000   6.00000000000039     
  -16.6438438334377       0.000000000000000E+000   6.00000000000039     
  -16.6175353812838       0.000000000000000E+000   6.00000000000039     
  -16.5912269291299       0.000000000000000E+000   6.00000000000039     
  -16.5649184769760       0.000000000000000E+000   6.00000000000039     
  -16.5386100248221       3.330669073875470E-016   6.00000000000039     
  -16.5123015726682       2.838874968436045E-015   6.00000000000039     
  -16.4859931205142       2.241024206484088E-014   6.00000000000041     
  -16.4596846683603       1.648282205168883E-013   6.00000000000058     
  -16.4333762162064       1.129340490482050E-012   6.00000000000171     
  -16.4070677640525       7.223054782328625E-012   6.00000000000893     
  -16.3807593118986       4.312442059267035E-011   6.00000000005205     
  -16.3544508597447       2.403355063790649E-010   6.00000000029239     
  -16.3281424075908       1.250270597610240E-009   6.00000000154266     
  -16.3018339554369       6.071326851312363E-009   6.00000000761399     
  -16.2755255032830       2.752061712584441E-008   6.00000003513460     
  -16.2492170511290       1.164472432007907E-007   6.00000015158185     
  -16.2229085989751       4.599368569822545E-007   6.00000061151870     
  -16.1966001468212       1.695768619892359E-006   6.00000230728732     
  -16.1702916946673       5.836274687937276E-006   6.00000814356201     
  -16.1439832425134       1.875024367172743E-005   6.00002689380568     
  -16.1176747903595       5.623172769859969E-005   6.00008312553338     
  -16.0913663382056       1.574201981520732E-004   6.00024054573153     
  -16.0650578860517       4.113818561420864E-004   6.00065192758768     
  -16.0387494338978       1.003544265371205E-003   6.00165547185305     
  -16.0124409817438       2.285260215259018E-003   6.00394073206831     
  -15.9861325295899       4.857842659387965E-003   6.00879857472769     
  -15.9598240774360       9.639638636974158E-003   6.01843821336467     
  -15.9335156252821       1.785617273077784E-002   6.03629438609545     
  -15.9072071731282       3.087642678448485E-002   6.06717081287993     
  -15.8808987209743       4.983992329197587E-002   6.11701073617191     
  -15.8545902688204       7.509999910776981E-002   6.19211073527968     
  -15.8282818166665       0.105636795892670        6.29774753117235     
  -15.8019733645126       0.138708678723821        6.43645620989617     
  -15.7756649123586       0.170022148932476        6.60647835882864     
  -15.7493564602047       0.194545442609688        6.80102380143833     
  -15.7230480080508       0.207802361106241        7.00882616254457     
  -15.6967395558969       0.207201945471466        7.21602810801604     
  -15.6704311037430       0.192863973894691        7.40889208191073     
  -15.6441226515891       0.167580020253402        7.57647210216413     
  -15.6178141994352       0.135927410564699        7.71239951272883     
  -15.5915057472813       0.102921303531381        7.81532081626021     
  -15.5651972951274       7.274725733067783E-002   7.88806807359089     
  -15.5388888429734       4.799994821586918E-002   7.93606802180676     
  -15.5125803908195       2.956500159305910E-002   7.96563302339982     
  -15.4862719386656       1.699934910248173E-002   7.98263237250230     
  -15.4599634865117       9.125089898792548E-003   7.99175746240109     
  -15.4336550343578       4.575403983143923E-003   7.99633286638424     
  -15.4073465822039       2.151149868538709E-003   7.99848401625277     
  -15.3810381300500       9.734652666511261E-004   7.99945748151942     
  -15.3547296778961       4.947978209510334E-004   7.99995227934038     
  -15.3284212257422       4.501457271423428E-004   8.00040242506752     
  -15.3021127735883       8.128881953650761E-004   8.00121531326288     
  -15.2758043214343       1.789439040040515E-003   8.00300475230292     
  -15.2494958692804       3.856250985346460E-003   8.00686100328827     
  -15.2231874171265       7.812227630164738E-003   8.01467323091844     
  -15.1968789649726       1.478875414809580E-002   8.02946198506653     
  -15.1705705128187       2.613734050104907E-002   8.05559932556758     
  -15.1442620606648       4.312325683717869E-002   8.09872258240476     
  -15.1179536085109       6.641635543218795E-002   8.16513893783695     
  -15.0916451563570       9.548854664454294E-002   8.26062748448149     
  -15.0653367042031       0.128156476557799        8.38878396103929     
  -15.0390282520491       0.160562157289905        8.54934611832920     
  -15.0127197998952       0.187784376741948        8.73713049507115     
  -14.9864113477413       0.205016838875527        8.94214733394667     
  -14.9601028955874       0.208945742958932        9.15109307690560     
  -14.9337944434335       0.198788594424422        9.34988167133002     
  -14.9074859912796       0.176548194352405        9.52642986568243     
  -14.8811775391257       0.146368909396068        9.67279877507850     
  -14.8548690869718       0.113278609405070        9.78607738448357     
  -14.8285606348179       8.183897681683670E-002   9.86791636130040     
  -14.8022521826639       5.519316467759077E-002   9.92310952597800     
  -14.7759437305100       3.474743562352312E-002   9.95785696160152     
  -14.7496352783561       2.042076621367244E-002   9.97827772781519     
  -14.7233268262022       1.120295255219189E-002   9.98948068036738     
  -14.6970183740483       5.737245704872531E-003   9.99521792607226     
  -14.6707099218944       2.742736701193545E-003   9.99796066277345     
  -14.6444014697405       1.223978121313900E-003   9.99918464089476     
  -14.6180930175866       5.098837153638546E-004   9.99969452461013     
  -14.5917845654327       1.982784845206247E-004   9.99989280309465     
  -14.5654761132787       7.197570828042232E-005   9.99996477880293     
  -14.5391676611248       2.438939856899491E-005   9.99998916820149     
  -14.5128592089709       7.714714153218361E-006   9.99999688291565     
  -14.4865507568170       2.277933013725489E-006   9.99999916084866     
  -14.4602423046631       6.278604384425614E-007   9.99999978870910     
  -14.4339338525092       1.615418281661427E-007   9.99999995025093     
  -14.4076254003553       3.879762703218759E-008   9.99999998904856     
  -14.3813169482014       8.698055439478655E-009   9.99999999774661     
  -14.3550084960475       1.820264533504076E-009   9.99999999956688     
  -14.3287000438935       3.555826798913760E-010   9.99999999992246     
  -14.3023915917396       6.483933637398132E-011   9.99999999998730     
  -14.2760831395857       1.103645039940426E-011   9.99999999999833     
  -14.2497746874318       1.753528474767591E-012   10.0000000000001     
  -14.2234662352779       2.600427468843480E-013   10.0000000000003     
  -14.1971577831240       3.595653505841789E-014   10.0000000000004     
  -14.1708493309701       4.617888103158885E-015   10.0000000000004     
  -14.1445408788162       5.202002023585450E-016   10.0000000000004     
  -14.1182324266623       7.014788055981214E-017   10.0000000000004     
  -14.0919239745083       0.000000000000000E+000   10.0000000000004     
  -14.0656155223544       0.000000000000000E+000   10.0000000000004     
  -14.0393070702005       0.000000000000000E+000   10.0000000000004     
  -14.0129986180466       0.000000000000000E+000   10.0000000000004     
  -13.9866901658927       0.000000000000000E+000   10.0000000000004     
  -13.9603817137388       0.000000000000000E+000   10.0000000000004     
  -13.9340732615849       0.000000000000000E+000   10.0000000000004     
  -13.9077648094310       0.000000000000000E+000   10.0000000000004     
  -13.8814563572771       0.000000000000000E+000   10.0000000000004     
  -13.8551479051231       0.000000000000000E+000   10.0000000000004     
  -13.8288394529692       0.000000000000000E+000   10.0000000000004     
  -13.8025310008153       0.000000000000000E+000   10.0000000000004     
  -13.7762225486614       0.000000000000000E+000   10.0000000000004     
  -13.7499140965075       0.000000000000000E+000   10.0000000000004     
  -13.7236056443536       0.000000000000000E+000   10.0000000000004     
  -13.6972971921997       0.000000000000000E+000   10.0000000000004     
  -13.6709887400458       0.000000000000000E+000   10.0000000000004     
  -13.6446802878919       0.000000000000000E+000   10.0000000000004     
  -13.6183718357379       0.000000000000000E+000   10.0000000000004     
  -13.5920633835840       0.000000000000000E+000   10.0000000000004     
  -13.5657549314301       0.000000000000000E+000   10.0000000000004     
  -13.5394464792762       0.000000000000000E+000   10.0000000000004     
  -13.5131380271223       0.000000000000000E+000   10.0000000000004     
  -13.4868295749684       0.000000000000000E+000   10.0000000000004     
  -13.4605211228145       3.330669073875470E-016   10.0000000000004     
  -13.4342126706606       2.450296909817240E-015   10.0000000000004     
  -13.4079042185067       1.931695905663111E-014   10.0000000000004     
  -13.3815957663527       1.429424070428786E-013   10.0000000000006     
  -13.3552873141988       9.842348832646286E-013   10.0000000000015     
  -13.3289788620449       6.326836298788108E-012   10.0000000000079     
  -13.3026704098910       3.796301191157439E-011   10.0000000000458     
  -13.2763619577371       2.126314833299052E-010   10.0000000002585     
  -13.2500535055832       1.111696439765053E-009   10.0000000013702     
  -13.2237450534293       5.425480436986076E-009   10.0000000067956     
  -13.1974366012754       2.471639157735185E-008   10.0000000315120     
  -13.1711281491215       1.051061940745570E-007   10.0000001366182     
  -13.1448196969675       4.172241199145821E-007   10.0000005538423     
  -13.1185112448136       1.546001041164064E-006   10.0000020998434     
  -13.0922027926597       5.347500175972690E-006   10.0000074473436     
  -13.0658943405058       1.726608210663285E-005   10.0000247134257     
  -13.0395858883519       5.204032809680471E-005   10.0000767537538     
  -13.0132774361980       1.464167226588363E-004   10.0002231704764     
  -12.9869689840441       3.845447689700134E-004   10.0006077152454     
  -12.9606605318902       9.427787398084820E-004   10.0015504939852     
  -12.9343520797363       2.157646570813843E-003   10.0037081405560     
  -12.9080436275823       4.609559538950255E-003   10.0083177000950     
  -12.8817351754284       9.192804283646352E-003   10.0175105043786     
  -12.8554267232745       1.711381604374109E-002   10.0346243204223     
  -12.8291182711206       2.974107673807905E-002   10.0643653971604     
  -12.8028098189667       4.824786995116253E-002   10.1126132671116     
  -12.7765013668128       7.306540580792416E-002   10.1856786729195     
  -12.7501929146589       0.103289968852149        10.2889686417717     
  -12.7238844625050       0.136306823028491        10.4252754648002     
  -12.6975760103511       0.167915384529786        10.5931908493299     
  -12.6712675581972       0.193097704764981        10.7862885540949     
  -12.6449591060432       0.207289726684924        10.9935782807798     
  -12.6186506538893       0.207727091711179        11.2013053724910     
  -12.5923422017354       0.194323528121682        11.3956289006127     
  -12.5660337495815       0.169700411058996        11.5653293116717     
  -12.5397252974276       0.138356063959683        11.7036853756314     
  -12.5134168452737       0.105340996526873        11.8090263721583     
  -12.4871083931198       7.498387331703804E-002   11.8840102454753     
  -12.4607999409659       5.011639908459633E-002   11.9341266445599     
  -12.4344914888120       3.196331616287514E-002   11.9660899607228     
  -12.4081830366580       2.057062120137430E-002   11.9866605819241     
  -12.3818745845041       1.547728786659012E-002   12.0021378697907     
  -12.3555661323502       1.632347004513887E-002   12.0184613398359     
  -12.3292576801963       2.317636028072880E-002   12.0416377001166     
  -12.3029492280424       3.647356016310783E-002   12.0781112602797     
  -12.2766407758885       5.660057620269908E-002   12.1347118364824     
  -12.2503323237346       8.323700092749999E-002   12.2179488374099     
  -12.2240238715807       0.114721301613087        12.3326701390230     
  -12.1977154194268       0.147751346242324        12.4804214852653     
  -12.1714069672728       0.177683850321579        12.6581053355869     
  -12.1450985151189       0.199484023074985        12.8575893586619     
  -12.1187900629650       0.209069124047316        13.0666584827092     
  -12.0924816108111       0.204544413746222        13.2712028964554     
  -12.0661731586572       0.186809853354395        13.4580127498098     
  -12.0398647065033       0.159267028295202        13.6172797781050     
  -12.0135562543494       0.126755153335606        13.7440349314406     
  -11.9872478021955       9.417133471813105E-002   13.8382062661587     
  -11.9609393500416       6.531077227338541E-002   13.9035170384321     
  -11.9346308978876       4.228277373787183E-002   13.9457998121700     
  -11.9083224457337       2.555372178462226E-002   13.9713535339546     
  -11.8820139935798       1.441638282249363E-002   13.9857699167771     
  -11.8557055414259       7.592227852871928E-003   13.9933621446300     
  -11.8293970892720       3.732434536467172E-003   13.9970945791665     
  -11.8030886371181       1.712869935133960E-003   13.9988074491016     
  -11.7767801849642       7.337783694391036E-004   13.9995412274710     
  -11.7504717328103       2.934355959450814E-004   13.9998346630670     
  -11.7241632806564       1.095385609510474E-004   13.9999442016279     
  -11.6978548285024       3.817038439141423E-005   13.9999823720123     
  -11.6715463763485       1.241625035164356E-005   13.9999947882627     
  -11.6452379241946       3.770194071636744E-006   13.9999985584567     
  -11.6189294720407       1.068964840344241E-006   13.9999996274216     
  -11.5926210198868       2.844955914515297E-007   13.9999999119172     
  -11.5663125677329       7.821817292713411E-008   13.9999999901353     
  -11.5400041155790       5.356409522031718E-008   14.0000000436994     
  -11.5136956634251       1.597116458398689E-007   14.0000002034111     
  -11.4873872112712       6.089776881472160E-007   14.0000008123888     
  -11.4610787591172       2.210668515379983E-006   14.0000030230573     
  -11.4347703069633       7.498831786803756E-006   14.0000105218891     
  -11.4084618548094       2.374591958660921E-005   14.0000342678087     
  -11.3821534026555       7.019224606458788E-005   14.0001044600547     
  -11.3558449505016       1.936841613100351E-004   14.0002981442160     
  -11.3295364983477       4.988901847138921E-004   14.0007970344007     
  -11.3032280461938       1.199562138601088E-003   14.0019965965393     
  -11.2769195940399       2.692455084735503E-003   14.0046890516241     
  -11.2506111418860       5.641349828584660E-003   14.0103304014527     
  -11.2243026897320       1.103385551246780E-002   14.0213642569651     
  -11.1979942375781       2.014568436772366E-002   14.0415099413329     
  -11.1716857854242       3.433586013125236E-002   14.0758458014641     
  -11.1453773332703       5.462929989463509E-002   14.1304751013587     
  -11.1190688811164       8.113639051001290E-002   14.2116114918688     
  -11.0927604289625       0.112491198922623        14.3241026907914     
  -11.0664519768086       0.145591027023853        14.4696937178152     
  -11.0401435246547       0.175899330080957        14.6455930478962     
  -11.0138350725008       0.198384395005938        14.8439774429021     
  -10.9875266203468       0.208864560184262        15.0528420030864     
  -10.9612181681929       0.205275041218477        15.2581170443049     
  -10.9349097160390       0.188331224837271        15.4464482691421     
  -10.9086012638851       0.161296918314223        15.6077451874564     
  -10.8822928117312       0.128961334802811        15.7367065222592     
  -10.8559843595773       9.626658376702105E-002   15.8329731060262     
  -10.8296759074234       6.712788462777010E-002   15.9001009906540     
  -10.8033674552695       4.382561181209361E-002   15.9439266024661     
  -10.7770590031156       2.704936454860082E-002   15.9709759670147     
  -10.7507505509616       1.641682053517216E-002   15.9873927875498     
  -10.7244420988077       1.118309895189250E-002   15.9985758865017     
  -10.6981336466538       1.089307272639366E-002   16.0094689592281     
  -10.6718251944999       1.582600578654337E-002   16.0252949650147     
  -10.6455167423460       2.715575772579412E-002   16.0524507227405     
  -10.6192082901921       4.677424586490620E-002   16.0992249686054     
  -10.5928998380382       7.673842112245730E-002   16.1759633897278     
  -10.5665913858843       0.118365328096701        16.2943287178245     
  -10.5402829337304       0.171147751349596        16.4654764691741     
  -10.5139744815764       0.231849780007505        16.6973262491816     
  -10.4876660294225       0.294247860872829        16.9915741100544     
  -10.4613575772686       0.349879055150788        17.3414531652052     
  -10.4350491251147       0.389806721482146        17.7312598866874     
  -10.4087406729608       0.406938114366912        18.1381980010543     
  -10.3824322208069       0.398077597231734        18.5362755982860     
  -10.3561237686530       0.364904187097145        18.9011797853832     
  -10.3298153164991       0.313471398017644        19.2146511834008     
  -10.3035068643452       0.252449079476017        19.4671002628768     
  -10.2771984121913       0.190836202928250        19.6579364658051     
  -10.2508899600373       0.136014720323051        19.7939511861281     
  -10.2245815078834       9.275289709692422E-002   19.8867040832251     
  -10.1982730557295       6.328443083025999E-002   19.9499885140553     
  -10.1719646035756       4.814854549512858E-002   19.9981370595504     
  -10.1456561514217       4.725778289105757E-002   20.0453948424415     
  -10.1193476992678       6.069500442365106E-002   20.1060898468652     
  -10.0930392471139       8.894445684841056E-002   20.1950343037136     
  -10.0667307949600       0.132517298741407        20.3275516024550     
  -10.0404223428061       0.191152966921753        20.5187045693767     
  -10.0141138906521       0.262920177634234        20.7816247470110     
  -9.98780543849823       0.343588554516627        21.1252133015276     
  -9.96149698634432       0.426588822785009        21.5518021243126     
  -9.93518853419041       0.503728381881754        22.0555305061943     
  -9.90888008203650       0.566595989747677        22.6221264959420     
  -9.88257162988259       0.608321136886239        23.2304476328283     
  -9.85626317772867       0.625144418300075        23.8555920511283     
  -9.82995472557477       0.617230654563212        24.4728227056915     
  -9.80364627342085       0.588401172483428        25.0612238781750     
  -9.77733782126694       0.544918600757892        25.6061424789329     
  -9.75102936911303       0.493897758792591        26.1000402377255     
  -9.72472091695912       0.442054492608894        26.5420947303344     
  -9.69841246480521       0.395211986581938        26.9373067169163     
  -9.67210401265130       0.358427147601617        27.2957338645179     
  -9.64579556049739       0.336157065580625        27.6318909300985     
  -9.61948710834348       0.331882262857665        27.9637731929562     
  -9.59317865618956       0.347062082581974        28.3108352755382     
  -9.56687020403566       0.379907702504124        28.6907429780423     
  -9.54056175188174       0.424789506138712        29.1155324841810     
  -9.51425329972783       0.472896450859667        29.5884289350407     
  -9.48794484757392       0.514137137826410        30.1025660728671     
  -9.46163639542001       0.539603796165343        30.6421698690324     
  -9.43532794326610       0.543626774435634        31.1857966434681     
  -9.40901949111219       0.524693002323586        31.7104896457917     
  -9.38271103895828       0.485098623529963        32.1955882693216     
  -9.35640258680436       0.429760916021496        32.6253491853431     
  -9.33009413465046       0.364818660709580        32.9901678460527     
  -9.30378568249654       0.296478794930764        33.2866466409834     
  -9.27747723034263       0.230244677878417        33.5168913188619     
  -9.25116877818872       0.170444192838100        33.6873355117000     
  -9.22486032603481       0.119958217522413        33.8072937292224     
  -9.19855187388090       8.014244032846948E-002   33.8874361695508     
  -9.17224342172699       5.099494409432877E-002   33.9384311136452     
  -9.14593496957308       3.158449845407264E-002   33.9700156120992     
  -9.11962651741917       2.066065572206537E-002   33.9906762678213     
  -9.09331806526525       1.729171181941616E-002   34.0079679796407     
  -9.06700961311135       2.135630923127428E-002   34.0293242888720     
  -9.04070116095743       3.373441153686114E-002   34.0630587004089     
  -9.01439270880352       5.608115003035424E-002   34.1191398504392     
  -8.98808425664961       9.013241811923789E-002   34.2092722685585     
  -8.96177580449570       0.136618880561702        34.3458911491202     
  -8.93546735234179       0.194062815153628        34.5399539642738     
  -8.90915890018788       0.257928987145911        34.7978829514197     
  -8.88285044803397       0.320654534914287        35.1185374863340     
  -8.85654199588006       0.372868287623314        35.4914057739573     
  -8.83023354372614       0.405639336063984        35.8970451100213     
  -8.80392509157224       0.413071785267720        36.3101168952890     
  -8.77761663941832       0.394293020606903        36.7044099158959     
  -8.75130818726441       0.354072464089508        37.0584823799854     
  -8.72499973511050       0.301892927728649        37.3603753077141     
  -8.69869128295659       0.249953054534664        37.6103283622487     
  -8.67238283080268       0.210928127058779        37.8212564893075     
  -8.64607437864877       0.196181495558310        38.0174379848658     
  -8.61976592649486       0.214641051256565        38.2320790361224     
  -8.59345747434095       0.272082177202556        38.5041612133249     
  -8.56714902218704       0.370399656991243        38.8745608703162     
  -8.54084057003313       0.506679111722129        39.3812399820383     
  -8.51453211787921       0.672308896068564        40.0535488781069     
  -8.48822366572530       0.852709301170283        40.9062581792772     
  -8.46191521357139        1.02828096245289        41.9345391417300     
  -8.43560676141748        1.17685903538457        43.1113981771146     
  -8.40929830926357        1.27743639966054        44.3888345767752     
  -8.38298985710966        1.31438600488951        45.7032205816647     
  -8.35668140495575        1.28105877123071        46.9842793528954     
  -8.33037295280184        1.18161388958060        48.1658932424760     
  -8.30406450064793        1.03034172064042        49.1962349631164     
  -8.27775604849402       0.848510434956735        50.0447453980731     
  -8.25144759634010       0.659642909586502        50.7043883076596     
  -8.22513914418619       0.484708177166636        51.1890964848263     
  -8.19883069203228       0.338674449954507        51.5277709347808     
  -8.17252223987837       0.229214769415314        51.7569857041961     
  -8.14621378772446       0.157427471170402        51.9144131753665     
  -8.11990533557055       0.119717342808731        52.0341305181752     
  -8.09359688341664       0.109803836714404        52.1439343548896     
  -8.06728843126273       0.120170173140645        52.2641045280303     
  -8.04097997910882       0.142851016391400        52.4069555444217     
  -8.01467152695491       0.169911695037655        52.5768672394593     
  -7.98836307480099       0.194069417370539        52.7709366568299     
  -7.96205462264708       0.209654583759797        52.9805912405897     
  -7.93574617049317       0.213715506688709        53.1943067472784     
  -7.90943771833926       0.206798965157995        53.4011057124364     
  -7.88312926618535       0.192955478816720        53.5940611912531     
  -7.85682081403144       0.178794779699178        53.7728559709523     
  -7.83051236187753       0.171777864544602        53.9446338354969     
  -7.80420390972362       0.178189868972371        54.1228237044692     
  -7.77789545756971       0.201315745006349        54.3241394494756     
  -7.75158700541580       0.240282824920671        54.5644222743963     
  -7.72527855326188       0.289915259193159        54.8543375335894     
  -7.69897010110797       0.341778547289825        55.1961160808792     
  -7.67266164895406       0.386336449370693        55.5824525302499     
  -7.64635319680015       0.415794384006323        55.9982469142563     
  -7.62004474464624       0.426872781798312        56.4251196960546     
  -7.59373629249233       0.422624258177861        56.8477439542324     
  -7.56742784033842       0.412601859971290        57.2603458142037     
  -7.54111938818451       0.411151768965157        57.6714975831689     
  -7.51481093603060       0.434142494414342        58.1056400775832     
  -7.48850248387669       0.494846589624750        58.6004866672080     
  -7.46219403172277       0.599882219555190        59.2003688867632     
  -7.43588557956886       0.746156381313973        59.9465252680771     
  -7.40957712741495       0.919693470179303        60.8662187382564     
  -7.38326867526104        1.09703152937920        61.9632502676356     
  -7.35696022310713        1.24938209850514        63.2126323661408     
  -7.33065177095322        1.34892746216623        64.5615598283070     
  -7.30434331879931        1.37569569406001        65.9372555223670     
  -7.27803486664540        1.32288939236270        67.2601449147297     
  -7.25172641449149        1.19880247608492        68.4589473908146     
  -7.22541796233758        1.02460300697984        69.4835503977945     
  -7.19910951018366       0.828811183502464        70.3123615812970     
  -7.17280105802975       0.640482500356409        70.9528440816534     
  -7.14649260587584       0.483326949521959        71.4361710311753     
  -7.12018415372193       0.372234872591135        71.8084059037665     
  -7.09387570156802       0.312470742269909        72.1208766460364     
  -7.06756724941411       0.300835374166633        72.4217120202030     
  -7.04125879726020       0.327792222517072        72.7495042427201     
  -7.01495034510629       0.379825787161714        73.1293300298818     
  -6.98864189295238       0.441748051817455        73.5710780816993     
  -6.96233344079847       0.498915443928244        74.0699935256275     
  -6.93602498864455       0.539265631583588        74.6092591572111     
  -6.90971653649065       0.554906511776198        75.1641656689873     
  -6.88340808433673       0.542932519062022        75.7070981880493     
  -6.85709963218282       0.505305102908943        76.2124032909582     
  -6.83079118002891       0.447917988006991        76.6603212789652     
  -6.80448272787500       0.379194418874427        77.0395156978397     
  -6.77817427572109       0.308620027956843        77.3481357257965     
  -6.75186582356718       0.245509964722484        77.5936456905190     
  -6.72555737141327       0.198123027210382        77.7917687177294     
  -6.69924891925936       0.173050957407864        77.9648196751372     
  -6.67294046710544       0.174691466522880        78.1395111416601     
  -6.64663201495154       0.204617371074603        78.3441285127347     
  -6.62032356279762       0.260819184567409        78.6049476973021     
  -6.59401511064371       0.337082983168117        78.9420306804703     
  -6.56770665848980       0.423011535491958        79.3650422159622     
  -6.54139820633589       0.505192247176864        79.8702344631391     
  -6.51508975418198       0.569645921781000        80.4398803849201     
  -6.48878130202807       0.605070044769448        81.0449504296895     
  -6.46247284987416       0.605844480127367        81.6507949098169     
  -6.43616439772025       0.573643509695216        82.2244384195121     
  -6.40985594556633       0.516930408415799        82.7413688279279     
  -6.38354749341243       0.448416628846156        83.1897854567741     
  -6.35723904125851       0.381356117155522        83.5711415739296     
  -6.33093058910460       0.325953203572927        83.8970947775025     
  -6.30462213695069       0.287045826495786        84.1841406039983     
  -6.27831368479678       0.263691508228490        84.4478321122268     
  -6.25200523264287       0.250585399214711        84.6984175114415     
  -6.22569678048896       0.240644023841754        84.9390615352833     
  -6.19938832833505       0.227785852580797        85.1668473878641     
  -6.17307987618114       0.209006951581374        85.3758543394454     
  -6.14677142402723       0.185230958455630        85.5610852979011     
  -6.12046297187332       0.160927147494528        85.7220124453956     
  -6.09415451971940       0.142898677220972        85.8649111226166     
  -6.06784606756549       0.138767342837612        86.0036784654542     
  -6.04153761541158       0.155514266320351        86.1591927317745     
  -6.01522916325767       0.198151923519737        86.3573446552943     
  -5.98892071110376       0.268443429110102        86.6257880844044     
  -5.96261225894985       0.363692032205593        86.9894801166100     
  -5.93630380679594       0.475931229436989        87.4654113460469     
  -5.90999535464202       0.592106939214143        88.0575182852611     
  -5.88368690248812       0.695784236750406        88.7533025220115     
  -5.85737845033420       0.770424959293310        89.5237274813048     
  -5.83106999818029       0.803539344641876        90.3272668259467     
  -5.80476154602638       0.790403877360025        91.1176707033067     
  -5.77845309387247       0.735946314592352        91.8536170178991     
  -5.75214464171856       0.653957993645244        92.5075750115443     
  -5.72583618956465       0.563765152124466        93.0713401636688     
  -5.69952773741074       0.485401357126631        93.5567415207954     
  -5.67321928525683       0.434758459905161        93.9914999807006     
  -5.64691083310291       0.420042269128589        94.4115422498292     
  -5.62060238094901       0.440322439781960        94.8518646896111     
  -5.59429392879509       0.486352202211132        95.3382168918223     
  -5.56798547664118       0.543331380814484        95.8815482726367     
  -5.54167702448727       0.594907883666028        96.4764561563028     
  -5.51536857233336       0.627420600242059        97.1038767565448     
  -5.48906012017945       0.633241680074842        97.7371184366197     
  -5.46275166802554       0.612239720650813        98.3493581572705     
  -5.43644321587163       0.570956118308243        98.9203142755787     
  -5.41013476371772       0.519928308105889        99.4402425836846     
  -5.38382631156380       0.470330786431190        99.9105733701158     
  -5.35751785940990       0.431329919786759        100.341903289903     
  -5.33120940725598       0.409097073396939        100.751000363300     
  -5.30490095510207       0.407512287192344        101.158512650492     
  -5.27859250294816       0.429701037145138        101.588213687637     
  -5.25228405079425       0.479144241401800        102.067357929039     
  -5.22597559864034       0.559372713493708        102.626730642533     
  -5.19966714648643       0.672041300497371        103.298771943030     
  -5.17335869433252       0.814097811613435        104.112869754643     
  -5.14705024217861       0.975418582622641        105.088288337266     
  -5.12074179002470        1.13838704980125        106.226675387067     
  -5.09443333787079        1.28032475516270        107.507000142230     
  -5.06812488571687        1.37855548189442        108.885555624124     
  -5.04181643356296        1.41659200399047        110.302147628115     
  -5.01550798140905        1.38910720588457        111.691254833999     
  -4.98919952925514        1.30354725615472        112.994802090154     
  -4.96289107710123        1.17755242618381        114.172354516338     
  -4.93658262494732        1.03319422536753        115.205548741705     
  -4.91027417279341       0.890440134263987        116.095988875969     
  -4.88396572063950       0.762450078354902        116.858438954324     
  -4.85765726848559       0.654232091825936        117.512671046150     
  -4.83134881633168       0.564503454047388        118.077174500198     
  -4.80504036417776       0.489243942807417        118.566418443005     
  -4.77873191202385       0.425006175912183        118.991424618917     
  -4.75242345986994       0.370589201707569        119.362013820625     
  -4.72611500771603       0.326737429035422        119.688751249660     
  -4.69980655556212       0.294514106594585        119.983265356255     
  -4.67349810340821       0.273498476441157        120.256763832696     
  -4.64718965125430       0.260846081266232        120.517609913962     
  -4.62088119910039       0.251683067316228        120.769292981278     
  -4.59457274694648       0.240594209305646        121.009887190584     
  -4.56826429479257       0.223451613291531        121.233338803876     
  -4.54195584263865       0.198737456116450        121.432076259992     
  -4.51564739048474       0.167842190448522        121.599918450441     
  -4.48933893833083       0.134358990694136        121.734277441135     
  -4.46303048617692       0.102845536402558        121.837122977537     
  -4.43672203402301       7.766946112639950E-002   121.914792438664     
  -4.41041358186910       6.237608518086477E-002   121.977168523845     
  -4.38410512971519       5.967882358388347E-002   122.036847347428     
  -4.35779667756128       7.189004052355294E-002   122.108737387952     
  -4.33148822540737       0.101511827929849        122.210249215882     
  -4.30517977325346       0.151768246098006        122.362017461980     
  -4.27887132109954       0.226948098802004        122.588965560782     
  -4.25256286894563       0.332411427674191        122.921376988456     
  -4.22625441679172       0.473991267456928        123.395368255913     
  -4.19994596463781       0.656458460340036        124.051826716253     
  -4.17363751248390       0.880940596054565        124.932767312308     
  -4.14732906032999        1.14177947050925        126.074546782817     
  -4.12102060817608        1.42403775067925        127.498584533496     
  -4.09471215602217        1.70321925625069        129.201803789747     
  -4.06840370386826        1.94830131924980        131.150105108997     
  -4.04209525171435        2.12790020792313        133.278005316920     
  -4.01578679956043        2.21788908732221        135.495894404242     
  -3.98947834740652        2.20790615800289        137.703800562245     
  -3.96316989525261        2.10446030869849        139.808260870943     
  -3.93686144309870        1.92961387551877        141.737874746462     
  -3.91055299094479        1.71579526049544        143.453670006957     
  -3.88424453879088        1.49841962392832        144.952089630886     
  -3.85793608663697        1.30833973367479        146.260429364561     
  -3.83162763448306        1.16586787370890        147.426297238269     
  -3.80531918232915        1.07755861628427        148.503855854554     
  -3.77901073017524        1.03633275925170        149.540188613805     
  -3.75270227802132        1.02483734453819        150.565025958344     
  -3.72639382586742        1.02113240090213        151.586158359246     
  -3.70008537371350        1.00504754838150        152.591205907627     
  -3.67377692155959       0.963253711723181        153.554459619350     
  -3.64746846940568       0.891561720977427        154.446021340328     
  -3.62116001725177       0.794092844792333        155.240114185120     
  -3.59485156509786       0.680215434845541        155.920329619966     
  -3.56854311294395       0.560844902026217        156.481174521992     
  -3.54223466079004       0.445549722602391        156.926724244594     
  -3.51592620863613       0.341129386932377        157.267853631527     
  -3.48961775648221       0.251492990025271        157.519346621552     
  -3.46330930432831       0.178231622419194        157.697578243971     
  -3.43700085217439       0.121330606163844        157.818908850135     
  -3.41069240002048       7.977240296869548E-002   157.898681253104     
  -3.38438394786657       5.203843056376491E-002   157.950719683667     
  -3.35807549571266       3.658479896295198E-002   157.987304482630     
  -3.33176704355875       3.228946181160913E-002   158.019593944442     
  -3.30545859140484       3.877515774844304E-002   158.058369102190     
  -3.27915013925093       5.649707564364793E-002   158.114866177834     
  -3.25284168709702       8.655730778945646E-002   158.201423485624     
  -3.22653323494310       0.130316025499369        158.331739511123     
  -3.20022478278920       0.188935346323240        158.520674857446     
  -3.17391633063528       0.262962233272276        158.783637090718     
  -3.14760787848137       0.351944212732667        159.135581303451     
  -3.12129942632746       0.453973699765591        159.589555003217     
  -3.09499097417355       0.565106438085689        160.154661441302     
  -3.06868252201964       0.678846371876903        160.833507813179     
  -3.04237406986573       0.786192595294856        161.619700408474     
  -3.01606561771182       0.876808201269496        162.496508609744     
  -2.98975716555791       0.941461881145365        163.437970490889     
  -2.96344871340400       0.975097778743995        164.413068269633     
  -2.93714026125009       0.979172570363419        165.392240839996     
  -2.91083180909617       0.961835048515897        166.354075888512     
  -2.88452335694226       0.935354101504836        167.289429990017     
  -2.85821490478835       0.911572109228192        168.201002099245     
  -2.83190645263444       0.897289912116626        169.098292011362     
  -2.80559800048053       0.891673955336669        169.989965966699     
  -2.77928954832662       0.886870518791716        170.876836485490     
  -2.75298109617271       0.871520495602706        171.748356981093     
  -2.72667264401879       0.835602001943924        172.583958983037     
  -2.70036419186489       0.774596905011510        173.358555888049     
  -2.67405573971097       0.691472006549213        174.050027894598     
  -2.64774728755706       0.596001244372954        174.646029138971     
  -2.62143883540315       0.501975825535388        175.148004964506     
  -2.59513038324924       0.423451040718206        175.571456005224     
  -2.56882193109533       0.371260653921203        175.942716659146     
  -2.54251347894142       0.350734801254952        176.293451460400     
  -2.51620502678751       0.361100799278693        176.654552259679     
  -2.48989657463360       0.396573539284729        177.051125798964     
  -2.46358812247968       0.448702419445736        177.499828218410     
  -2.43727967032578       0.509169210184694        178.008997428594     
  -2.41097121817186       0.572034039441361        178.581031468036     
  -2.38466276601795       0.634570579168945        179.215602047205     
  -2.35835431386404       0.696395065934478        179.911997113139     
  -2.33204586171013       0.757409468875994        180.669406582015     
  -2.30573740955622       0.815733135132324        181.485139717147     
  -2.27942895740231       0.866857580631446        182.351997297779     
  -2.25312050524840       0.904598006644847        183.256595304424     
  -2.22681205309449       0.923368467429381        184.179963771853     
  -2.20050360094057       0.920505145888497        185.100468917742     
  -2.17419514878667       0.897317612919563        185.997786530661     
  -2.14788669663275       0.858302091987244        186.856088622648     
  -2.12157824447884       0.809034230966969        187.665122853615     
  -2.09526979232493       0.754001571339968        188.419124424955     
  -2.06896134017102       0.695599440210873        189.114723865166     
  -2.04265288801711       0.634753107965689        189.749476973132     
  -2.01634443586320       0.572627965521149        190.322104938653     
  -1.99003598370929       0.512243362114220        190.834348300767     
  -1.96372753155538       0.458866238304715        191.293214539072     
  -1.93741907940147       0.418758630005411        191.711973169077     
  -1.91111062724756       0.396778652380959        192.108751821458     
  -1.88480217509364       0.393991949879768        192.502743771338     
  -1.85849372293973       0.406518970749911        192.909262742088     
  -1.83218527078582       0.426308683940972        193.335571426029     
  -1.80587681863191       0.443656104936602        193.779227530966     
  -1.77956836647800       0.450476057626354        194.229703588592     
  -1.75325991432409       0.442981794285396        194.672685382877     
  -1.72695146217018       0.422671812005122        195.095357194882     
  -1.70064301001627       0.395290948924773        195.490648143807     
  -1.67433455786236       0.368337245264152        195.858985389071     
  -1.64802610570845       0.348286998588791        196.207272387660     
  -1.62171765355453       0.338717752841433        196.545990140502     
  -1.59540920140062       0.339956814134248        196.885946954636     
  -1.56910074924671       0.350105509655255        197.236052464291     
  -1.54279229709280       0.366713064916844        197.602765529208     
  -1.51648384493889       0.388257316087004        197.991022845295     
  -1.49017539278498       0.414887298373446        198.405910143668     
  -1.46386694063107       0.448323642179904        198.854233785848     
  -1.43755848847716       0.491122618374468        199.345356404223     
  -1.41125003632325       0.545601000153495        199.890957404376     
  -1.38494158416934       0.612697298155577        200.503654702532     
  -1.35863313201542       0.691047932240786        201.194702634773     
  -1.33232467986151       0.776590206405665        201.971292841178     
  -1.30601622770760       0.862938462288187        202.834231303466     
  -1.27970777555369       0.942513308083323        203.776744611550     
  -1.25339932339978        1.00802398967584        204.784768601226     
  -1.22709087124587        1.05367538471784        205.838443985944     
  -1.20078241909196        1.07562682147470        206.914070807418     
  -1.17447396693805        1.07173713156090        207.985807938979     
  -1.14816551478414        1.04115079460332        209.026958733582     
  -1.12185706263023       0.984399456487862        210.011358190070     
  -1.09554861047631       0.904258522905540        210.915616712976     
  -1.06924015832240       0.806881232597148        211.722497945573     
  -1.04293170616849       0.702255808444566        212.424753754018     
  -1.01662325401458       0.603182302727432        213.027936056745     
 -0.990314801860670       0.522703757048778        213.550639813794     
 -0.964006349706761       0.470814086215133        214.021453900009     
 -0.937697897552848       0.451776041206332        214.473229941215     
 -0.911389445398939       0.463227698857142        214.936457640072     
 -0.885080993245026       0.497514698072075        215.433972338144     
 -0.858772541091117       0.544719081849348        215.978691419994     
 -0.832464088937204       0.596115219066351        216.574806639060     
 -0.806155636783295       0.646615197926221        217.221421836986     
 -0.779847184629382       0.695259577850705        217.916681414837     
 -0.753538732475473       0.743734135622236        218.660415550459     
 -0.727230280321560       0.793791598984329        219.454207149444     
 -0.700921828167651       0.844887313582608        220.299094463026     
 -0.674613376013738       0.893127579317732        221.192222042344     
 -0.648304923859829       0.931957487597788        222.124179529942     
 -0.621996471705916       0.954258550587218        223.078438080529     
 -0.595688019552007       0.955013899384971        224.033451979914     
 -0.569379567398094       0.933563084008872        224.967015063923     
 -0.543071115244185       0.894666179607403        225.861681243530     
 -0.516762663090272       0.848004783278696        226.709686026809     
 -0.490454210936363       0.806222905456614        227.515908932266     
 -0.464145758782450       0.782008010961842        228.297916943227     
 -0.437837306628541       0.784918696427164        229.082835639655     
 -0.411528854474629       0.818665369916300        229.901501009571     
 -0.385220402320719       0.879438103024504        230.780939112595     
 -0.358911950166807       0.955755655257479        231.736694767853     
 -0.332603498012897        1.03016214043186        232.766856908285     
 -0.306295045858985        1.08277635837292        233.849633266658     
 -0.279986593705075        1.09611181264703        234.945745079305     
 -0.253678141551163        1.05990373448929        236.005648813794     
 -0.227369689397253       0.974324903941561        236.979973717735     
 -0.201061237243341       0.850322551096904        237.830296268832     
 -0.174752785089431       0.706846667162126        238.537142935994     
 -0.148444332935519       0.565974181245516        239.103117117240     
 -0.122135880781610       0.447701725302912        239.550818842543     
 -9.582742862769678E-002  0.366102219326010        239.916921061869     
 -6.951897647378757E-002  0.327753711838647        240.244674773708     
 -4.321052431987482E-002  0.332355266936814        240.577030040644     
 -1.690207216596562E-002  0.374741430226581        240.951771470871     
  9.406379987947133E-003  0.447304745088953        241.399076215960     
  3.571483214185633E-002  0.542040252765009        241.941116468725     
  6.202328429576909E-002  0.651805427839197        242.592921896564     
  8.833173644967829E-002  0.770744730297036        243.363666626861     
  0.114640188603591       0.894057311619266        244.257723938480     
  0.140948640757500        1.01736966177187        245.275093600252     
  0.167257092911413        1.13595379499468        246.411047395247     
  0.193565545065322        1.24399062608620        247.655038021333     
  0.219873997219235        1.33409557211966        248.989133593453     
  0.246182449373144        1.39739407634899        250.386527669802     
  0.272490901527057        1.42444049686933        251.810968166671     
  0.298799353680966        1.40706681962300        253.218034986294     
  0.325107805834879        1.34080895848935        254.558843944784     
  0.351416257988788        1.22708940654174        255.785933351325     
  0.377724710142701        1.07416388379985        256.860097235125     
  0.404033162296610       0.896180518656328        257.756277753781     
  0.430341614450523       0.710454000757673        258.466731754539     
  0.456650066604432       0.533835037596480        259.000566792136     
  0.482958518758345       0.379426514227542        259.379993306363     
  0.509266970912254       0.254675285737352        259.634668592100     
  0.535575423066167       0.161216649060932        259.795885241161     
  0.561883875220076       9.614536918980449E-002   259.892030610351     
  0.588192327373989       5.397021579060444E-002   259.946000826142     
  0.614500779527898       2.849438190347630E-002   259.974495208045     
  0.640809231681811       1.414034713212078E-002   259.988635555177     
  0.667117683835723       6.591828738533774E-003   259.995227383916     
  0.693426135989633       2.885164309862725E-003   259.998112548226     
  0.719734588143545       1.185076847228992E-003   259.999297625073     
  0.746043040297454       4.566056525970676E-004   259.999754230726     
  0.772351492451367       1.649585703737659E-004   259.999919189296     
  0.798659944605276       5.585710808865492E-005   259.999975046404     
  0.824968396759189       1.772121195290580E-005   259.999992767616     
  0.851276848913098       5.265882385935110E-006   259.999998033498     
  0.877585301067011       1.465118315805368E-006   259.999999498617     
  0.903893753220920       3.815651063938442E-007   259.999999880182     
  0.930202205374833       9.299059802747329E-008   259.999999973172     
  0.956510657528742       2.120181870584985E-008   259.999999994374     
  0.982819109682655       4.521360289042476E-009   259.999999998896     
   1.00912756183656       9.016414559957255E-010   259.999999999797     
   1.03543601399048       1.681055717263173E-010   259.999999999965     
   1.06174446614439       2.929795772307897E-011   259.999999999995     
   1.08805291829830       4.772407295738912E-012   259.999999999999     
   1.11436137045221       7.263813031968547E-013   260.000000000000     
   1.14066982260612       1.032930793849751E-013   260.000000000000     
   1.16697827476003       1.376378394937761E-014   260.000000000000     
   1.19328672691394       1.623484333079794E-015   260.000000000000     
   1.21959517906785       2.136962481968929E-016   260.000000000000     
   1.24590363122176       0.000000000000000E+000   260.000000000000     
   1.27221208337567       0.000000000000000E+000   260.000000000000     
   1.29852053552959       0.000000000000000E+000   260.000000000000     
   1.32482898768350       0.000000000000000E+000   260.000000000000     
   1.35113743983741       0.000000000000000E+000   260.000000000000     
   1.37744589199132       0.000000000000000E+000   260.000000000000     
   1.40375434414523       0.000000000000000E+000   260.000000000000     
   1.43006279629914       0.000000000000000E+000   260.000000000000     
   1.45637124845305       0.000000000000000E+000   260.000000000000     
   1.48267970060696       0.000000000000000E+000   260.000000000000     
   1.50898815276087       0.000000000000000E+000   260.000000000000     
   1.53529660491478       0.000000000000000E+000   260.000000000000     
   1.56160505706870       0.000000000000000E+000   260.000000000000     
   1.58791350922261       0.000000000000000E+000   260.000000000000     
   1.61422196137652       0.000000000000000E+000   260.000000000000     
   1.64053041353043       0.000000000000000E+000   260.000000000000     
   1.66683886568434       0.000000000000000E+000   260.000000000000     
   1.69314731783825       0.000000000000000E+000   260.000000000000     
   1.71945576999216       0.000000000000000E+000   260.000000000000     
   1.74576422214607       0.000000000000000E+000   260.000000000000     
   1.77207267429998       0.000000000000000E+000   260.000000000000     
   1.79838112645389       0.000000000000000E+000   260.000000000000     
   1.82468957860781       0.000000000000000E+000   260.000000000000     
   1.85099803076172       0.000000000000000E+000   260.000000000000     
   1.87730648291563       0.000000000000000E+000   260.000000000000     
   1.90361493506954       0.000000000000000E+000   260.000000000000     
   1.92992338722345       0.000000000000000E+000   260.000000000000     
   1.95623183937736       0.000000000000000E+000   260.000000000000     
   1.98254029153127       0.000000000000000E+000   260.000000000000     
   2.00884874368518       0.000000000000000E+000   260.000000000000     
   2.03515719583909       0.000000000000000E+000   260.000000000000     
   2.06146564799300       0.000000000000000E+000   260.000000000000     
   2.08777410014692       0.000000000000000E+000   260.000000000000     
   2.11408255230083       0.000000000000000E+000   260.000000000000     
   2.14039100445474       0.000000000000000E+000   260.000000000000     
   2.16669945660865       0.000000000000000E+000   260.000000000000     
   2.19300790876256       0.000000000000000E+000   260.000000000000     
   2.21931636091647       0.000000000000000E+000   260.000000000000     
   2.24562481307038       0.000000000000000E+000   260.000000000000     
   2.27193326522429       0.000000000000000E+000   260.000000000000     
   2.29824171737820       0.000000000000000E+000   260.000000000000     
   2.32455016953211       0.000000000000000E+000   260.000000000000     
   2.35085862168603       0.000000000000000E+000   260.000000000000     
   2.37716707383994       0.000000000000000E+000   260.000000000000     
   2.40347552599385       0.000000000000000E+000   260.000000000000     
   2.42978397814776       0.000000000000000E+000   260.000000000000     
   2.45609243030167       0.000000000000000E+000   260.000000000000     
   2.48240088245558       0.000000000000000E+000   260.000000000000     
   2.50870933460949       0.000000000000000E+000   260.000000000000     
   2.53501778676340       0.000000000000000E+000   260.000000000000     
   2.56132623891731       0.000000000000000E+000   260.000000000000     
   2.58763469107122       0.000000000000000E+000   260.000000000000     
   2.61394314322514       0.000000000000000E+000   260.000000000000     
   2.64025159537904       0.000000000000000E+000   260.000000000000     
