  -26.2990457739230       0.000000000000000E+000  0.000000000000000E+000
  -26.2727373217691       0.000000000000000E+000  0.000000000000000E+000
  -26.2464288696152       0.000000000000000E+000  0.000000000000000E+000
  -26.2201204174613       0.000000000000000E+000  0.000000000000000E+000
  -26.1938119653074       0.000000000000000E+000  0.000000000000000E+000
  -26.1675035131535       0.000000000000000E+000  0.000000000000000E+000
  -26.1411950609996       0.000000000000000E+000  0.000000000000000E+000
  -26.1148866088457       0.000000000000000E+000  0.000000000000000E+000
  -26.0885781566918       0.000000000000000E+000  0.000000000000000E+000
  -26.0622697045378       0.000000000000000E+000  0.000000000000000E+000
  -26.0359612523839       0.000000000000000E+000  0.000000000000000E+000
  -26.0096528002300       0.000000000000000E+000  0.000000000000000E+000
  -25.9833443480761       0.000000000000000E+000  0.000000000000000E+000
  -25.9570358959222       0.000000000000000E+000  0.000000000000000E+000
  -25.9307274437683       0.000000000000000E+000  0.000000000000000E+000
  -25.9044189916144       0.000000000000000E+000  0.000000000000000E+000
  -25.8781105394605       0.000000000000000E+000  0.000000000000000E+000
  -25.8518020873066       0.000000000000000E+000  0.000000000000000E+000
  -25.8254936351526       0.000000000000000E+000  0.000000000000000E+000
  -25.7991851829987       0.000000000000000E+000  0.000000000000000E+000
  -25.7728767308448       0.000000000000000E+000  0.000000000000000E+000
  -25.7465682786909       0.000000000000000E+000  0.000000000000000E+000
  -25.7202598265370       0.000000000000000E+000  0.000000000000000E+000
  -25.6939513743831       0.000000000000000E+000  0.000000000000000E+000
  -25.6676429222292       0.000000000000000E+000  0.000000000000000E+000
  -25.6413344700753       0.000000000000000E+000  0.000000000000000E+000
  -25.6150260179214       0.000000000000000E+000  0.000000000000000E+000
  -25.5887175657674       0.000000000000000E+000  0.000000000000000E+000
  -25.5624091136135       0.000000000000000E+000  0.000000000000000E+000
  -25.5361006614596       0.000000000000000E+000  0.000000000000000E+000
  -25.5097922093057       0.000000000000000E+000  0.000000000000000E+000
  -25.4834837571518       0.000000000000000E+000  0.000000000000000E+000
  -25.4571753049979       0.000000000000000E+000  0.000000000000000E+000
  -25.4308668528440       0.000000000000000E+000  0.000000000000000E+000
  -25.4045584006901       0.000000000000000E+000  0.000000000000000E+000
  -25.3782499485362       0.000000000000000E+000  0.000000000000000E+000
  -25.3519414963822       0.000000000000000E+000  0.000000000000000E+000
  -25.3256330442283       0.000000000000000E+000  0.000000000000000E+000
  -25.2993245920744       0.000000000000000E+000  0.000000000000000E+000
  -25.2730161399205       0.000000000000000E+000  0.000000000000000E+000
  -25.2467076877666       0.000000000000000E+000  0.000000000000000E+000
  -25.2203992356127       0.000000000000000E+000  0.000000000000000E+000
  -25.1940907834588       0.000000000000000E+000  0.000000000000000E+000
  -25.1677823313049       0.000000000000000E+000  0.000000000000000E+000
  -25.1414738791510       3.330669073875470E-016  3.330669073875470E-016
  -25.1151654269970       2.554597158810346E-015  2.887664066197893E-015
  -25.0888569748431       2.003849560242021E-014  2.292615966861811E-014
  -25.0625485226892       1.478717322200840E-013  1.707978918887021E-013
  -25.0362400705353       1.020069716629185E-012  1.190867608517887E-012
  -25.0099316183814       6.570522771698339E-012  7.761390380216227E-012
  -24.9836231662275       3.952178861954536E-011  4.728317899976159E-011
  -24.9573147140736       2.220017870707344E-010  2.692849660704960E-010
  -24.9310062619197       1.164644065974711E-009  1.433929032045207E-009
  -24.9046978097658       5.706632518311452E-009  7.140561550356660E-009
  -24.8783893576119       2.611884974138478E-008  3.325941129174144E-008
  -24.8520809054579       1.116754464950266E-007  1.449348577867680E-007
  -24.8257724533040       4.461058388703035E-007  5.910406966570716E-007
  -24.7994640011501       1.665126235216811E-006  2.256166931873882E-006
  -24.7731555489962       5.808230107340621E-006  8.064397039214504E-006
  -24.7468470968423       1.893618406844158E-005  2.700058110765609E-005
  -24.7205386446884       5.771176073320945E-005  8.471234184086554E-005
  -24.6942301925345       1.644513433546681E-004  2.491636851955337E-004
  -24.6679217403806       4.382245987518950E-004  6.873882839474287E-004
  -24.6416132882267       1.092280460641334E-003  1.779668744588763E-003
  -24.6153048360727       2.547112410941152E-003  4.326781155529915E-003
  -24.5889963839188       5.558313849486751E-003  9.885095005016668E-003
  -24.5626879317649       1.135347050556083E-002  2.123856551057749E-002
  -24.5363794796110       2.171292472687652E-002  4.295149023745402E-002
  -24.5100710274571       3.888910066980795E-002  8.184059090726198E-002
  -24.4837625753032       6.524892365670942E-002  0.147089514563971     
  -24.4574541231493       0.102581375873058       0.249670890437029     
  -24.4311456709954       0.151154951566092       0.400825842003121     
  -24.4048372188415       0.208802707627038       0.609628549630159     
  -24.3785287666875       0.270458222052740       0.880086771682899     
  -24.3522203145336       0.328542314008281        1.20862908569118     
  -24.3259118623797       0.374343172570811        1.58297225826199     
  -24.2996034102258       0.400108622420429        1.98308088068242     
  -24.2732949580719       0.401177998537582        2.38425887922000     
  -24.2469865059180       0.377353504771052        2.76161238399105     
  -24.2206780537641       0.332959696041618        3.09457208003267     
  -24.1943696016102       0.275566654626242        3.37013873465891     
  -24.1680611494563       0.213891944868026        3.58403067952694     
  -24.1417526973023       0.155675219101515        3.73970589862845     
  -24.1154442451484       0.106221502586492        3.84592740121495     
  -24.0891357929945       6.793176237107376E-002   3.91385916358602     
  -24.0628273408406       4.070918147117920E-002   3.95456834505720     
  -24.0365188886867       2.285374451629592E-002   3.97742208957349     
  -24.0102104365328       1.201577985844200E-002   3.98943786943194     
  -23.9839019843789       5.915075472233533E-003   3.99535294490417     
  -23.9575935322250       2.725640601993554E-003   3.99807858550616     
  -23.9312850800711       1.175349084197142E-003   3.99925393459036     
  -23.9049766279171       4.741876077672081E-004   3.99972812219813     
  -23.8786681757632       1.789450103620947E-004   3.99990706720849     
  -23.8523597236093       6.315134823604325E-005   3.99997021855673     
  -23.8260512714554       2.083788987787934E-005   3.99999105644660     
  -23.7997428193015       6.427680958489721E-006   3.99999748412756     
  -23.7734343671476       1.853158566760048E-006   3.99999933728613     
  -23.7471259149937       4.993021076917783E-007   3.99999983658824     
  -23.7208174628398       1.257036556463536E-007   3.99999996229189     
  -23.6945090106859       2.956740078339029E-008   3.99999999185929     
  -23.6682005585319       6.496981545475473E-009   3.99999999835627     
  -23.6418921063780       1.333524169073227E-009   3.99999999968980     
  -23.6155836542241       2.556483715584860E-010   3.99999999994545     
  -23.5892752020702       4.577248313448329E-011   3.99999999999122     
  -23.5629667499163       7.653331961232634E-012   3.99999999999887     
  -23.5366582977624       1.194969416386943E-012   4.00000000000007     
  -23.5103498456085       1.742748198356459E-013   4.00000000000024     
  -23.4840413934546       2.380468868898311E-014   4.00000000000027     
  -23.4577329413007       2.933200557442284E-015   4.00000000000027     
  -23.4314244891467       3.979021973021801E-016   4.00000000000027     
  -23.4051160369928       0.000000000000000E+000   4.00000000000027     
  -23.3788075848389       0.000000000000000E+000   4.00000000000027     
  -23.3524991326850       0.000000000000000E+000   4.00000000000027     
  -23.3261906805311       0.000000000000000E+000   4.00000000000027     
  -23.2998822283772       0.000000000000000E+000   4.00000000000027     
  -23.2735737762233       0.000000000000000E+000   4.00000000000027     
  -23.2472653240694       0.000000000000000E+000   4.00000000000027     
  -23.2209568719155       0.000000000000000E+000   4.00000000000027     
  -23.1946484197615       0.000000000000000E+000   4.00000000000027     
  -23.1683399676076       0.000000000000000E+000   4.00000000000027     
  -23.1420315154537       0.000000000000000E+000   4.00000000000027     
  -23.1157230632998       0.000000000000000E+000   4.00000000000027     
  -23.0894146111459       0.000000000000000E+000   4.00000000000027     
  -23.0631061589920       0.000000000000000E+000   4.00000000000027     
  -23.0367977068381       0.000000000000000E+000   4.00000000000027     
  -23.0104892546842       0.000000000000000E+000   4.00000000000027     
  -22.9841808025303       0.000000000000000E+000   4.00000000000027     
  -22.9578723503763       0.000000000000000E+000   4.00000000000027     
  -22.9315638982224       0.000000000000000E+000   4.00000000000027     
  -22.9052554460685       0.000000000000000E+000   4.00000000000027     
  -22.8789469939146       0.000000000000000E+000   4.00000000000027     
  -22.8526385417607       0.000000000000000E+000   4.00000000000027     
  -22.8263300896068       0.000000000000000E+000   4.00000000000027     
  -22.8000216374529       0.000000000000000E+000   4.00000000000027     
  -22.7737131852990       0.000000000000000E+000   4.00000000000027     
  -22.7474047331451       0.000000000000000E+000   4.00000000000027     
  -22.7210962809911       0.000000000000000E+000   4.00000000000027     
  -22.6947878288372       0.000000000000000E+000   4.00000000000027     
  -22.6684793766833       0.000000000000000E+000   4.00000000000027     
  -22.6421709245294       0.000000000000000E+000   4.00000000000027     
  -22.6158624723755       0.000000000000000E+000   4.00000000000027     
  -22.5895540202216       0.000000000000000E+000   4.00000000000027     
  -22.5632455680677       0.000000000000000E+000   4.00000000000027     
  -22.5369371159138       0.000000000000000E+000   4.00000000000027     
  -22.5106286637599       0.000000000000000E+000   4.00000000000027     
  -22.4843202116060       0.000000000000000E+000   4.00000000000027     
  -22.4580117594520       0.000000000000000E+000   4.00000000000027     
  -22.4317033072981       0.000000000000000E+000   4.00000000000027     
  -22.4053948551442       0.000000000000000E+000   4.00000000000027     
  -22.3790864029903       0.000000000000000E+000   4.00000000000027     
  -22.3527779508364       0.000000000000000E+000   4.00000000000027     
  -22.3264694986825       0.000000000000000E+000   4.00000000000027     
  -22.3001610465286       0.000000000000000E+000   4.00000000000027     
  -22.2738525943747       0.000000000000000E+000   4.00000000000027     
  -22.2475441422208       0.000000000000000E+000   4.00000000000027     
  -22.2212356900668       0.000000000000000E+000   4.00000000000027     
  -22.1949272379129       0.000000000000000E+000   4.00000000000027     
  -22.1686187857590       0.000000000000000E+000   4.00000000000027     
  -22.1423103336051       0.000000000000000E+000   4.00000000000027     
  -22.1160018814512       0.000000000000000E+000   4.00000000000027     
  -22.0896934292973       0.000000000000000E+000   4.00000000000027     
  -22.0633849771434       3.908006730724001E-016   4.00000000000027     
  -22.0370765249895       3.627469418593376E-015   4.00000000000027     
  -22.0107680728356       2.791923593356560E-014   4.00000000000030     
  -21.9844596206816       2.032997793548208E-013   4.00000000000050     
  -21.9581511685277       1.382882849031153E-012   4.00000000000189     
  -21.9318427163738       8.779778011384909E-012   4.00000000001067     
  -21.9055342642199       5.203242079820231E-011   4.00000000006270     
  -21.8792258120660       2.878435506441235E-010   4.00000000035054     
  -21.8529173599121       1.486384560518608E-009   4.00000000183693     
  -21.8266089077582       7.164723678329977E-009   4.00000000900165     
  -21.8003004556043       3.223761010212860E-008   4.00000004123926     
  -21.7739920034504       1.354013139990792E-007   4.00000017664057     
  -21.7476835512964       5.308612590258993E-007   4.00000070750183     
  -21.7213750991425       1.942847511428173E-006   4.00000265034934     
  -21.6950666469886       6.637389288411441E-006   4.00000928773863     
  -21.6687581948347       2.116693932840454E-005   4.00003045467796     
  -21.6424497426808       6.301185870173149E-005   4.00009346653666     
  -21.6161412905269       1.751020203810380E-004   4.00026856855704     
  -21.5898328383730       4.542195189804802E-004   4.00072278807602     
  -21.5635243862191       1.099884954970008E-003   4.00182267303099     
  -21.5372159340652       2.486202843693536E-003   4.00430887587469     
  -21.5109074819112       5.246076416892384E-003   4.00955495229158     
  -21.4845990297573       1.033337709878979E-002   4.01988832939037     
  -21.4582905776034       1.900029484873466E-002   4.03888862423910     
  -21.4319821254495       3.261290662633940E-002   4.07150153086544     
  -21.4056736732956       5.225530789437194E-002   4.12375683875981     
  -21.3793652211417       7.815983024203893E-002   4.20191666900185     
  -21.3530567689878       0.109131361347043        4.31104803034890     
  -21.3267483168339       0.142242279540659        4.45329030988956     
  -21.3004398646800       0.173069809502148        4.62636011939170     
  -21.2741314125260       0.196574709897033        4.82293482928874     
  -21.2478229603721       0.208424054155484        5.03135888344422     
  -21.2215145082182       0.206291803881781        5.23765068732600     
  -21.1952060560643       0.190603132401849        5.42825381972785     
  -21.1688976039104       0.164396256892995        5.59265007662084     
  -21.1425891517565       0.132363264734431        5.72501334135528     
  -21.1162806996026       9.948472674332197E-002   5.82449806809860     
  -21.0899722474487       6.980047975913072E-002   5.89429854785773     
  -21.0636637952948       4.571650682476129E-002   5.94001505468249     
  -21.0373553431408       2.795115796776680E-002   5.96796621265026     
  -21.0110468909869       1.595284431422450E-002   5.98391905696448     
  -20.9847384388330       8.499382020587119E-003   5.99241843898507     
  -20.9584299866791       4.227141077537197E-003   5.99664558006261     
  -20.9321215345252       1.962526360639178E-003   5.99860810642325     
  -20.9058130823713       8.505360813242503E-004   5.99945864250457     
  -20.8795046302174       3.440943354438529E-004   5.99980273684001     
  -20.8531961780635       1.299477685464622E-004   5.99993268460856     
  -20.8268877259096       4.581055654777566E-005   5.99997849516511     
  -20.8005792737556       1.507532215286762E-005   5.99999357048726     
  -20.7742708216017       4.630956678263452E-006   5.99999820144394     
  -20.7479623694478       1.327934487580819E-006   5.99999952937843     
  -20.7216539172939       3.554537269612819E-007   5.99999988483215     
  -20.6953454651400       8.881546743406054E-008   5.99999997364762     
  -20.6690370129861       2.071532825473604E-008   5.99999999436295     
  -20.6427285608322       4.510152555462291E-009   5.99999999887310     
  -20.6164201086783       9.166115231737902E-010   5.99999999978971     
  -20.5901116565244       1.738892038715724E-010   5.99999999996360     
  -20.5638032043704       3.079296122558348E-011   5.99999999999440     
  -20.5374947522165       5.090055005090022E-012   5.99999999999949     
  -20.5111863000626       7.854039684243586E-013   6.00000000000027     
  -20.4848778479087       1.131617586094813E-013   6.00000000000038     
  -20.4585693957548       1.525635087012978E-014   6.00000000000040     
  -20.4322609436009       1.937415072122972E-015   6.00000000000040     
  -20.4059524914470       2.512096433648914E-016   6.00000000000040     
  -20.3796440392931       0.000000000000000E+000   6.00000000000040     
  -20.3533355871392       0.000000000000000E+000   6.00000000000040     
  -20.3270271349853       0.000000000000000E+000   6.00000000000040     
  -20.3007186828313       0.000000000000000E+000   6.00000000000040     
  -20.2744102306774       0.000000000000000E+000   6.00000000000040     
  -20.2481017785235       0.000000000000000E+000   6.00000000000040     
  -20.2217933263696       0.000000000000000E+000   6.00000000000040     
  -20.1954848742157       0.000000000000000E+000   6.00000000000040     
  -20.1691764220618       0.000000000000000E+000   6.00000000000040     
  -20.1428679699079       0.000000000000000E+000   6.00000000000040     
  -20.1165595177540       0.000000000000000E+000   6.00000000000040     
  -20.0902510656001       0.000000000000000E+000   6.00000000000040     
  -20.0639426134461       0.000000000000000E+000   6.00000000000040     
  -20.0376341612922       0.000000000000000E+000   6.00000000000040     
  -20.0113257091383       0.000000000000000E+000   6.00000000000040     
  -19.9850172569844       0.000000000000000E+000   6.00000000000040     
  -19.9587088048305       0.000000000000000E+000   6.00000000000040     
  -19.9324003526766       0.000000000000000E+000   6.00000000000040     
  -19.9060919005227       0.000000000000000E+000   6.00000000000040     
  -19.8797834483688       0.000000000000000E+000   6.00000000000040     
  -19.8534749962148       0.000000000000000E+000   6.00000000000040     
  -19.8271665440609       0.000000000000000E+000   6.00000000000040     
  -19.8008580919070       0.000000000000000E+000   6.00000000000040     
  -19.7745496397531       0.000000000000000E+000   6.00000000000040     
  -19.7482411875992       1.110223024625157E-016   6.00000000000040     
  -19.7219327354453       9.870034477221790E-016   6.00000000000040     
  -19.6956242832914       7.796606242560511E-015   6.00000000000041     
  -19.6693158311375       5.957577096579736E-014   6.00000000000047     
  -19.6430073789836       4.232770817874654E-013   6.00000000000089     
  -19.6166989268297       2.805065858410560E-012   6.00000000000370     
  -19.5903904746757       1.735162642908794E-011   6.00000000002105     
  -19.5640820225218       1.001881318792724E-010   6.00000000012124     
  -19.5377735703679       5.399892252636908E-010   6.00000000066123     
  -19.5114651182140       2.716728529693433E-009   6.00000000337796     
  -19.4851566660601       1.275855797107459E-008   6.00000001613651     
  -19.4588482139062       5.593100809131142E-008   6.00000007206752     
  -19.4325397617523       2.288763470596018E-007   6.00000030094387     
  -19.4062313095984       8.742745463025678E-007   6.00000117521842     
  -19.3799228574445       3.117416333712261E-006   6.00000429263475     
  -19.3536144052905       1.037631558979717E-005   6.00001466895034     
  -19.3273059531366       3.223993946852624E-005   6.00004690888981     
  -19.3009975009827       9.350808685636987E-005   6.00014041697666     
  -19.2746890488288       2.531682273702672E-004   6.00039358520403     
  -19.2483805966749       6.398459261908660E-004   6.00103343113023     
  -19.2220721445210       1.509554631905464E-003   6.00254298576213     
  -19.1957636923671       3.324531474317358E-003   6.00586751723645     
  -19.1694552402132       6.834726671236545E-003   6.01270224390768     
  -19.1431467880593       1.311661499748009E-002   6.02581885890516     
  -19.1168383359053       2.349811711233167E-002   6.04931697601750     
  -19.0905298837514       3.929666637447097E-002   6.08861364239197     
  -19.0642214315975       6.134657375145038E-002   6.14996021614342     
  -19.0379129794436       8.939997481956440E-002   6.23936019096298     
  -19.0116045272897       0.121617874543850        6.36097806550683     
  -18.9852960751358       0.154443884537702        6.51542195004453     
  -18.9589876229819       0.183087039868983        6.69850898991352     
  -18.9326791708280       0.202608785317708        6.90111777523122     
  -18.9063707186741       0.209301743952295        7.11041951918352     
  -18.8800622665201       0.201837270489187        7.31225678967271     
  -18.8537538143662       0.181695336955714        7.49395212662842     
  -18.8274453622123       0.152686265442358        7.64663839207078     
  -18.8011369100584       0.119775979147494        7.76641437121827     
  -18.7748284579045       8.771073758210050E-002   7.85412510880037     
  -18.7485200057506       5.995821596540842E-002   7.91408332476578     
  -18.7222115535967       3.826106866118116E-002   7.95234439342696     
  -18.6959031014428       2.279173649014991E-002   7.97513612991711     
  -18.6695946492889       1.267386426216278E-002   7.98780999417927     
  -18.6432861971349       6.578870243867753E-003   7.99438886442314     
  -18.6169777449810       3.187890999785219E-003   7.99757675542293     
  -18.5906692928271       1.441997963486796E-003   7.99901875338641     
  -18.5643608406732       6.088831679857191E-004   7.99962763655440     
  -18.5380523885193       2.399995818530412E-004   7.99986763613625     
  -18.5117439363654       8.830669692368154E-005   7.99995594283318     
  -18.4854354842115       3.033122111276956E-005   7.99998627405429     
  -18.4591270320576       9.727828966314494E-006   7.99999600188325     
  -18.4328185799037       2.925503951786473E-006   7.99999892738721     
  -18.4065101277497       8.784620934985574E-007   7.99999980584930     
  -18.3802016755958       4.774154154823162E-007   8.00000028326471     
  -18.3538932234419       1.057746140134324E-006   8.00000134101085     
  -18.3275847712880       3.572733635657675E-006   8.00000491374449     
  -18.3012763191341       1.176758060457113E-005   8.00001668132509     
  -18.2749678669802       3.628499831614273E-005   8.00005296632341     
  -18.2486594148263       1.044603560638293E-004   8.00015742667948     
  -18.2223509626724       2.807283405923968E-004   8.00043815502007     
  -18.1960425105185       7.042512738328075E-004   8.00114240629390     
  -18.1697340583645       1.649211561228731E-003   8.00279161785513     
  -18.1434256062106       3.605233433430228E-003   8.00639685128856     
  -18.1171171540567       7.356980259429435E-003   8.01375383154799     
  -18.0908087019028       1.401444147032954E-002   8.02776827301832     
  -18.0645002497489       2.492084404715835E-002   8.05268911706548     
  -18.0381917975950       4.136767592943665E-002   8.09405679299492     
  -18.0118833454411       6.410199038719697E-002   8.15815878338211     
  -17.9855748932872       9.272448734423515E-002   8.25088327072635     
  -17.9592664411333       0.125207498447592        8.37609076917394     
  -17.9329579889794       0.157826369229279        8.53391713840322     
  -17.9066495368254       0.185713039590327        8.71963017799355     
  -17.8803410846715       0.203994768859236        8.92362494685278     
  -17.8540326325176       0.209174902774318        9.13279984962710     
  -17.8277241803637       0.200223045732201        9.33302289535930     
  -17.8014157282098       0.178909104226474        9.51193199958577     
  -17.7751072760559       0.149232898587988        9.66116489817376     
  -17.7487988239020       0.116201101873845        9.77736600004761     
  -17.7224903717481       8.446351642519863E-002   9.86182951647281     
  -17.6961819195941       5.731138859452400E-002   9.91914090506733     
  -17.6698734674402       3.630154470441187E-002   9.95544244977174     
  -17.6435650152863       2.146451813470084E-002   9.97690696790644     
  -17.6172565631324       1.184754667061032E-002   9.98875451457705     
  -17.5909481109785       6.104446159486935E-003   9.99485896073654     
  -17.5646396588246       2.936120628088038E-003   9.99779508136463     
  -17.5383312066707       1.318288510958989E-003   9.99911336987559     
  -17.5120227545168       5.525289961091719E-004   9.99966589887170     
  -17.4857143023629       2.161756302420722E-004   9.99988207450194     
  -17.4594058502090       7.895222919585796E-005   9.99996102673114     
  -17.4330973980550       2.691701822959643E-005   9.99998794374937     
  -17.4067889459011       8.566298669839022E-006   9.99999651004804     
  -17.3804804937472       2.544848598681011E-006   9.99999905489663     
  -17.3541720415933       7.057190898522667E-007   9.99999976061572     
  -17.3278635894394       1.826844607336346E-007   9.99999994330019     
  -17.3015551372855       4.414380575396828E-008   9.99999998744399     
  -17.2752466851316       9.957146701123146E-009   9.99999999740114     
  -17.2489382329777       2.096503020233148E-009   9.99999999949764     
  -17.2226297808238       4.120501302900918E-010   9.99999999990969     
  -17.1963213286698       7.559567696217157E-011   9.99999999998529     
  -17.1700128765159       1.294599469943078E-011   9.99999999999823     
  -17.1437044243620       2.069486509242990E-012   10.0000000000003     
  -17.1173959722081       3.087597994118341E-013   10.0000000000006     
  -17.0910875200542       4.303897732996220E-014   10.0000000000007     
  -17.0647790679003       5.579250169501782E-015   10.0000000000007     
  -17.0384706157464       6.530149684880193E-016   10.0000000000007     
  -17.0121621635925       8.543513119185775E-017   10.0000000000007     
  -16.9858537114386       0.000000000000000E+000   10.0000000000007     
  -16.9595452592846       0.000000000000000E+000   10.0000000000007     
  -16.9332368071307       0.000000000000000E+000   10.0000000000007     
  -16.9069283549768       0.000000000000000E+000   10.0000000000007     
  -16.8806199028229       0.000000000000000E+000   10.0000000000007     
  -16.8543114506690       0.000000000000000E+000   10.0000000000007     
  -16.8280029985151       0.000000000000000E+000   10.0000000000007     
  -16.8016945463612       0.000000000000000E+000   10.0000000000007     
  -16.7753860942073       0.000000000000000E+000   10.0000000000007     
  -16.7490776420534       0.000000000000000E+000   10.0000000000007     
  -16.7227691898994       0.000000000000000E+000   10.0000000000007     
  -16.6964607377455       0.000000000000000E+000   10.0000000000007     
  -16.6701522855916       0.000000000000000E+000   10.0000000000007     
  -16.6438438334377       0.000000000000000E+000   10.0000000000007     
  -16.6175353812838       0.000000000000000E+000   10.0000000000007     
  -16.5912269291299       0.000000000000000E+000   10.0000000000007     
  -16.5649184769760       0.000000000000000E+000   10.0000000000007     
  -16.5386100248221       0.000000000000000E+000   10.0000000000007     
  -16.5123015726682       0.000000000000000E+000   10.0000000000007     
  -16.4859931205142       0.000000000000000E+000   10.0000000000007     
  -16.4596846683603       0.000000000000000E+000   10.0000000000007     
  -16.4333762162064       0.000000000000000E+000   10.0000000000007     
  -16.4070677640525       0.000000000000000E+000   10.0000000000007     
  -16.3807593118986       0.000000000000000E+000   10.0000000000007     
  -16.3544508597447       0.000000000000000E+000   10.0000000000007     
  -16.3281424075908       0.000000000000000E+000   10.0000000000007     
  -16.3018339554369       0.000000000000000E+000   10.0000000000007     
  -16.2755255032830       0.000000000000000E+000   10.0000000000007     
  -16.2492170511290       0.000000000000000E+000   10.0000000000007     
  -16.2229085989751       0.000000000000000E+000   10.0000000000007     
  -16.1966001468212       0.000000000000000E+000   10.0000000000007     
  -16.1702916946673       0.000000000000000E+000   10.0000000000007     
  -16.1439832425134       0.000000000000000E+000   10.0000000000007     
  -16.1176747903595       0.000000000000000E+000   10.0000000000007     
  -16.0913663382056       0.000000000000000E+000   10.0000000000007     
  -16.0650578860517       0.000000000000000E+000   10.0000000000007     
  -16.0387494338978       0.000000000000000E+000   10.0000000000007     
  -16.0124409817438       0.000000000000000E+000   10.0000000000007     
  -15.9861325295899       0.000000000000000E+000   10.0000000000007     
  -15.9598240774360       0.000000000000000E+000   10.0000000000007     
  -15.9335156252821       0.000000000000000E+000   10.0000000000007     
  -15.9072071731282       0.000000000000000E+000   10.0000000000007     
  -15.8808987209743       3.330669073875470E-016   10.0000000000007     
  -15.8545902688204       2.736797333896535E-015   10.0000000000007     
  -15.8282818166665       2.192901893058319E-014   10.0000000000007     
  -15.8019733645126       1.612885172641576E-013   10.0000000000008     
  -15.7756649123586       1.106102839529277E-012   10.0000000000020     
  -15.7493564602047       7.080117687876392E-012   10.0000000000090     
  -15.7230480080508       4.230287089590848E-011   10.0000000000513     
  -15.6967395558969       2.359352245908178E-010   10.0000000002873     
  -15.6704311037430       1.228307847035877E-009   10.0000000015156     
  -15.6441226515891       5.969184430434666E-009   10.0000000074848     
  -15.6178141994352       2.707807009931333E-008   10.0000000345628     
  -15.5915057472813       1.146613076437428E-007   10.0000001492241     
  -15.5651972951274       4.532251640660800E-007   10.0000006024493     
  -15.5388888429734       1.672285805744828E-006   10.0000022747351     
  -15.5125803908195       5.759804273881798E-006   10.0000080345394     
  -15.4862719386656       1.851855075721970E-005   10.0000265530901     
  -15.4599634865117       5.557885205441241E-005   10.0000821319422     
  -15.4336550343578       1.557100528672492E-004   10.0002378419951     
  -15.4073465822039       4.072202544172027E-004   10.0006450622495     
  -15.3810381300500       9.941428647788305E-004   10.0016392051143     
  -15.3547296778961       2.265561956065928E-003   10.0039047670703     
  -15.3284212257422       4.819608225140133E-003   10.0087243752955     
  -15.3021127735883       9.570994030850417E-003   10.0182953693263     
  -15.2758043214343       1.774241204147290E-002   10.0360377813678     
  -15.2494958692804       3.070289314330913E-002   10.0667406745111     
  -15.2231874171265       4.959725123788086E-002   10.1163379257490     
  -15.1968789649726       7.479079427572320E-002   10.1911287200247     
  -15.1705705128187       0.105281338976099        10.2964100590008     
  -15.1442620606648       0.138346372631301        10.4347564316321     
  -15.1179536085109       0.169706158090203        10.6044625897223     
  -15.0916451563570       0.194330567558841        10.7987931572811     
  -15.0653367042031       0.207729650666194        11.0065228079473     
  -15.0390282520491       0.207285916812370        11.2138087247597     
  -15.0127197998952       0.193087888984507        11.4068966137442     
  -14.9864113477413       0.167901323297836        11.5747979370420     
  -14.9601028955874       0.136290907649079        11.7110888446911     
  -14.9337944434335       0.103274496048266        11.8143633407394     
  -14.9074859912796       7.305205246945716E-002   11.8874153932088     
  -14.8811775391257       4.823749011742694E-002   11.9356528833263     
  -14.8548690869718       2.973383268308705E-002   11.9653867160094     
  -14.8285606348179       1.710961663602895E-002   11.9824963326454     
  -14.8022521826639       9.192185020922622E-003   11.9916885176663     
  -14.7759437305100       4.615668249989310E-003   11.9963041859163     
  -14.7496352783561       2.181210332016827E-003   11.9984853962483     
  -14.7233268262022       1.014355422603971E-003   11.9994997516709     
  -14.6970183740483       5.826295345459744E-004   12.0000823812055     
  -14.6707099218944       6.561782495505651E-004   12.0007385594550     
  -14.6444014697405       1.275876683523808E-003   12.0020144361385     
  -14.6180930175866       2.759756642576614E-003   12.0047741927811     
  -14.5917845654327       5.742139085084724E-003   12.0105163318662     
  -14.5654761132787       1.120370305354372E-002   12.0217200349198     
  -14.5391676611248       2.041989187365581E-002   12.0421399267934     
  -14.5128592089709       3.474561059804572E-002   12.0768855373915     
  -14.4865507568170       5.519054802433723E-002   12.1320760854158     
  -14.4602423046631       8.183569495636345E-002   12.2139117803722     
  -14.4339338525092       0.113274931350600        12.3271867117228     
  -14.4076254003553       0.146365281099719        12.4735519928225     
  -14.3813169482014       0.176545175164666        12.6500971679871     
  -14.3550084960475       0.198786723297948        12.8488838912851     
  -14.3287000438935       0.208945382759147        13.0578292740442     
  -14.3023915917396       0.205018061787862        13.2628473358321     
  -14.2760831395857       0.187786940715712        13.4506342765478     
  -14.2497746874318       0.160565584108205        13.6111998606560     
  -14.2234662352779       0.128160196986129        13.7393600576421     
  -14.1971577831240       9.549205201199183E-002   13.8348521096541     
  -14.1708493309701       6.641929969710729E-002   13.9012714093512     
  -14.1445408788162       4.312547926930381E-002   13.9443968886205     
  -14.1182324266623       2.613879983039424E-002   13.9705356884509     
  -14.0919239745083       1.478934121956772E-002   13.9853250296705     
  -14.0656155223544       7.811291189762035E-003   13.9931363208603     
  -14.0393070702005       3.851295996984107E-003   13.9969876168573     
  -14.0129986180466       1.772557066489641E-003   13.9987601739237     
  -13.9866901658927       7.615561404145268E-004   13.9995217300642     
  -13.9603817137388       3.054295385576336E-004   13.9998271596027     
  -13.9340732615849       1.143474637766363E-004   13.9999415070665     
  -13.9077648094310       3.996201092366409E-005   13.9999814690774     
  -13.8814563572771       1.303683816738984E-005   13.9999945059156     
  -13.8551479051231       3.970088068969656E-006   13.9999984760037     
  -13.8288394529692       1.128573005699726E-006   13.9999996045767     
  -13.8025310008153       2.994742559736226E-007   13.9999999040509     
  -13.7762225486614       7.418024519292984E-008   13.9999999782312     
  -13.7499140965075       1.715199061068633E-008   13.9999999953832     
  -13.7236056443536       3.702003340162741E-009   13.9999999990852     
  -13.6972971921997       7.458535778467716E-010   13.9999999998310     
  -13.6709887400458       1.402694799505430E-010   13.9999999999713     
  -13.6446802878919       2.462428899023886E-011   13.9999999999959     
  -13.6183718357379       4.035077285323430E-012   13.9999999999999     
  -13.5920633835840       6.172568966372749E-013   14.0000000000006     
  -13.5657549314301       8.808752338662629E-014   14.0000000000006     
  -13.5394464792762       1.173025435466379E-014   14.0000000000007     
  -13.5131380271223       1.429303723987640E-015   14.0000000000007     
  -13.4868295749684       1.905485318143274E-016   14.0000000000007     
  -13.4605211228145       0.000000000000000E+000   14.0000000000007     
  -13.4342126706606       0.000000000000000E+000   14.0000000000007     
  -13.4079042185067       0.000000000000000E+000   14.0000000000007     
  -13.3815957663527       0.000000000000000E+000   14.0000000000007     
  -13.3552873141988       0.000000000000000E+000   14.0000000000007     
  -13.3289788620449       0.000000000000000E+000   14.0000000000007     
  -13.3026704098910       0.000000000000000E+000   14.0000000000007     
  -13.2763619577371       0.000000000000000E+000   14.0000000000007     
  -13.2500535055832       0.000000000000000E+000   14.0000000000007     
  -13.2237450534293       0.000000000000000E+000   14.0000000000007     
  -13.1974366012754       0.000000000000000E+000   14.0000000000007     
  -13.1711281491215       0.000000000000000E+000   14.0000000000007     
  -13.1448196969675       0.000000000000000E+000   14.0000000000007     
  -13.1185112448136       0.000000000000000E+000   14.0000000000007     
  -13.0922027926597       0.000000000000000E+000   14.0000000000007     
  -13.0658943405058       2.220446049250313E-016   14.0000000000007     
  -13.0395858883519       1.571388418691866E-015   14.0000000000007     
  -13.0132774361980       1.254931488586797E-014   14.0000000000007     
  -12.9869689840441       9.423386550244661E-014   14.0000000000008     
  -12.9606605318902       6.586851832197926E-013   14.0000000000014     
  -12.9343520797363       4.297600795198642E-012   14.0000000000057     
  -12.9080436275823       2.617717663726954E-011   14.0000000000319     
  -12.8817351754284       1.488528910591549E-010   14.0000000001808     
  -12.8554267232745       7.902071714528149E-010   14.0000000009710     
  -12.8291182711206       3.916428058432526E-009   14.0000000048874     
  -12.8028098189667       1.812277793035878E-008   14.0000000230102     
  -12.7765013668128       7.830131378244558E-008   14.0000001013115     
  -12.7501929146589       3.159022800332668E-007   14.0000004172138     
  -12.7238844625050       1.190179747622582E-006   14.0000016073935     
  -12.6975760103511       4.187873831291294E-006   14.0000057952673     
  -12.6712675581972       1.376421641501561E-005   14.0000195594838     
  -12.6449591060432       4.226245782649080E-005   14.0000618219416     
  -12.6186506538893       1.212516126364158E-004   14.0001830735542     
  -12.5923422017354       3.251269396904310E-004   14.0005082004939     
  -12.5660337495815       8.150363541433558E-004   14.0013232368481     
  -12.5397252974276       1.910788290112456E-003   14.0032340251382     
  -12.5134168452737       4.191257403785177E-003   14.0074252825420     
  -12.4871083931198       8.605838386335935E-003   14.0160311209283     
  -12.4607999409659       1.655086605477149E-002   14.0325819869831     
  -12.4344914888120       2.983545374894428E-002   14.0624174407320     
  -12.4081830366580       5.045223033938301E-002   14.1128696710714     
  -12.3818745845041       8.010501322587987E-002   14.1929746842973     
  -12.3555661323502       0.119537805438669        14.3125124897359     
  -12.3292576801963       0.167833870312663        14.4803463600486     
  -12.3029492280424       0.221950281005213        14.7022966410538     
  -12.2766407758885       0.276753677637903        14.9790503186917     
  -12.2503323237346       0.325694685884819        15.3047450045765     
  -12.2240238715807       0.362036695335962        15.6667816999125     
  -12.1977154194268       0.380331505979250        16.0471132058917     
  -12.1714069672728       0.377710164065564        16.4248233699573     
  -12.1450985151189       0.354588625384075        16.7794119953414     
  -12.1187900629650       0.314564480172714        17.0939764755141     
  -12.0924816108111       0.263537646499195        17.3575141220133     
  -12.0661731586572       0.208332907125888        17.5658470291392     
  -12.0398647065033       0.155247351750485        17.7210943808897     
  -12.0135562543494       0.108937175681749        17.8300315565714     
  -11.9872478021955       7.190211482032030E-002   17.9019336713917     
  -11.9609393500416       4.459299582942917E-002   17.9465266672212     
  -11.9346308978876       2.596227466674875E-002   17.9724889418879     
  -11.9083224457337       1.418060689883778E-002   17.9866695487868     
  -11.8820139935798       7.272267869646338E-003   17.9939418166564     
  -11.8557055414259       3.533547903742514E-003   17.9974753645601     
  -11.8293970892720       1.720872396351439E-003   17.9991962369565     
  -11.8030886371181       1.076713659632685E-003   18.0002729506161     
  -11.7767801849642       1.285619819802068E-003   18.0015585704359     
  -11.7504717328103       2.432640555731674E-003   18.0039912109917     
  -11.7241632806564       4.993361929708478E-003   18.0089845729214     
  -11.6978548285024       9.835262723519237E-003   18.0188198356449     
  -11.6715463763485       1.816663174122310E-002   18.0369864673861     
  -11.6452379241946       3.134825138260016E-002   18.0683347187687     
  -11.6189294720407       5.050737119814785E-002   18.1188420899669     
  -11.5926210198868       7.597974232440328E-002   18.1948218322913     
  -11.5663125677329       0.106739052957382        18.3015608852486     
  -11.5400041155790       0.140091707705558        18.4416525929542     
  -11.5136956634251       0.171926394290602        18.6135789872448     
  -11.4873872112712       0.197648397367544        18.8112273846124     
  -11.4610787591172       0.213627425990614        19.0248548106030     
  -11.4347703069633       0.218681254496003        19.2435360650990     
  -11.4084618548094       0.214981154716668        19.4585172198156     
  -11.3821534026555       0.207900341351146        19.6664175611668     
  -11.3558449505016       0.204689979689877        19.8711075408567     
  -11.3295364983477       0.212300489784400        20.0834080306411     
  -11.3032280461938       0.234997402944472        20.3184054335855     
  -11.2769195940399       0.272547971949530        20.5909534055351     
  -11.2506111418860       0.319648485608745        20.9106018911438     
  -11.2243026897320       0.366933086553529        21.2775349776973     
  -11.1979942375781       0.403401337845171        21.6809363155425     
  -11.1716857854242       0.419556500873729        22.1004928164162     
  -11.1453773332703       0.410188473144279        22.5106812895605     
  -11.1190688811164       0.375790170865607        22.8864714604261     
  -11.0927604289625       0.322114282951874        23.2085857433780     
  -11.0664519768086       0.258140366154681        23.4667261095327     
  -11.0401435246547       0.193342908931175        23.6600690184638     
  -11.0138350725008       0.135316647651510        23.7953856661154     
  -10.9875266203468       8.848844788199900E-002   23.8838741139974     
  -10.9612181681929       5.406466010011365E-002   23.9379387740975     
  -10.9349097160390       3.086164670416182E-002   23.9688004208016     
  -10.9086012638851       1.645864646931612E-002   23.9852590672709     
  -10.8822928117312       8.200322937864683E-003   23.9934593902088     
  -10.8559843595773       3.817032850380133E-003   23.9972764230592     
  -10.8296759074234       1.660000720375546E-003   23.9989364237796     
  -10.8033674552695       6.750264086526449E-004   23.9996114501882     
  -10.7770590031156       2.586157944264168E-004   23.9998700659826     
  -10.7507505509616       9.989896923684227E-005   23.9999699649519     
  -10.7244420988077       5.884694185460113E-005   24.0000288118937     
  -10.6981336466538       9.365207579005967E-005   24.0001224639695     
  -10.6718251944999       2.334710570611532E-004   24.0003559350266     
  -10.6455167423460       5.907159158751974E-004   24.0009466509425     
  -10.6192082901921       1.410131831988950E-003   24.0023567827745     
  -10.5928998380382       3.151409120247690E-003   24.0055081918947     
  -10.5665913858843       6.592051015297664E-003   24.0121002429100     
  -10.5402829337304       1.291661743583543E-002   24.0250168603458     
  -10.5139744815764       2.373485277209897E-002   24.0487517131179     
  -10.4876660294225       4.096202606460076E-002   24.0897137391825     
  -10.4613575772686       6.652029386789249E-002   24.1562340330504     
  -10.4350491251147       0.101886120741736        24.2581201537922     
  -10.4087406729608       0.147591159606315        24.4057113133985     
  -10.3824322208069       0.202830759162653        24.6085420725611     
  -10.3561237686530       0.265301262132299        24.8738433346934     
  -10.3298153164991       0.331284627172012        25.2051279618654     
  -10.3035068643452       0.395903158307488        25.6010311201729     
  -10.2771984121913       0.453466304125898        26.0544974242988     
  -10.2508899600373       0.497934715156190        26.5524321394550     
  -10.2245815078834       0.523626539411558        27.0760586788666     
  -10.1982730557295       0.526241683847898        27.6023003627145     
  -10.1719646035756       0.504045070890720        28.1063454336052     
  -10.1456561514217       0.458778842024443        28.5651242756296     
  -10.1193476992678       0.395806198089856        28.9609304737195     
  -10.0930392471139       0.323252170383171        29.2841826441027     
  -10.0667307949600       0.250377365791789        29.5345600098944     
  -10.0404223428061       0.185800404542556        29.7203604144370     
  -10.0141138906521       0.136219458705001        29.8565798731420     
  -9.98780543849823       0.105952636540031        29.9625325096820     
  -9.96149698634432       9.714088492162917E-002   30.0596733946037     
  -9.93518853419041       0.110135291165631        30.1698086857693     
  -9.90888008203650       0.143609742525663        30.3134184282950     
  -9.88257162988259       0.194273285330688        30.5076917136256     
  -9.85626317772867       0.256491696386150        30.7641834100118     
  -9.82995472557477       0.322383650345413        31.0865670603572     
  -9.80364627342085       0.382835769050200        31.4694028294074     
  -9.77733782126694       0.429395901094840        31.8987987305022     
  -9.75102936911303       0.456410580364183        32.3552093108664     
  -9.72472091695912       0.462449589515423        32.8176589003819     
  -9.69841246480521       0.450273426937471        33.2679323273193     
  -9.67210401265130       0.425291400005589        33.6932237273249     
  -9.64579556049739       0.393240670301364        34.0864643976263     
  -9.61948710834348       0.358206815388940        34.4446712130152     
  -9.59317865618956       0.321857614790647        34.7665288278059     
  -9.56687020403566       0.284040344181373        35.0505691719872     
  -9.54056175188174       0.244160597737079        35.2947297697243     
  -9.51425329972783       0.202450741301868        35.4971805110262     
  -9.48794484757392       0.160470890237855        35.6576514012640     
  -9.46163639542001       0.120736359989132        35.7783877612532     
  -9.43532794326610       8.585590826563574E-002   35.8642436695188     
  -9.40901949111219       5.773492587690066E-002   35.9219785953957     
  -9.38271103895828       3.723726889876050E-002   35.9592158642945     
  -9.35640258680436       2.438731006704881E-002   35.9836031743615     
  -9.33009413465046       1.893181251358637E-002   36.0025349868751     
  -9.30378568249654       2.096695169688117E-002   36.0235019385720     
  -9.27747723034263       3.134884361332115E-002   36.0548507821853     
  -9.25116877818872       5.168095110558076E-002   36.1065317332909     
  -9.22486032603481       8.377607048039974E-002   36.1903078037713     
  -9.19855187388090       0.128641173651729        36.3189489774230     
  -9.17224342172699       0.185246306038693        36.5041952834617     
  -9.14593496957308       0.249561091869467        36.7537563753312     
  -9.11962651741917       0.314436600177760        37.0681929755089     
  -9.09331806526525       0.370730149776074        37.4389231252850     
  -9.06700961311135       0.409593084754884        37.8485162100399     
  -9.04070116095743       0.425250134514790        38.2737663445547     
  -9.01439270880352       0.417220644339433        38.6909869888941     
  -8.98808425664961       0.391035367070947        39.0820223559651     
  -8.96177580449570       0.357094423756772        39.4391167797218     
  -8.93546735234179       0.328098721192352        39.7672155009142     
  -8.90915890018788       0.316048653476798        40.0832641543910     
  -8.88285044803397       0.329858833552418        40.4131229879434     
  -8.85654199588006       0.374206104766521        40.7873290927099     
  -8.83023354372614       0.449592249917530        41.2369213426274     
  -8.80392509157224       0.553115968161758        41.7900373107892     
  -8.77761663941832       0.679331381690447        42.4693686924796     
  -8.75130818726441       0.820807666983416        43.2901763594631     
  -8.72499973511050       0.968385225637796        44.2585615851009     
  -8.69869128295659        1.11139111462689        45.3699526997277     
  -8.67238283080268        1.23809916026268        46.6080518599904     
  -8.64607437864877        1.33656659225502        47.9446184522455     
  -8.61976592649486        1.39582488332536        49.3404433355708     
  -8.59345747434095        1.40734628068090        50.7477896162517     
  -8.56714902218704        1.36667522817690        52.1144648444286     
  -8.54084057003313        1.27496757214844        53.3894324165771     
  -8.51453211787921        1.13992833929138        54.5293607558684     
  -8.48822366572530       0.975505389560758        55.5048661454292     
  -8.46191521357139       0.799935943345813        56.3048020887750     
  -8.43560676141748       0.632363725043340        56.9371658138184     
  -8.40929830926357       0.488929456231653        57.4260952700500     
  -8.38298985710966       0.379567016635643        57.8056622866856     
  -8.35668140495575       0.306509225535753        58.1121715122214     
  -8.33037295280184       0.264864287939002        58.3770358001604     
  -8.30406450064793       0.244910139681345        58.6219459398418     
  -8.27775604849402       0.235265816643110        58.8572117564849     
  -8.25144759634010       0.225953478588544        59.0831652350734     
  -8.22513914418619       0.210530083608075        59.2936953186815     
  -8.19883069203228       0.186848807454965        59.4805441261364     
  -8.17252223987837       0.156485568642658        59.6370296947791     
  -8.14621378772446       0.123285731020875        59.7603154258000     
  -8.11990533557055       9.170031887584384E-002   59.8520157446758     
  -8.09359688341664       6.551309638044563E-002   59.9175288410563     
  -8.06728843126273       4.726243899661310E-002   59.9647912800529     
  -8.04097997910882       3.829476167285961E-002   60.0030860417257     
  -8.01467152695491       3.912462608287503E-002   60.0422106678086     
  -7.98836307480099       4.972135693979063E-002   60.0919320247484     
  -7.96205462264708       6.948735811457968E-002   60.1614193828630     
  -7.93574617049317       9.695129657956496E-002   60.2583706794425     
  -7.90943771833926       0.129443501275028        60.3878141807176     
  -7.88312926618535       0.163127971484000        60.5509421522016     
  -7.85682081403144       0.193659162597592        60.7446013147992     
  -7.83051236187753       0.217431021841069        60.9620323366402     
  -7.80420390972362       0.233025001439174        61.1950573380794     
  -7.77789545756971       0.242245104514913        61.4373024425943     
  -7.75158700541580       0.250206431557470        61.6875088741518     
  -7.72527855326188       0.264313962100590        61.9518228362524     
  -7.69897010110797       0.292443720221011        62.2442665564734     
  -7.67266164895406       0.340954420342554        62.5852209768159     
  -7.64635319680015       0.413139436354259        62.9983604131702     
  -7.62004474464624       0.508411164045373        63.5067715772156     
  -7.59373629249233       0.622123346596347        64.1288949238119     
  -7.56742784033842       0.745760069115526        64.8746549929274     
  -7.54111938818451       0.867378668175990        65.7420336611034     
  -7.51481093603060       0.972541360013254        66.7145750211167     
  -7.48850248387669        1.04615868505701        67.7607337061737     
  -7.46219403172277        1.07540171312204        68.8361354192957     
  -7.43588557956886        1.05315269981474        69.8892881191104     
  -7.40957712741495       0.980776787697794        70.8700649068082     
  -7.38326867526104       0.868856162885393        71.7389210696936     
  -7.35696022310713       0.735182434557175        72.4741035042508     
  -7.33065177095322       0.600468664726360        73.0745721689772     
  -7.30434331879931       0.483265470116656        73.5578376390938     
  -7.27803486664540       0.395870660341580        73.9537082994354     
  -7.25172641449149       0.342487704703069        74.2961960041385     
  -7.22541796233758       0.319875327494402        74.6160713316329     
  -7.19910951018366       0.319792794534777        74.9358641261677     
  -7.17280105802975       0.332086832275730        75.2679509584434     
  -7.14649260587584       0.347369818850718        75.6153207772941     
  -7.12018415372193       0.358710809192639        75.9740315864868     
  -7.09387570156802       0.362289342831728        76.3363209293185     
  -7.06756724941411       0.357288116534199        76.6936090458527     
  -7.04125879726020       0.345338407550529        77.0389474534032     
  -7.01495034510629       0.329691966324762        77.3686394197280     
  -6.98864189295238       0.314184537276198        77.6828239570042     
  -6.96233344079847       0.302115972372591        77.9849399293768     
  -6.93602498864455       0.295344033353791        78.2802839627306     
  -6.90971653649065       0.293969256369982        78.5742532191005     
  -6.88340808433673       0.296812378490983        78.8710655975915     
  -6.85709963218282       0.302500042644955        79.1735656402365     
  -6.83079118002891       0.310626827002358        79.4841924672388     
  -6.80448272787500       0.322406072453137        79.8065985396919     
  -6.77817427572109       0.340502028704815        80.1471005683968     
  -6.75186582356718       0.368143845498406        80.5152444138952     
  -6.72555737141327       0.407878921583425        80.9231233354786     
  -6.69924891925936       0.460320611424667        81.3834439469033     
  -6.67294046710544       0.523122576772173        81.9065665236754     
  -6.64663201495154       0.590387694136610        82.4969542178120     
  -6.62032356279762       0.652835029224368        83.1497892470364     
  -6.59401511064371       0.699089320599251        83.8488785676357     
  -6.56770665848980       0.718161047705830        84.5670396153415     
  -6.54139820633589       0.702557196156676        85.2695968114982     
  -6.51508975418198       0.650879169118200        85.9204759806164     
  -6.48878130202807       0.568711286128458        86.4891872667448     
  -6.46247284987416       0.467258282197367        86.9564455489422     
  -6.43616439772025       0.360222888396649        87.3166684373388     
  -6.40985594556633       0.260205433992016        87.5768738713308     
  -6.38354749341243       0.176002225019712        87.7528760963506     
  -6.35723904125851       0.111596422547070        87.8644725188976     
  -6.33093058910460       6.679504390406452E-002   87.9312675628017     
  -6.30462213695069       3.885123837774348E-002   87.9701188011794     
  -6.27831368479678       2.425613211498010E-002   87.9943749332944     
  -6.25200523264287       2.010668722273010E-002   88.0144816205172     
  -6.22569678048896       2.480979144188408E-002   88.0392914119590     
  -6.19938832833505       3.816209514331337E-002   88.0774535071023     
  -6.17307987618114       6.098268833018903E-002   88.1384361954325     
  -6.14677142402723       9.451167988067953E-002   88.2329478753132     
  -6.12046297187332       0.139778362927425        88.3727262382406     
  -6.09415451971940       0.197099708998699        88.5698259472393     
  -6.06784606756549       0.265774719892957        88.8356006671323     
  -6.04153761541158       0.343906782906763        89.1795074500391     
  -6.01522916325767       0.428200508901451        89.6077079589405     
  -5.98892071110376       0.513651273784520        90.1213592327250     
  -5.96261225894985       0.593290089484858        90.7146493222099     
  -5.93630380679594       0.658404574292627        91.3730538965025     
  -5.90999535464202       0.699668563526329        92.0727224600288     
  -5.88368690248812       0.709232004101414        92.7819544641303     
  -5.85737845033420       0.683201527623214        93.4651559917535     
  -5.83106999818029       0.623488600518164        94.0886445922716     
  -5.80476154602638       0.538091900634193        94.6267364929058     
  -5.77845309387247       0.439542564886057        95.0662790577919     
  -5.75214464171856       0.342095554847799        95.4083746126397     
  -5.72583618956465       0.258772285208145        95.6671468978478     
  -5.69952773741074       0.199256723463684        95.8664036213115     
  -5.67321928525683       0.169051014157870        96.0354546354694     
  -5.64691083310291       0.169632647906804        96.2050872833762     
  -5.62060238094901       0.199023750529061        96.4041110339053     
  -5.59429392879509       0.252306317312483        96.6564173512177     
  -5.56798547664118       0.322011459500497        96.9784288107182     
  -5.54167702448727       0.398657763852555        97.3770865745708     
  -5.51536857233336       0.471780665991923        97.8488672405627     
  -5.48906012017945       0.531557200142142        98.3804244407049     
  -5.46275166802554       0.570749685794996        98.9511741264999     
  -5.43644321587163       0.586391187771390        99.5375653142712     
  -5.41013476371772       0.580574420153468        100.118139734425     
  -5.38382631156380       0.559922559853111        100.678062294278     
  -5.35751785940990       0.533747889065054        101.211810183343     
  -5.33120940725598       0.511408205933789        101.723218389277     
  -5.30490095510207       0.499774053972480        102.222992443249     
  -5.27859250294816       0.501825398585194        102.724817841834     
  -5.25228405079425       0.517059198224042        103.241877040058     
  -5.22597559864034       0.543632227765076        103.785509267823     
  -5.19966714648643       0.581257872648200        104.366767140472     
  -5.17335869433252       0.633279046663405        105.000046187135     
  -5.14705024217861       0.706468725406673        105.706514912542     
  -5.12074179002470       0.808063495988838        106.514578408531     
  -5.09443333787079       0.940953808968135        107.455532217499     
  -5.06812488571687        1.09913996529564        108.554672182794     
  -5.04181643356296        1.26583202293318        109.820504205728     
  -5.01550798140905        1.41565244217622        111.236156647904     
  -4.98919952925514        1.52064018547816        112.756796833382     
  -4.96289107710123        1.55799359486727        114.314790428249     
  -4.93658262494732        1.51662578023595        115.831416208485     
  -4.91027417279341        1.40009271580555        117.231508924291     
  -4.88396572063950        1.22502591903775        118.456534843328     
  -4.85765726848559        1.01603218143236        119.472567024761     
  -4.83134881633168       0.799218312203496        120.271785336964     
  -4.80504036417776       0.596602552667284        120.868387889632     
  -4.77873191202385       0.422854699514758        121.291242589146     
  -4.75242345986994       0.284645676796246        121.575888265943     
  -4.72611500771603       0.181971751952974        121.757860017896     
  -4.69980655556212       0.110438448040844        121.868298465936     
  -4.67349810340821       6.359336255919021E-002   121.931891828496     
  -4.64718965125430       3.475029132150342E-002   121.966642119817     
  -4.62088119910039       1.811780494918416E-002   121.984759924766     
  -4.59457274694648       9.305080169527987E-003   121.994065004936     
  -4.56826429479257       5.399356649540614E-003   121.999464361585     
  -4.54195584263865       4.820829497308245E-003   122.004285191083     
  -4.51564739048474       7.104114140207187E-003   122.011389305223     
  -4.48933893833083       1.266939240839753E-002   122.024058697631     
  -4.46303048617692       2.256591193713991E-002   122.046624609568     
  -4.43672203402301       3.812947716251198E-002   122.084754086731     
  -4.41041358186910       6.052139761034119E-002   122.145275484341     
  -4.38410512971519       9.021296939635291E-002   122.235488453738     
  -4.35779667756128       0.126607247368453        122.362095701106     
  -4.33148822540737       0.168064802295362        122.530160503401     
  -4.30517977325346       0.212533232713786        122.742693736115     
  -4.27887132109954       0.258744797270907        123.001438533386     
  -4.25256286894563       0.307626334601861        123.309064867988     
  -4.22625441679172       0.363328702120671        123.672393570109     
  -4.19994596463781       0.433281411699914        124.105674981809     
  -4.17363751248390       0.526945820463484        124.632620802272     
  -4.14732906032999       0.653375194815400        125.285995997087     
  -4.12102060817608       0.818131894266977        126.104127891354     
  -4.09471215602217        1.02042975840319        127.124557649758     
  -4.06840370386826        1.25147511544735        128.376032765205     
  -4.04209525171435        1.49479071340574        129.870823478611     
  -4.01578679956043        1.72877072922440        131.599594207835     
  -3.98947834740652        1.93092646647470        133.530520674310     
  -3.96316989525261        2.08256244285152        135.613083117161     
  -3.93686144309870        2.17238562556322        137.785468742725     
  -3.91055299094479        2.19798999578828        139.983458738513     
  -3.88424453879088        2.16503609415288        142.148494832666     
  -3.85793608663697        2.08474125826819        144.233236090934     
  -3.83162763448306        1.97062814442634        146.203864235360     
  -3.80531918232915        1.83538227477326        148.039246510133     
  -3.77901073017524        1.68845654723554        149.727703057369     
  -3.75270227802132        1.53492739846686        151.262630455836     
  -3.72639382586742        1.37593334453889        152.638563800375     
  -3.70008537371350        1.21059311238850        153.849156912763     
  -3.67377692155959        1.03865858384307        154.887815496606     
  -3.64746846940568       0.862704264939007        155.750519761545     
  -3.62116001725177       0.688799442056974        156.439319203602     
  -3.59485156509786       0.525366432295243        156.964685635897     
  -3.56854311294395       0.380852660856222        157.345538296754     
  -3.54223466079004       0.261368408283386        157.606906705037     
  -3.51592620863613       0.169300529506999        157.776207234544     
  -3.48961775648221       0.103289931387767        157.879497165932     
  -3.46330930432831       5.929191947072322E-002   157.938789085403     
  -3.43700085217439       3.207978791997422E-002   157.970868873323     
  -3.41069240002048       1.658799000131026E-002   157.987456863324     
  -3.38438394786657       8.770507341753877E-003   157.996227370666     
  -3.35807549571266       5.950672891062534E-003   158.002178043557     
  -3.33176704355875       6.813082812878489E-003   158.008991126370     
  -3.30545859140484       1.120922053788931E-002   158.020200346907     
  -3.27915013925093       1.987438255524479E-002   158.040074729463     
  -3.25284168709702       3.406967033481559E-002   158.074144399798     
  -3.22653323494310       5.513701482053905E-002   158.129281414618     
  -3.20022478278920       8.401194519050674E-002   158.213293359809     
  -3.17391633063528       0.120844892467925        158.334138252276     
  -3.14760787848137       0.164950434043038        158.499088686320     
  -3.12129942632746       0.215235573924140        158.714324260244     
  -3.09499097417355       0.271017632873192        158.985341893117     
  -3.06868252201964       0.332826056124527        159.318167949241     
  -3.04237406986573       0.402605525319920        159.720773474561     
  -3.01606561771182       0.482906663078263        160.203680137640     
  -2.98975716555791       0.575184012143272        160.778864149783     
  -2.96344871340400       0.677958639270100        161.456822789053     
  -2.93714026125009       0.785915959578811        162.242738748632     
  -2.91083180909617       0.890685114091918        163.133423862724     
  -2.88452335694226       0.983159150895222        164.116583013619     
  -2.85821490478835        1.05626409920662        165.172847112826     
  -2.83190645263444        1.10670967356061        166.279556786386     
  -2.80559800048053        1.13478988107027        167.414346667456     
  -2.77928954832662        1.14248631607390        168.556832983530     
  -2.75298109617271        1.13121398597074        169.688046969501     
  -2.72667264401879        1.10079486230894        170.788841831810     
  -2.70036419186489        1.05043704059087        171.839278872401     
  -2.67405573971097       0.981137636315980        172.820416508717     
  -2.64774728755706       0.897901152381845        173.718317661099     
  -2.62143883540315       0.810143944328555        174.528461605427     
  -2.59513038324924       0.729656536060287        175.258118141488     
  -2.56882193109533       0.666896336146944        175.925014477634     
  -2.54251347894142       0.627348163810509        176.552362641445     
  -2.51620502678751       0.609691014305349        177.162053655750     
  -2.48989657463360       0.606607400783090        177.768661056533     
  -2.46358812247968       0.607819409711625        178.376480466245     
  -2.43727967032578       0.604009077849455        178.980489544094     
  -2.41097121817186       0.590082788418081        179.570572332513     
  -2.38466276601795       0.566716535576100        180.137288868089     
  -2.35835431386404       0.539882857351962        180.677171725441     
  -2.33204586171013       0.518703395259534        181.195875120700     
  -2.30573740955622       0.512327508072676        181.708202628773     
  -2.27942895740231       0.526692971661434        182.234895600434     
  -2.25312050524840       0.562101132221415        182.796996732656     
  -2.22681205309449       0.612485207705705        183.409481940361     
  -2.20050360094057       0.666871767296710        184.076353707658     
  -2.17419514878667       0.712751201504070        184.789104909162     
  -2.14788669663275       0.740150414426740        185.529255323589     
  -2.12157824447884       0.744689134181196        186.273944457770     
  -2.09526979232493       0.728249562494849        187.002194020265     
  -2.06896134017102       0.697043437476709        187.699237457742     
  -2.04265288801711       0.658200344191952        188.357437801934     
  -2.01634443586320       0.616720379282930        188.974158181216     
  -1.99003598370929       0.574296539621642        189.548454720838     
  -1.96372753155538       0.530351875667913        190.078806596506     
  -1.93741907940147       0.484382798285862        190.563189394792     
  -1.91111062724756       0.438076500778704        191.001265895571     
  -1.88480217509364       0.395950926556284        191.397216822127     
  -1.85849372293973       0.364177262521009        191.761394084648     
  -1.83218527078582       0.348219872206934        192.109613956855     
  -1.80587681863191       0.350471846784552        192.460085803639     
  -1.77956836647800       0.368988939526870        192.829074743166     
  -1.75325991432409       0.397862936492293        193.226937679659     
  -1.72695146217018       0.429039302099233        193.655976981758     
  -1.70064301001627       0.454799187034444        194.110776168792     
  -1.67433455786236       0.469916159992828        194.580692328785     
  -1.64802610570845       0.472722428244631        195.053414757030     
  -1.62171765355453       0.464854979442116        195.518269736472     
  -1.59540920140062       0.450035680373744        195.968305416846     
  -1.56910074924671       0.432584144104201        196.400889560950     
  -1.54279229709280       0.416314338143534        196.817203899093     
  -1.51648384493889       0.404101955199857        197.221305854293     
  -1.49017539278498       0.397986023047243        197.619291877340     
  -1.46386694063107       0.399441621748032        198.018733499088     
  -1.43755848847716       0.409513847597242        198.428247346686     
  -1.41125003632325       0.428720558900354        198.856967905586     
  -1.38494158416934       0.456830883935902        199.313798789522     
  -1.35863313201542       0.492710973165315        199.806509762687     
  -1.33232467986151       0.534413769529506        200.340923532217     
  -1.30601622770760       0.579613542224317        200.920537074441     
  -1.27970777555369       0.626339369668918        201.546876444110     
  -1.25339932339978       0.673740057295266        202.220616501405     
  -1.22709087124587       0.722417840172944        202.943034341578     
  -1.20078241909196       0.773896386855444        203.716930728434     
  -1.17447396693805       0.829159962735889        204.546090691169     
  -1.14816551478414       0.886781714311699        205.432872405481     
  -1.12185706263023       0.941588917192682        206.374461322674     
  -1.09554861047631       0.984754932557628        207.359216255232     
  -1.06924015832240        1.00562026379524        208.364836519027     
  -1.04293170616849       0.994734587098719        209.359571106125     
  -1.01662325401458       0.947023086640371        210.306594192766     
 -0.990314801860670       0.863909503227467        211.170503695993     
 -0.964006349706761       0.753668023625596        211.924171719619     
 -0.937697897552848       0.629969310092304        212.554141029711     
 -0.911389445398939       0.509197697192385        213.063338726904     
 -0.885080993245026       0.407403534152236        213.470742261056     
 -0.858772541091117       0.337661302579592        213.808403563635     
 -0.832464088937204       0.308266506752052        214.116670070387     
 -0.806155636783295       0.321860394798298        214.438530465186     
 -0.779847184629382       0.375407931253769        214.813938396440     
 -0.753538732475473       0.460976216017378        215.274914612457     
 -0.727230280321560       0.567293360282796        215.842207972740     
 -0.700921828167651       0.681921170575122        216.524129143315     
 -0.674613376013738       0.793549771438691        217.317678914753     
 -0.648304923859829       0.893668360870693        218.211347275624     
 -0.621996471705916       0.976995188383206        219.188342464007     
 -0.595688019552007        1.04063193645808        220.228974400465     
 -0.569379567398094        1.08262898196115        221.311603382427     
 -0.543071115244185        1.10100096946382        222.412604351890     
 -0.516762663090272        1.09391897013153        223.506523322022     
 -0.490454210936363        1.06100965866093        224.567532980683     
 -0.464145758782450        1.00495878157538        225.572491762258     
 -0.437837306628541       0.932427616240957        226.504919378499     
 -0.411528854474629       0.853701094393334        227.358620472893     
 -0.385220402320719       0.781128212167239        228.139748685060     
 -0.358911950166807       0.726848617011616        228.866597302071     
 -0.332603498012897       0.700363286171674        229.566960588243     
 -0.306295045858985       0.706376787032856        230.273337375276     
 -0.279986593705075       0.743274418453588        231.016611793730     
 -0.253678141551163       0.802660500274234        231.819272294004     
 -0.227369689397253       0.870383939024306        232.689656233028     
 -0.201061237243341       0.929184975917347        233.618841208945     
 -0.174752785089431       0.962508850648653        234.581350059594     
 -0.148444332935519       0.958437513476371        235.539787573070     
 -0.122135880781610       0.912478956970320        236.452266530041     
 -9.582742862769678E-002  0.828318648712289        237.280585178753     
 -6.951897647378757E-002  0.716418778903006        237.997003957656     
 -4.321052431987482E-002  0.591137807428589        238.588141765085     
 -1.690207216596562E-002  0.467448391323369        239.055590156408     
  9.406379987947133E-003  0.358226798465005        239.413816954873     
  3.571483214185633E-002  0.272633725612276        239.686450680485     
  6.202328429576909E-002  0.215606415876271        239.902057096362     
  8.833173644967829E-002  0.188174661096478        240.090231757458     
  0.114640188603591       0.188262213672249        240.278493971130     
  0.140948640757500       0.211741472074023        240.490235443204     
  0.167257092911413       0.253611179035863        240.743846622240     
  0.193565545065322       0.309156063426323        241.053002685666     
  0.219873997219235       0.374842856481433        241.427845542148     
  0.246182449373144       0.448643160352443        241.876488702500     
  0.272490901527057       0.529597629367544        242.406086331868     
  0.298799353680966       0.616773287070222        243.022859618938     
  0.325107805834879       0.708153172927601        243.731012791866     
  0.351416257988788       0.800157273649034        244.531170065515     
  0.377724710142701       0.888225033890454        245.419395099405     
  0.404033162296610       0.968252738200419        246.387647837606     
  0.430341614450523        1.03802724406436        247.425675081670     
  0.456650066604432        1.09759534030039        248.523270421970     
  0.482958518758345        1.14801364880471        249.671284070775     
  0.509266970912254        1.18894334187140        250.860227412646     
  0.535575423066167        1.21647640382493        252.076703816471     
  0.561883875220076        1.22274259447539        253.299446410947     
  0.588192327373989        1.19801223111960        254.497458642066     
  0.614500779527898        1.13460478366585        255.632063425732     
  0.640809231681811        1.03079143770154        256.662854863434     
  0.667117683835723       0.892754833651350        257.555609697085     
  0.693426135989633       0.733623419457917        258.289233116543     
  0.719734588143545       0.570039821780408        258.859272938323     
  0.746043040297454       0.417810607907552        259.277083546231     
  0.772351492451367       0.288379875868289        259.565463422099     
  0.798659944605276       0.187218903421975        259.752682325521     
  0.824968396759189       0.114226756398510        259.866909081920     
  0.851276848913098       6.545585907792356E-002   259.932364940998     
  0.877585301067011       3.521124343952894E-002   259.967576184437     
  0.903893753220920       1.777435367996280E-002   259.985350538117     
  0.930202205374833       8.416601533924178E-003   259.993767139651     
  0.956510657528742       3.737451235125634E-003   259.997504590886     
  0.982819109682655       1.555910329287776E-003   259.999060501216     
   1.00912756183656       6.070778791885311E-004   259.999667579095     
   1.03543601399048       2.219423558028549E-004   259.999889521451     
   1.06174446614439       7.600828880576372E-005   259.999965529739     
   1.08805291829830       2.437808117259553E-005   259.999989907821     
   1.11436137045221       7.320699982841822E-006   259.999997228520     
   1.14066982260612       2.057885016639046E-006   259.999999286406     
   1.16697827476003       5.413900962818359E-007   259.999999827796     
   1.19328672691394       1.332693162892475E-007   259.999999961065     
   1.21959517906785       3.068990048118309E-008   259.999999991755     
   1.24590363122176       6.610372961035962E-009   259.999999998365     
   1.27221208337567       1.331515793619436E-009   259.999999999697     
   1.29852053552959       2.507760969369666E-010   259.999999999947     
   1.32482898768350       4.415503883749630E-011   259.999999999992     
   1.35113743983741       7.267115891256698E-012   259.999999999999     
   1.37744589199132       1.117805555148760E-012   260.000000000000     
   1.40375434414523       1.608068062389223E-013   260.000000000000     
   1.43006279629914       2.152824359752392E-014   260.000000000000     
   1.45637124845305       2.717769585769414E-015   260.000000000000     
   1.48267970060696       3.319827052150615E-016   260.000000000000     
   1.50898815276087       0.000000000000000E+000   260.000000000000     
   1.53529660491478       0.000000000000000E+000   260.000000000000     
   1.56160505706870       0.000000000000000E+000   260.000000000000     
   1.58791350922261       0.000000000000000E+000   260.000000000000     
   1.61422196137652       0.000000000000000E+000   260.000000000000     
   1.64053041353043       0.000000000000000E+000   260.000000000000     
   1.66683886568434       0.000000000000000E+000   260.000000000000     
   1.69314731783825       0.000000000000000E+000   260.000000000000     
   1.71945576999216       0.000000000000000E+000   260.000000000000     
   1.74576422214607       0.000000000000000E+000   260.000000000000     
   1.77207267429998       0.000000000000000E+000   260.000000000000     
   1.79838112645389       0.000000000000000E+000   260.000000000000     
   1.82468957860781       0.000000000000000E+000   260.000000000000     
   1.85099803076172       0.000000000000000E+000   260.000000000000     
   1.87730648291563       0.000000000000000E+000   260.000000000000     
   1.90361493506954       0.000000000000000E+000   260.000000000000     
   1.92992338722345       0.000000000000000E+000   260.000000000000     
   1.95623183937736       0.000000000000000E+000   260.000000000000     
   1.98254029153127       0.000000000000000E+000   260.000000000000     
   2.00884874368518       0.000000000000000E+000   260.000000000000     
   2.03515719583909       0.000000000000000E+000   260.000000000000     
   2.06146564799300       0.000000000000000E+000   260.000000000000     
   2.08777410014692       0.000000000000000E+000   260.000000000000     
   2.11408255230083       0.000000000000000E+000   260.000000000000     
   2.14039100445474       0.000000000000000E+000   260.000000000000     
   2.16669945660865       0.000000000000000E+000   260.000000000000     
   2.19300790876256       0.000000000000000E+000   260.000000000000     
   2.21931636091647       0.000000000000000E+000   260.000000000000     
   2.24562481307038       0.000000000000000E+000   260.000000000000     
   2.27193326522429       0.000000000000000E+000   260.000000000000     
   2.29824171737820       0.000000000000000E+000   260.000000000000     
   2.32455016953211       0.000000000000000E+000   260.000000000000     
   2.35085862168603       0.000000000000000E+000   260.000000000000     
   2.37716707383994       0.000000000000000E+000   260.000000000000     
   2.40347552599385       0.000000000000000E+000   260.000000000000     
   2.42978397814776       0.000000000000000E+000   260.000000000000     
   2.45609243030167       0.000000000000000E+000   260.000000000000     
   2.48240088245558       0.000000000000000E+000   260.000000000000     
   2.50870933460949       0.000000000000000E+000   260.000000000000     
   2.53501778676340       0.000000000000000E+000   260.000000000000     
   2.56132623891731       0.000000000000000E+000   260.000000000000     
   2.58763469107122       0.000000000000000E+000   260.000000000000     
   2.61394314322514       0.000000000000000E+000   260.000000000000     
   2.64025159537904       0.000000000000000E+000   260.000000000000     
