  -25.4142515894641       0.000000000000000E+000  0.000000000000000E+000
  -25.3887547683924       0.000000000000000E+000  0.000000000000000E+000
  -25.3632579473206       0.000000000000000E+000  0.000000000000000E+000
  -25.3377611262489       0.000000000000000E+000  0.000000000000000E+000
  -25.3122643051771       0.000000000000000E+000  0.000000000000000E+000
  -25.2867674841054       0.000000000000000E+000  0.000000000000000E+000
  -25.2612706630336       0.000000000000000E+000  0.000000000000000E+000
  -25.2357738419619       0.000000000000000E+000  0.000000000000000E+000
  -25.2102770208901       0.000000000000000E+000  0.000000000000000E+000
  -25.1847801998183       0.000000000000000E+000  0.000000000000000E+000
  -25.1592833787466       0.000000000000000E+000  0.000000000000000E+000
  -25.1337865576748       0.000000000000000E+000  0.000000000000000E+000
  -25.1082897366031       0.000000000000000E+000  0.000000000000000E+000
  -25.0827929155313       0.000000000000000E+000  0.000000000000000E+000
  -25.0572960944596       0.000000000000000E+000  0.000000000000000E+000
  -25.0317992733878       0.000000000000000E+000  0.000000000000000E+000
  -25.0063024523161       0.000000000000000E+000  0.000000000000000E+000
  -24.9808056312443       0.000000000000000E+000  0.000000000000000E+000
  -24.9553088101726       0.000000000000000E+000  0.000000000000000E+000
  -24.9298119891008       0.000000000000000E+000  0.000000000000000E+000
  -24.9043151680291       0.000000000000000E+000  0.000000000000000E+000
  -24.8788183469573       0.000000000000000E+000  0.000000000000000E+000
  -24.8533215258856       0.000000000000000E+000  0.000000000000000E+000
  -24.8278247048138       0.000000000000000E+000  0.000000000000000E+000
  -24.8023278837421       0.000000000000000E+000  0.000000000000000E+000
  -24.7768310626703       0.000000000000000E+000  0.000000000000000E+000
  -24.7513342415985       0.000000000000000E+000  0.000000000000000E+000
  -24.7258374205268       0.000000000000000E+000  0.000000000000000E+000
  -24.7003405994550       0.000000000000000E+000  0.000000000000000E+000
  -24.6748437783833       0.000000000000000E+000  0.000000000000000E+000
  -24.6493469573115       0.000000000000000E+000  0.000000000000000E+000
  -24.6238501362398       0.000000000000000E+000  0.000000000000000E+000
  -24.5983533151680       0.000000000000000E+000  0.000000000000000E+000
  -24.5728564940963       0.000000000000000E+000  0.000000000000000E+000
  -24.5473596730245       0.000000000000000E+000  0.000000000000000E+000
  -24.5218628519528       0.000000000000000E+000  0.000000000000000E+000
  -24.4963660308810       0.000000000000000E+000  0.000000000000000E+000
  -24.4708692098093       0.000000000000000E+000  0.000000000000000E+000
  -24.4453723887375       0.000000000000000E+000  0.000000000000000E+000
  -24.4198755676658       0.000000000000000E+000  0.000000000000000E+000
  -24.3943787465940       0.000000000000000E+000  0.000000000000000E+000
  -24.3688819255223       0.000000000000000E+000  0.000000000000000E+000
  -24.3433851044505       0.000000000000000E+000  0.000000000000000E+000
  -24.3178882833787       0.000000000000000E+000  0.000000000000000E+000
  -24.2923914623070       0.000000000000000E+000  0.000000000000000E+000
  -24.2668946412352       1.108360764689406E-016  1.108360764689406E-016
  -24.2413978201635       9.762558512808685E-016  1.087091927749809E-015
  -24.2159009990917       7.337586386626904E-015  8.424678314376713E-015
  -24.1904041780200       5.225028039074152E-014  6.067495870511823E-014
  -24.1649073569482       3.506007035533933E-013  4.112756622585115E-013
  -24.1394105358765       2.206508320471102E-012  2.617783982729613E-012
  -24.1139137148047       1.301551206534762E-011  1.563329604807723E-011
  -24.0884168937330       7.196529392690902E-011  8.759858997498625E-011
  -24.0629200726612       3.729796498483191E-010  4.605782398233054E-010
  -24.0374232515895       1.811959488643600E-009  2.272537728466906E-009
  -24.0119264305177       8.251154657004414E-009  1.052369238547132E-008
  -23.9864296094460       3.521965512756622E-008  4.574334751303754E-008
  -23.9609327883742       1.409161680429164E-007  1.866595155559540E-007
  -23.9354359673024       5.284976900944707E-007  7.151572056504248E-007
  -23.9099391462307       1.857945837929225E-006  2.573103043579650E-006
  -23.8844423251589       6.122542325125320E-006  8.695645368704970E-006
  -23.8589455040872       1.891212773954484E-005  2.760777310824981E-005
  -23.8334486830154       5.475954772955006E-005  8.236732083779987E-005
  -23.8079518619437       1.486247516422901E-004  2.309920724800900E-004
  -23.7824550408719       3.781248131007536E-004  6.091168855808436E-004
  -23.7569582198002       9.017638567704982E-004  1.510880742351342E-003
  -23.7314613987284       2.015881023592616E-003  3.526761765943958E-003
  -23.7059645776567       4.224274706045429E-003  7.751036471989386E-003
  -23.6804677565849       8.297653521963105E-003  1.604868999395249E-002
  -23.6549709355132       1.527829791941590E-002  3.132698791336840E-002
  -23.6294741144414       2.637009990150679E-002  5.769708781487519E-002
  -23.6039772933697       4.266445754446360E-002  0.100361545359339     
  -23.5784804722979       6.470514320711883E-002  0.165066688566458     
  -23.5529836512262       9.198773104221079E-002  0.257054419608668     
  -23.5274868301544       0.122585721129524       0.379640140738192     
  -23.5019900090827       0.153133082403541       0.532773223141733     
  -23.4764931880109       0.179315380343794       0.712088603485526     
  -23.4509963669391       0.196827417531927       0.908916021017453     
  -23.4254995458674       0.202522497718035        1.11143851873549     
  -23.4000027247956       0.195335245055742        1.30677376379123     
  -23.3745059037239       0.176606859929402        1.48338062372063     
  -23.3490090826521       0.149676647205333        1.63305727092596     
  -23.3235122615804       0.118910410967793        1.75196768189376     
  -23.2980154405086       8.855331886327961E-002   1.84052100075704     
  -23.2725186194369       6.181710226074483E-002   1.90233810301778     
  -23.2470217983651       4.045115523149605E-002   1.94278925824928     
  -23.2215249772934       2.481254370081610E-002   1.96760180195009     
  -23.1960281562216       1.426688901558474E-002   1.98186869096568     
  -23.1705313351499       7.689616440996164E-003   1.98955830740668     
  -23.1450345140781       3.885075363968201E-003   1.99344338277064     
  -23.1195376930064       1.840071427074997E-003   1.99528345419772     
  -23.0940408719346       8.173226932049714E-004   1.99610077689092     
  -23.0685440508629       3.416852089300831E-004   1.99644246209985     
  -23.0430472297911       1.384542310738231E-004   1.99658091633093     
  -23.0175504087193       6.662202653515167E-005   1.99664753835746     
  -22.9920535876476       6.922324531423522E-005   1.99671676160278     
  -22.9665567665758       1.483386461980206E-004   1.99686510024897     
  -22.9410599455041       3.659808696445984E-004   1.99723108111862     
  -22.9155631244323       8.707564282325832E-004   1.99810183754685     
  -22.8900663033606       1.948657043363107E-003   2.00005049459021     
  -22.8645694822888       4.089454302170353E-003   2.00413994889239     
  -22.8390726612171       8.045110120944698E-003   2.01218505901333     
  -22.8135758401453       1.483602669989678E-002   2.02702108571323     
  -22.7880790190736       2.564605797884799E-002   2.05266714369208     
  -22.7625821980018       4.155672439566565E-002   2.09422386808774     
  -22.7370853769301       6.312190706275675E-002   2.15734577515050     
  -22.7115885558583       8.987469629793859E-002   2.24722047144844     
  -22.6860917347866       0.119953694425567        2.36717416587400     
  -22.6605949137148       0.150075214749872        2.51724938062388     
  -22.6350980926431       0.176004468141508        2.69325384876538     
  -22.6096012715713       0.193489741909518        2.88674359067490     
  -22.5841044504995       0.199393879791971        3.08613747046687     
  -22.5586076294278       0.192612895009448        3.27875036547632     
  -22.5331108083560       0.174412864825014        3.45316323030133     
  -22.5076139872843       0.148044131295877        3.60120736159721     
  -22.4821171662125       0.117794018324754        3.71900137992196     
  -22.4566203451408       8.785660424749847E-002   3.80685798416946     
  -22.4311235240690       6.142489673387064E-002   3.86828288090333     
  -22.4056267029973       4.025621607308031E-002   3.90853909697641     
  -22.3801298819255       2.473087861946899E-002   3.93326997559588     
  -22.3546330608538       1.424176274176733E-002   3.94751173833765     
  -22.3291362397820       7.687852052579431E-003   3.95519959039023     
  -22.3036394187103       3.890117896861139E-003   3.95908970828709     
  -22.2781425976385       1.845169783327766E-003   3.96093487807042     
  -22.2526457765668       8.203988053847178E-004   3.96175527687580     
  -22.2271489554950       3.419227954158414E-004   3.96209719967122     
  -22.2016521344232       1.335809796711922E-004   3.96223078065089     
  -22.1761553133515       4.891858148089251E-005   3.96227969923237     
  -22.1506584922797       1.679247949354621E-005   3.96229649171186     
  -22.1251616712080       5.403393155977064E-006   3.96230189510502     
  -22.0996648501362       1.629776541425094E-006   3.96230352488156     
  -22.0741680290645       4.607849068013954E-007   3.96230398566647     
  -22.0486712079927       1.221169670609524E-007   3.96230410778344     
  -22.0231743869210       3.033613210765221E-008   3.96230413811957     
  -21.9976775658492       7.063982975336403E-009   3.96230414518355     
  -21.9721807447775       1.541853500650593E-009   3.96230414672540     
  -21.9466839237057       3.154564241575233E-010   3.96230414704086     
  -21.9211871026340       6.049744062717405E-011   3.96230414710136     
  -21.8956902815622       1.087515675046180E-011   3.96230414711223     
  -21.8701934604905       1.832404291167805E-012   3.96230414711407     
  -21.8446966394187       2.894414540847047E-013   3.96230414711436     
  -21.8191998183470       4.279792259482156E-014   3.96230414711440     
  -21.7937029972752       5.952362406764141E-015   3.96230414711440     
  -21.7682061762034       7.701521535067638E-016   3.96230414711441     
  -21.7427093551317       1.060790686704923E-016   3.96230414711441     
  -21.7172125340599       0.000000000000000E+000   3.96230414711441     
  -21.6917157129882       0.000000000000000E+000   3.96230414711441     
  -21.6662188919164       0.000000000000000E+000   3.96230414711441     
  -21.6407220708447       0.000000000000000E+000   3.96230414711441     
  -21.6152252497729       0.000000000000000E+000   3.96230414711441     
  -21.5897284287012       0.000000000000000E+000   3.96230414711441     
  -21.5642316076294       0.000000000000000E+000   3.96230414711441     
  -21.5387347865577       0.000000000000000E+000   3.96230414711441     
  -21.5132379654859       0.000000000000000E+000   3.96230414711441     
  -21.4877411444142       0.000000000000000E+000   3.96230414711441     
  -21.4622443233424       0.000000000000000E+000   3.96230414711441     
  -21.4367475022707       0.000000000000000E+000   3.96230414711441     
  -21.4112506811989       0.000000000000000E+000   3.96230414711441     
  -21.3857538601272       0.000000000000000E+000   3.96230414711441     
  -21.3602570390554       0.000000000000000E+000   3.96230414711441     
  -21.3347602179836       0.000000000000000E+000   3.96230414711441     
  -21.3092633969119       0.000000000000000E+000   3.96230414711441     
  -21.2837665758401       0.000000000000000E+000   3.96230414711441     
  -21.2582697547684       0.000000000000000E+000   3.96230414711441     
  -21.2327729336966       0.000000000000000E+000   3.96230414711441     
  -21.2072761126249       0.000000000000000E+000   3.96230414711441     
  -21.1817792915531       0.000000000000000E+000   3.96230414711441     
  -21.1562824704814       3.312276940066671E-016   3.96230414711441     
  -21.1307856494096       2.220368457903416E-015   3.96230414711441     
  -21.1052888283379       1.665869361759931E-014   3.96230414711442     
  -21.0797920072661       1.158667251375874E-013   3.96230414711454     
  -21.0542951861944       7.570072552305931E-013   3.96230414711530     
  -21.0287983651226       4.637014770383318E-012   3.96230414711993     
  -21.0033015440509       2.662604466538225E-011   3.96230414714656     
  -20.9778047229791       1.433088303089344E-010   3.96230414728987     
  -20.9523079019074       7.230022479283579E-010   3.96230414801287     
  -20.9268110808356       3.419073055938684E-009   3.96230415143195     
  -20.9013142597639       1.515585818057714E-008   3.96230416658780     
  -20.8758174386921       6.297342742835526E-008   3.96230422956123     
  -20.8503206176203       2.452674889336914E-007   3.96230447482872     
  -20.8248237965486       8.954259207532371E-007   3.96230537025464     
  -20.7993269754768       3.064273259795359E-006   3.96230843452790     
  -20.7738301544051       9.829570853434439E-006   3.96231826409875     
  -20.7483333333333       2.955642488401618E-005   3.96234782052364     
  -20.7228365122616       8.330681216719183E-005   3.96243112733581     
  -20.6973396911898       2.201006615777844E-004   3.96265122799738     
  -20.6718428701181       5.450988836321084E-004   3.96319632688102     
  -20.6463460490463       1.265444766135395E-003   3.96446177164715     
  -20.6208492279746       2.753758449598911E-003   3.96721553009675     
  -20.5953524069028       5.617252875225884E-003   3.97283278297198     
  -20.5698555858311       1.074084059767795E-002   3.98357362356965     
  -20.5443587647593       1.925171190110046E-002   4.00282533547075     
  -20.5188619436876       3.234579181005581E-002   4.03517112728081     
  -20.4933651226158       5.094294817844707E-002   4.08611407545926     
  -20.4678683015441       7.520880040431521E-002   4.16132287586357     
  -20.4423714804723       0.104081113401885        4.26540398926546     
  -20.4168746594005       0.135018785831781        4.40042277509724     
  -20.3913778383288       0.164185849824565        4.56460862492180     
  -20.3658810172570       0.187152961604255        4.75176158652606     
  -20.3403841961853       0.199975717873303        4.95173730439936     
  -20.3148873751135       0.200298396474945        5.15203570087430     
  -20.2893905540418       0.188060388770003        5.34009608964431     
  -20.2638937329700       0.165514776971266        5.50561086661557     
  -20.2383969118983       0.136551248902231        5.64216211551780     
  -20.2129000908265       0.105602414800959        5.74776453031876     
  -20.1874032697548       7.655455518006632E-002   5.82431908549883     
  -20.1619064486830       5.202198552776691E-002   5.87634107102660     
  -20.1364096276113       3.313760598642883E-002   5.90947867701303     
  -20.1109128065395       1.978669293690170E-002   5.92926536994993     
  -20.0854159854678       1.107497298682227E-002   5.94034034293675     
  -20.0599191643960       5.810706677547501E-003   5.94615104961430     
  -20.0344223433242       2.857797331915030E-003   5.94900884694621     
  -20.0089255222525       1.317496344179079E-003   5.95032634329039     
  -19.9834287011807       5.693537647417192E-004   5.95089569705513     
  -19.9579318801090       2.306369955524261E-004   5.95112633405069     
  -19.9324350590372       8.757676591494093E-005   5.95121391081660     
  -19.9069382379655       3.117174375285882E-005   5.95124508256035     
  -19.8814414168937       1.040026993377452E-005   5.95125548283029     
  -19.8559445958220       3.252658385199658E-006   5.95125873548867     
  -19.8304477747502       9.535458606493601E-007   5.95125968903453     
  -19.8049509536785       2.620311507466464E-007   5.95125995106568     
  -19.7794541326067       6.749495997040665E-008   5.95126001856064     
  -19.7539573115350       1.629655019844443E-008   5.95126003485719     
  -19.7284604904632       3.688287092502062E-009   5.95126003854548     
  -19.7029636693915       7.824511099794278E-010   5.95126003932793     
  -19.6774668483197       1.555936271851833E-010   5.95126003948353     
  -19.6519700272480       2.900192457953256E-011   5.95126003951253     
  -19.6264732061762       5.067185794090706E-012   5.95126003951759     
  -19.6009763851044       8.298857040794706E-013   5.95126003951842     
  -19.5754795640327       1.273444871390688E-013   5.95126003951855     
  -19.5499827429609       1.828485770646928E-014   5.95126003951857     
  -19.5244859218892       2.495528964122497E-015   5.95126003951857     
  -19.4989891008174       3.543014982115586E-016   5.95126003951857     
  -19.4734922797457       0.000000000000000E+000   5.95126003951857     
  -19.4479954586739       0.000000000000000E+000   5.95126003951857     
  -19.4224986376022       0.000000000000000E+000   5.95126003951857     
  -19.3970018165304       0.000000000000000E+000   5.95126003951857     
  -19.3715049954587       0.000000000000000E+000   5.95126003951857     
  -19.3460081743869       0.000000000000000E+000   5.95126003951857     
  -19.3205113533152       0.000000000000000E+000   5.95126003951857     
  -19.2950145322434       0.000000000000000E+000   5.95126003951857     
  -19.2695177111717       0.000000000000000E+000   5.95126003951857     
  -19.2440208900999       0.000000000000000E+000   5.95126003951857     
  -19.2185240690282       0.000000000000000E+000   5.95126003951857     
  -19.1930272479564       0.000000000000000E+000   5.95126003951857     
  -19.1675304268846       0.000000000000000E+000   5.95126003951857     
  -19.1420336058129       0.000000000000000E+000   5.95126003951857     
  -19.1165367847411       0.000000000000000E+000   5.95126003951857     
  -19.0910399636694       0.000000000000000E+000   5.95126003951857     
  -19.0655431425976       1.110138809241733E-016   5.95126003951857     
  -19.0400463215259       4.860109650225282E-016   5.95126003951857     
  -19.0145495004541       3.969776156973550E-015   5.95126003951858     
  -18.9890526793824       2.917084862870216E-014   5.95126003951861     
  -18.9635558583106       1.997102315688262E-013   5.95126003951881     
  -18.9380590372389       1.281430083559933E-012   5.95126003952009     
  -18.9125622161671       7.707223352927334E-012   5.95126003952779     
  -18.8870653950954       4.344975467383216E-011   5.95126003957124     
  -18.8615685740236       2.296033492452302E-010   5.95126003980085     
  -18.8360717529519       1.137287886026277E-009   5.95126004093814     
  -18.8105749318801       5.280378744721732E-009   5.95126004621851     
  -18.7850781108084       2.298071162243092E-008   5.95126006919923     
  -18.7595812897366       9.374904779903698E-008   5.95126016294827     
  -18.7340844686649       3.584895074182064E-007   5.95126052143778     
  -18.7085876475931       1.284971160061067E-006   5.95126180640894     
  -18.6830908265213       4.317365097094747E-006   5.95126612377404     
  -18.6575940054496       1.359733222544012E-005   5.95127972110626     
  -18.6320971843778       4.014201841093341E-005   5.95131986312467     
  -18.6066003633061       1.110852118112781E-004   5.95143094833649     
  -18.5811035422343       2.881547383998027E-004   5.95171910307489     
  -18.5556067211626       7.006621236385955E-004   5.95241976519852     
  -18.5301099000908       1.597002894304611E-003   5.95401676809283     
  -18.5046130790191       3.412068390376899E-003   5.95742883648321     
  -18.4791162579473       6.833535171772614E-003   5.96426237165498     
  -18.4536194368756       1.282890198177976E-002   5.97709127363676     
  -18.4281226158038       2.257618173032909E-002   5.99966745536709     
  -18.4026257947321       3.724165713853775E-002   6.03690911250563     
  -18.3771289736603       5.758713727406268E-002   6.09449624977969     
  -18.3516321525886       8.347191854255986E-002   6.17796816832225     
  -18.3261353315168       0.113415935556468        6.29138410387872     
  -18.3006385104450       0.144453092577847        6.43583719645656     
  -18.2751416893733       0.172464188027711        6.60830138448427     
  -18.2496448683015       0.193014753840906        6.80131613832518     
  -18.2241480472298       0.202489120190459        7.00380525851564     
  -18.1986512261580       0.199128092696415        7.20293335121205     
  -18.1731544050863       0.183562097850638        7.38649544906269     
  -18.1476575840145       0.158618211215080        7.54511366027777     
  -18.1221607629428       0.128482061307725        7.67359572158550     
  -18.0966639418710       9.755536249293496E-002   7.77115108407843     
  -18.0711671207993       6.943504642013007E-002   7.84058613049856     
  -18.0456702997275       4.632601148753598E-002   7.88691214198610     
  -18.0201734786558       2.897272146735133E-002   7.91588486345345     
  -17.9946766575840       1.698522930747787E-002   7.93287009276093     
  -17.9691798365123       9.334063720399117E-003   7.94220415648133     
  -17.9436830154405       4.808246832654540E-003   7.94701240331398     
  -17.9181861943688       2.321767655463842E-003   7.94933417096945     
  -17.8926893732970       1.050911333576893E-003   7.95038508230302     
  -17.8671925522252       4.458902359232124E-004   7.95083097253895     
  -17.8416957311535       1.773387393379891E-004   7.95100831127828     
  -17.8161989100817       6.611381873089711E-005   7.95107442509701     
  -17.7907020890100       2.310435672078597E-005   7.95109752945373     
  -17.7652052679382       7.568724094807981E-006   7.95110509817783     
  -17.7397084468665       2.325507767878006E-006   7.95110742368560     
  -17.7142116257947       6.760476722995529E-007   7.95110809973327     
  -17.6887148047230       2.111832083986354E-007   7.95110831091648     
  -17.6632179836512       1.692561318189880E-007   7.95110848017261     
  -17.6377211625795       4.771317901987236E-007   7.95110895730440     
  -17.6122243415077       1.651268548707194E-006   7.95111060857295     
  -17.5867275204360       5.465641937307099E-006   7.95111607421489     
  -17.5612306993642       1.697970220588449E-005   7.95113305391709     
  -17.5357338782925       4.944981618718172E-005   7.95118250373328     
  -17.5102370572207       1.349936172959698E-004   7.95131749735058     
  -17.4847402361490       3.454415646728632E-004   7.95166293891525     
  -17.4592434150772       8.286087104587197E-004   7.95249154762571     
  -17.4337465940054       1.863111091748839E-003   7.95435465871746     
  -17.4082497729337       3.926839280008129E-003   7.95828149799746     
  -17.3827529518619       7.758242112842224E-003   7.96603974011031     
  -17.3572561307902       1.436812207579706E-002   7.98040786218610     
  -17.3317593097184       2.494329151632680E-002   8.00535115370243     
  -17.3062624886467       4.059056746541817E-002   8.04594172116785     
  -17.2807656675749       6.191766430523217E-002   8.10785938547308     
  -17.2552688465032       8.853653128712381E-002   8.19639591676020     
  -17.2297720254314       0.118672280399413        8.31506819715962     
  -17.2042752043597       0.149106030505115        8.46417422766473     
  -17.1787783832879       0.175614548376329        8.63978877604106     
  -17.1532815622162       0.193885485168300        8.83367426120936     
  -17.1277847411444       0.200654880071935        9.03432914128130     
  -17.1022879200727       0.194658696863667        9.22898783814496     
  -17.0767910990009       0.177018038041263        9.40600587618622     
  -17.0512942779292       0.150897055795483        9.55690293198171     
  -17.0257974568574       0.120576697032057        9.67747962901376     
  -17.0003006357856       9.031609497277787E-002   9.76779572398654     
  -16.9748038147139       6.341409322659596E-002   9.83120981721314     
  -16.9493069936421       4.173735667961084E-002   9.87294717389275     
  -16.9238101725704       2.575029471085227E-002   9.89869746860360     
  -16.8983133514986       1.489213982619093E-002   9.91358960842979     
  -16.8728165304269       8.073263246180925E-003   9.92166287167597     
  -16.8473197093551       4.102585486074782E-003   9.92576545716205     
  -16.8218228882834       1.954258606568367E-003   9.92771971576862     
  -16.7963260672116       8.726128231279631E-004   9.92859232859175     
  -16.7708292461399       3.652376593777891E-004   9.92895756625112     
  -16.7453324250681       1.432989800899326E-004   9.92910086523121     
  -16.7198356039964       5.270154762777622E-005   9.92915356677884     
  -16.6943387829246       1.816834805903014E-005   9.92917173512690     
  -16.6688419618529       5.871084746930084E-006   9.92917760621165     
  -16.6433451407811       1.778406668348726E-006   9.92917938461832     
  -16.6178483197094       5.049548724283148E-007   9.92917988957319     
  -16.5923514986376       1.343945669031819E-007   9.92918002396775     
  -16.5668546775658       3.352875025970367E-008   9.92918005749650     
  -16.5413578564941       7.840763318797019E-009   9.92918006533727     
  -16.5158610354223       1.718713181756181E-009   9.92918006705598     
  -16.4903642143506       3.531436124977787E-010   9.92918006740912     
  -16.4648673932788       6.801435694653988E-011   9.92918006747714     
  -16.4393705722071       1.227869851337790E-011   9.92918006748942     
  -16.4138737511353       2.077784409182341E-012   9.92918006749150     
  -16.3883769300636       3.295311960846792E-013   9.92918006749183     
  -16.3628801089918       4.904698365122241E-014   9.92918006749188     
  -16.3373832879201       6.855255138804604E-015   9.92918006749188     
  -16.3118864668483       9.050873383818151E-016   9.92918006749188     
  -16.2863896457766       1.231553590582921E-016   9.92918006749188     
  -16.2608928247048       0.000000000000000E+000   9.92918006749188     
  -16.2353960036331       0.000000000000000E+000   9.92918006749188     
  -16.2098991825613       0.000000000000000E+000   9.92918006749188     
  -16.1844023614896       0.000000000000000E+000   9.92918006749188     
  -16.1589055404178       0.000000000000000E+000   9.92918006749188     
  -16.1334087193461       0.000000000000000E+000   9.92918006749188     
  -16.1079118982743       0.000000000000000E+000   9.92918006749188     
  -16.0824150772025       0.000000000000000E+000   9.92918006749188     
  -16.0569182561308       0.000000000000000E+000   9.92918006749188     
  -16.0314214350590       0.000000000000000E+000   9.92918006749188     
  -16.0059246139873       0.000000000000000E+000   9.92918006749188     
  -15.9804277929155       0.000000000000000E+000   9.92918006749188     
  -15.9549309718438       0.000000000000000E+000   9.92918006749188     
  -15.9294341507720       0.000000000000000E+000   9.92918006749188     
  -15.9039373297003       0.000000000000000E+000   9.92918006749188     
  -15.8784405086285       0.000000000000000E+000   9.92918006749188     
  -15.8529436875568       0.000000000000000E+000   9.92918006749188     
  -15.8274468664850       0.000000000000000E+000   9.92918006749188     
  -15.8019500454133       0.000000000000000E+000   9.92918006749188     
  -15.7764532243415       0.000000000000000E+000   9.92918006749188     
  -15.7509564032698       0.000000000000000E+000   9.92918006749188     
  -15.7254595821980       0.000000000000000E+000   9.92918006749188     
  -15.6999627611262       0.000000000000000E+000   9.92918006749188     
  -15.6744659400545       0.000000000000000E+000   9.92918006749188     
  -15.6489691189827       0.000000000000000E+000   9.92918006749188     
  -15.6234722979110       0.000000000000000E+000   9.92918006749188     
  -15.5979754768392       0.000000000000000E+000   9.92918006749188     
  -15.5724786557675       0.000000000000000E+000   9.92918006749188     
  -15.5469818346957       0.000000000000000E+000   9.92918006749188     
  -15.5214850136240       0.000000000000000E+000   9.92918006749188     
  -15.4959881925522       0.000000000000000E+000   9.92918006749188     
  -15.4704913714805       0.000000000000000E+000   9.92918006749188     
  -15.4449945504087       0.000000000000000E+000   9.92918006749188     
  -15.4194977293370       0.000000000000000E+000   9.92918006749188     
  -15.3940009082652       0.000000000000000E+000   9.92918006749188     
  -15.3685040871935       3.324998371223530E-016   9.92918006749188     
  -15.3430072661217       2.234686812222220E-015   9.92918006749189     
  -15.3175104450500       1.643541716057084E-014   9.92918006749190     
  -15.2920136239782       1.143132167078544E-013   9.92918006749202     
  -15.2665168029064       7.477494888522910E-013   9.92918006749276     
  -15.2410199818347       4.583371875486271E-012   9.92918006749735     
  -15.2155231607629       2.633266175487370E-011   9.92918006752368     
  -15.1900263396912       1.418094850216326E-010   9.92918006766549     
  -15.1645295186194       7.158404283853749E-010   9.92918006838133     
  -15.1390326975477       3.387109029674684E-009   9.92918007176844     
  -15.1135358764759       1.502261505980894E-008   9.92918008679105     
  -15.0880390554042       6.245490245895747E-008   9.92918014924595     
  -15.0625422343324       2.433847570816586E-007   9.92918039263071     
  -15.0370454132607       8.890521369192011E-007   9.92918128168285     
  -15.0115485921889       3.044172280971758E-006   9.92918432585513     
  -14.9860517711172       9.770582402515803E-006   9.92919409643753     
  -14.9605549500454       2.939557400688262E-005   9.92922349201154     
  -14.9350581289737       8.290003258604412E-005   9.92930639204413     
  -14.9095613079019       2.191490874014121E-004   9.92952554113153     
  -14.8840644868302       5.430473975822629E-004   9.93006858852911     
  -14.8585676657584       1.261391083380711E-003   9.93132997961249     
  -14.8330708446866       2.746480484712350E-003   9.93407646009720     
  -14.8075740236149       5.605556776236808E-003   9.93968201687344     
  -14.7820772025431       1.072450243045221E-002   9.95040651930389     
  -14.7565803814714       1.923323462057655E-002   9.96963975392447     
  -14.7310835603996       3.233291442349218E-002   10.0019726683480     
  -14.7055867393279       5.095129503088129E-002   10.0529239633788     
  -14.6800899182561       7.526341087267306E-002   10.1281873742515     
  -14.6545930971844       0.104215242536253        10.2324026167878     
  -14.6290962761126       0.135268785081355        10.3676714018691     
  -14.6035994550409       0.164582324348541        10.5322537262177     
  -14.5781026339691       0.187710360553701        10.7199640867714     
  -14.5526058128974       0.200684059355553        10.9206481461269     
  -14.5271089918256       0.201120878645371        11.1217690247723     
  -14.5016121707539       0.188938771640912        11.3107077964132     
  -14.4761153496821       0.166381335035767        11.4770891314490     
  -14.4506185286104       0.137343333273636        11.6144324647226     
  -14.4251217075386       0.106274687032265        11.7207071517549     
  -14.3996248864668       7.708521952711006E-002   11.7977923712820     
  -14.3741280653951       5.241205136486878E-002   11.8502044226468     
  -14.3486312443233       3.340488254253160E-002   11.8836093051894     
  -14.3231344232516       1.995765112537478E-002   11.9035669563148     
  -14.2976376021798       1.117750401701856E-002   11.9147444603318     
  -14.2721407811081       5.869751945762797E-003   11.9206142122775     
  -14.2466439600363       2.894818262386990E-003   11.9235090305399     
  -14.2211471389646       1.354717225054010E-003   11.9248637477650     
  -14.1956503178928       6.412695662648887E-004   11.9255050173312     
  -14.1701534968211       4.087316589419236E-004   11.9259137489902     
  -14.1446566757493       5.293221786135567E-004   11.9264430711688     
  -14.1191598546776       1.069725600551587E-003   11.9275127967693     
  -14.0936630336058       2.303225287530697E-003   11.9298160220569     
  -14.0681662125341       4.749496168507714E-003   11.9345655182254     
  -14.0426693914623       9.211053910381500E-003   11.9437765721358     
  -14.0171725703906       1.675348567823199E-002   11.9605300578140     
  -13.9916757493188       2.856611225599237E-002   11.9890961700700     
  -13.9661789282470       4.565830800893229E-002   12.0347544780789     
  -13.9406821071753       6.840808651638974E-002   12.1031625645953     
  -13.9151852861035       9.607575029510002E-002   12.1992383148904     
  -13.8896884650318       0.126485015276767        12.3257233301672     
  -13.8641916439600       0.156093054091704        12.4818163842589     
  -13.8386948228883       0.180570787544383        12.6623871718033     
  -13.8131980018165       0.195808240129670        12.8581954119329     
  -13.7877011807448       0.199037117814098        13.0572325297470     
  -13.7622043596730       0.189651743089198        13.2468842728362     
  -13.7367075386013       0.169394462651923        13.4162787354882     
  -13.7112107175295       0.141827704800534        13.5581064402887     
  -13.6857138964578       0.111312069795766        13.6694185100845     
  -13.6602170753860       8.189219666560955E-002   13.7513107067501     
  -13.6347202543143       5.647569178048544E-002   13.8077863985305     
  -13.6092234332425       3.650892195788466E-002   13.8442953204884     
  -13.5837266121708       2.212353101185608E-002   13.8664188515003     
  -13.5582297910990       1.256687728994812E-002   13.8789857287902     
  -13.5327329700272       6.691404043203108E-003   13.8856771328334     
  -13.5072361489555       3.339823198338138E-003   13.8890169560318     
  -13.4817393278837       1.562591213207672E-003   13.8905795472450     
  -13.4562425068120       6.853023740623773E-004   13.8912648496190     
  -13.4307456857402       2.817301176726086E-004   13.8915465797367     
  -13.4052488646685       1.085669580545923E-004   13.8916551466948     
  -13.3797520435967       3.921701490837177E-005   13.8916943637097     
  -13.3542552225250       1.327892555593795E-005   13.8917076426352     
  -13.3287584014532       4.214653710976676E-006   13.8917118572889     
  -13.3032615803815       1.253921616626193E-006   13.8917131112106     
  -13.2777647593097       3.496933221637425E-007   13.8917134609039     
  -13.2522679382380       9.141377212255779E-008   13.8917135523177     
  -13.2267711171662       2.239969504491974E-008   13.8917135747174     
  -13.2012742960945       5.144907468949479E-009   13.8917135798623     
  -13.1757774750227       1.107686244670997E-009   13.8917135809699     
  -13.1502806539510       2.235416857405971E-010   13.8917135811935     
  -13.1247838328792       4.228641454333222E-011   13.8917135812358     
  -13.0992870118074       7.497942177684072E-012   13.8917135812433     
  -13.0737901907357       1.246139607462228E-012   13.8917135812445     
  -13.0482933696639       1.940909378097270E-013   13.8917135812447     
  -13.0227965485922       2.832170713505870E-014   13.8917135812447     
  -12.9972997275204       3.900439321470365E-015   13.8917135812447     
  -12.9718029064487       4.557626339404078E-016   13.8917135812447     
  -12.9463060853769       6.703488758295721E-017   13.8917135812447     
  -12.9208092643052       0.000000000000000E+000   13.8917135812447     
  -12.8953124432334       0.000000000000000E+000   13.8917135812447     
  -12.8698156221617       0.000000000000000E+000   13.8917135812447     
  -12.8443188010899       0.000000000000000E+000   13.8917135812447     
  -12.8188219800182       0.000000000000000E+000   13.8917135812447     
  -12.7933251589464       0.000000000000000E+000   13.8917135812447     
  -12.7678283378747       0.000000000000000E+000   13.8917135812447     
  -12.7423315168029       0.000000000000000E+000   13.8917135812447     
  -12.7168346957312       0.000000000000000E+000   13.8917135812447     
  -12.6913378746594       0.000000000000000E+000   13.8917135812447     
  -12.6658410535876       0.000000000000000E+000   13.8917135812447     
  -12.6403442325159       0.000000000000000E+000   13.8917135812447     
  -12.6148474114441       2.184605620142026E-016   13.8917135812447     
  -12.5893505903724       1.435098171387411E-015   13.8917135812447     
  -12.5638537693006       1.141845418331775E-014   13.8917135812448     
  -12.5383569482289       8.244996620509186E-014   13.8917135812448     
  -12.5128601271571       5.575597605158105E-013   13.8917135812454     
  -12.4873633060854       3.534603343884003E-012   13.8917135812489     
  -12.4618664850136       2.100307724367433E-011   13.8917135812699     
  -12.4363696639419       1.169840102083985E-010   13.8917135813869     
  -12.4108728428701       6.107632490460882E-010   13.8917135819977     
  -12.3853760217984       2.988983249959493E-009   13.8917135849867     
  -12.3598792007266       1.371133032488793E-008   13.8917135986980     
  -12.3343823796549       5.895796328527044E-008   13.8917136576560     
  -12.3088855585831       2.376366159480748E-007   13.8917138952926     
  -12.2833887375114       8.978286164967422E-007   13.8917147931212     
  -12.2578919164396       3.179683368986112E-006   13.8917179728046     
  -12.2323950953678       1.055566899490120E-005   13.8917285284736     
  -12.2068982742961       3.284733741010748E-005   13.8917613758110     
  -12.1814014532243       9.581381217512267E-005   13.8918571896231     
  -12.1559046321526       2.619814731174659E-004   13.8921191710963     
  -12.1304078110808       6.714728758253518E-004   13.8927906439721     
  -12.1049109900091       1.613253716589690E-003   13.8944038976887     
  -12.0794141689373       3.633239274405649E-003   13.8980371369631     
  -12.0539173478656       7.670138694667950E-003   13.9057072756577     
  -12.0284205267938       1.517857620433359E-002   13.9208858518621     
  -12.0029237057221       2.815646366694945E-002   13.9490423155290     
  -11.9774268846503       4.896040837671226E-002   13.9980027239057     
  -11.9519300635786       7.980541153706422E-002   14.0778081354428     
  -11.9264332425068       0.121938406211496        14.1997465416543     
  -11.9009364214351       0.174650553042453        14.3743970946968     
  -11.8754396003633       0.234488229460458        14.6088853241572     
  -11.8499427792916       0.295116880581624        14.9040022047388     
  -11.8244459582198       0.348168282767525        15.2521704875064     
  -11.7989491371480       0.385040730513024        15.6372112180194     
  -11.7734523160763       0.399159576401623        16.0363707944210     
  -11.7479554950045       0.387890267174571        16.4242610615956     
  -11.7224586739328       0.353340673571574        16.7776017351672     
  -11.6969618528610       0.301717645910235        17.0793193810774     
  -11.6714650317893       0.241507131608586        17.3208265126860     
  -11.6459682107175       0.181209582620062        17.5020360953060     
  -11.6204713896458       0.127454163723177        17.6294902590292     
  -11.5949745685740       8.403268043066907E-002   17.7135229394599     
  -11.5694777475023       5.193538060044730E-002   17.7654583200603     
  -11.5439809264305       3.008838408139421E-002   17.7955467041417     
  -11.5184841053588       1.634008547367163E-002   17.8118867896154     
  -11.4929872842870       8.318195231137868E-003   17.8202049848465     
  -11.4674904632153       3.969379086462947E-003   17.8241743639330     
  -11.4419936421435       1.775554770635896E-003   17.8259499187036     
  -11.4164968210718       7.444978120877565E-004   17.8266944165157     
  -11.3910000000000       2.926286136932732E-004   17.8269870451294     
  -11.3655031789282       1.078390667076415E-004   17.8270948841961     
  -11.3400063578565       3.734426998898972E-005   17.8271322284661     
  -11.3145095367847       1.247768506295609E-005   17.8271447061512     
  -11.2890127157130       5.189631657009935E-006   17.8271498957828     
  -11.2635158946412       6.236889291306223E-006   17.8271561326721     
  -11.2380190735695       1.682022424901505E-005   17.8271729528964     
  -11.2125222524977       4.949275532067445E-005   17.8272224456517     
  -11.1870254314260       1.385976810725243E-004   17.8273610433328     
  -11.1615286103542       3.647221785134998E-004   17.8277257655113     
  -11.1360317892825       9.009989158306819E-004   17.8286267644271     
  -11.1105349682107       2.089467410031370E-003   17.8307162318371     
  -11.0850381471390       4.549096468453360E-003   17.8352653283056     
  -11.0595413260672       9.298743566088260E-003   17.8445640718717     
  -11.0340445049955       1.784693606212239E-002   17.8624110079338     
  -11.0085476839237       3.216420239051817E-002   17.8945752103243     
  -10.9830508628520       5.443515573521679E-002   17.9490103660595     
  -10.9575540417802       8.651862461579804E-002   18.0355289906753     
  -10.9320572207084       0.129147734969247        18.1646767256446     
  -10.9065603996367       0.181063960815031        18.3457406864596     
  -10.8810635785649       0.238431353151635        18.5841720396112     
  -10.8555667574932       0.294914268445981        18.8790863080572     
  -10.8300699364214       0.342642248493410        19.2217285565506     
  -10.8045731153497       0.373944331677759        19.5956728882284     
  -10.7790762942779       0.383352867426413        19.9790257556548     
  -10.7535794732062       0.369162639198395        20.3481883948532     
  -10.7280826521344       0.333935570341649        20.6821239651949     
  -10.7025858310627       0.283746126483494        20.9658700916783     
  -10.6770890099909       0.226472137825753        21.1923422295041     
  -10.6515921889192       0.169790381398462        21.3621326109026     
  -10.6260953678474       0.119570546507447        21.4817031574100     
  -10.6005985467757       7.909618674648200E-002   21.5607993441565     
  -10.5751017257039       4.915070283932711E-002   21.6099500469958     
  -10.5496049046322       2.869434468048218E-002   21.6386443916763     
  -10.5241080835604       1.574165000434315E-002   21.6543860416806     
  -10.4986112624886       8.118231680202304E-003   21.6625042733608     
  -10.4731144414169       3.938411432925509E-003   21.6664426847938     
  -10.4476176203451       1.799340894444921E-003   21.6682420256882     
  -10.4221207992734       7.755742157693782E-004   21.6690175999040     
  -10.3966239782016       3.162922745912730E-004   21.6693338921786     
  -10.3711271571299       1.225730732497112E-004   21.6694564652518     
  -10.3456303360581       4.542334572030449E-005   21.6695018885975     
  -10.3201335149864       1.623417071315849E-005   21.6695181227683     
  -10.2946366939146       5.653197301871478E-006   21.6695237759656     
  -10.2691398728429       1.938023131418688E-006   21.6695257139887     
  -10.2436430517711       6.590793838316750E-007   21.6695263730681     
  -10.2181462306994       2.228414685873874E-007   21.6695265959095     
  -10.1926494096276       7.467370744764313E-008   21.6695266705833     
  -10.1671525885559       2.493002457221786E-008   21.6695266955133     
  -10.1416557674841       9.613590367818529E-009   21.6695267051269     
  -10.1161589464124       9.284816104742330E-009   21.6695267144117     
  -10.0906621253406       2.531724383472997E-008   21.6695267397289     
  -10.0651653042688       8.263843332305419E-008   21.6695268223674     
  -10.0396684831971       2.590318326503391E-007   21.6695270813992     
  -10.0141716621253       7.632435904758214E-007   21.6695278446428     
  -9.98867484105359       2.110663948535178E-006   21.6695299553067     
  -9.96317801998183       5.478734963463660E-006   21.6695354340417     
  -9.93768119891008       1.335431620383194E-005   21.6695487883579     
  -9.91218437783833       3.058534139816001E-005   21.6695793736993     
  -9.88668755676658       6.588291270865882E-005   21.6696452566120     
  -9.86119073569482       1.336767600341075E-004   21.6697789333720     
  -9.83569391462307       2.560942904262453E-004   21.6700350276625     
  -9.81019709355132       4.649792148324306E-004   21.6705000068773     
  -9.78470027247956       8.047349911550704E-004   21.6713047418685     
  -9.75920345140781       1.338755092777120E-003   21.6726434969612     
  -9.73370663033606       2.165036006517875E-003   21.6748085329677     
  -9.70820980926431       3.448614585199555E-003   21.6782571475529     
  -9.68271298819255       5.476329520537362E-003   21.6837334770735     
  -9.65721616712080       8.728931977047530E-003   21.6924624090505     
  -9.63171934604905       1.394499164839581E-002   21.7064074006989     
  -9.60622252497729       2.212556094209314E-002   21.7285329616410     
  -9.58072570390554       3.441336565618902E-002   21.7629463272972     
  -9.55522888283379       5.179715683155414E-002   21.8147434841288     
  -9.52973206176203       7.465612873729915E-002   21.8893996128661     
  -9.50423524069028       0.102261296172347        21.9916609090384     
  -9.47873841961853       0.132444997043553        22.1241059060820     
  -9.45324159854678       0.161668431520018        22.2857743376020     
  -9.42774477747502       0.185611066203699        22.4713854038057     
  -9.40224795640327       0.200190923588570        22.6715763273942     
  -9.37675113533152       0.202696983326920        22.8742733107212     
  -9.35125431425976       0.192605719399451        23.0668790301206     
  -9.32575749318801       0.171746778140632        23.2386258082613     
  -9.30026067211626       0.143748054679986        23.3823738629412     
  -9.27476385104450       0.112992254401402        23.4953661173426     
  -9.24926702997275       8.349680764759133E-002   23.5788629249902     
  -9.22377020890100       5.810472092758315E-002   23.6369676459178     
  -9.19827338782925       3.818417440036076E-002   23.6751518203182     
  -9.17277656675749       2.380030608955340E-002   23.6989521264077     
  -9.14727974568574       1.416291794805111E-002   23.7131150443558     
  -9.12178292461399       8.120511928836069E-003   23.7212355562846     
  -9.09628610354223       4.538720954550662E-003   23.7257742772392     
  -9.07078928247048       2.504890559143919E-003   23.7282791677983     
  -9.04529246139873       1.382981505550936E-003   23.7296621493039     
  -9.01979564032698       7.800241549783557E-004   23.7304421734588     
  -8.99429881925522       4.838452376138128E-004   23.7309260186965     
  -8.96880199818347       4.120133581984841E-004   23.7313380320547     
  -8.94330517711172       5.914501663355739E-004   23.7319294822210     
  -8.91780835603996       1.174384273597461E-003   23.7331038664946     
  -8.89231153496821       2.487567173669484E-003   23.7355914336683     
  -8.86681471389646       5.101998355314158E-003   23.7406934320236     
  -8.84131789282470       9.895476901030249E-003   23.7505889089246     
  -8.81582107175295       1.806231983759702E-002   23.7686512287622     
  -8.79032425068120       3.101459617793808E-002   23.7996658249401     
  -8.76482742960945       5.013360250033852E-002   23.8497994274405     
  -8.73933060853769       7.637980494193045E-002   23.9261792323824     
  -8.71383378746594       0.109844901103687        24.0360241334861     
  -8.68833696639419       0.149395853590649        24.1854199870767     
  -8.66284014532243       0.192570793922271        24.3779907809990     
  -8.63734332425068       0.235814767426713        24.6138055484257     
  -8.61184650317893       0.275013824696898        24.8888193731226     
  -8.58634968210718       0.306169260351530        25.1949886334742     
  -8.56085286103542       0.326020043692137        25.5210086771663     
  -8.53535603996367       0.332484836942680        25.8534935141090     
  -8.50985921889191       0.324898384901734        26.1783918990107     
  -8.48436239782016       0.304078822597123        26.4824707216078     
  -8.45886557674841       0.272247720978063        26.7547184425859     
  -8.43336875567666       0.232775310232436        26.9874937528183     
  -8.40787193460491       0.189715678402465        27.1772094312208     
  -8.38237511353315       0.147166539339818        27.3243759705606     
  -8.35687829246140       0.108593793111404        27.4329697636720     
  -8.33138147138964       7.631925036953957E-002   27.5092890140416     
  -8.30588465031789       5.132763316509584E-002   27.5606166472066     
  -8.28038782924614       3.342609811161582E-002   27.5940427453183     
  -8.25489100817439       2.165852523828459E-002   27.6157012705565     
  -8.22939418710263       1.480558942188798E-002   27.6305068599784     
  -8.20389736603088       1.181022550834150E-002   27.6423170854868     
  -8.17840054495913       1.202847540788198E-002   27.6543455608947     
  -8.15290372388737       1.527398874098185E-002   27.6696195496356     
  -8.12740690281562       2.167403170771528E-002   27.6912935813434     
  -8.10191008174387       3.138681429313034E-002   27.7226803956365     
  -8.07641326067212       4.425904982386419E-002   27.7669394454603     
  -8.05091643960036       5.953439068756584E-002   27.8264738361479     
  -8.02541961852861       7.574121925360046E-002   27.9022150554015     
  -7.99992279745686       9.086245494845006E-002   27.9930775103500     
  -7.97442597638510       0.102803420233474        28.0958809305834     
  -7.94892915531335       0.110045801603335        28.2059267321868     
  -7.92343233424160       0.112262765092374        28.3181894972791     
  -7.89793551316984       0.110636538331991        28.4288260356111     
  -7.87243869209809       0.107696513796896        28.5365225494080     
  -7.84694187102634       0.106659560802855        28.6431821102109     
  -7.82144504995459       0.110439539949878        28.7536216501608     
  -7.79594822888283       0.120628957666225        28.8742506078270     
  -7.77045140781108       0.136795202800005        29.0110458106270     
  -7.74495458673933       0.156361652412780        29.1674074630398     
  -7.71945776566757       0.175172529793108        29.3425799928329     
  -7.69396094459582       0.188610870564490        29.5311908633974     
  -7.66846412352407       0.192925677782404        29.7241165411798     
  -7.64296730245232       0.186320630092427        29.9104371712722     
  -7.61747048138056       0.169429177503512        30.0798663487757     
  -7.59197366030881       0.145036743978202        30.2249030927539     
  -7.56647683923706       0.117205467626275        30.3421085603802     
  -7.54098001816530       9.016638983720356E-002   30.4322749502174     
  -7.51548319709355       6.737196746747860E-002   30.4996469176849     
  -7.48998637602180       5.095784344681366E-002   30.5506047611317     
  -7.46448955495005       4.164824680571839E-002   30.5922530079374     
  -7.43899273387829       3.897463147483061E-002   30.6312276394122     
  -7.41349591280654       4.162749172162986E-002   30.6728551311339     
  -7.38799909173479       4.781101863270065E-002   30.7206661497666     
  -7.36250227066303       5.555299496409125E-002   30.7762191447307     
  -7.33700544959128       6.297536855550073E-002   30.8391945132862     
  -7.31150862851953       6.853312760111181E-002   30.9077276408873     
  -7.28601180744777       7.120196852394979E-002   30.9789296094112     
  -7.26051498637602       7.057605429448209E-002   31.0495056637057     
  -7.23501816530427       6.684824793769692E-002   31.1163539116434     
  -7.20952134423252       6.068093664477080E-002   31.1770348482882     
  -7.18402452316076       5.301167115514728E-002   31.2300465194433     
  -7.15852770208901       4.485193274844206E-002   31.2748984521918     
  -7.13303088101726       3.712409281808521E-002   31.3120225450099     
  -7.10753405994550       3.055353519981845E-002   31.3425760802097     
  -7.08203723887375       2.560910573790951E-002   31.3681851859476     
  -7.05654041780200       2.247808383051522E-002   31.3906632697781     
  -7.03104359673025       2.107097925273389E-002   31.4117342490308     
  -7.00554677565849       2.106493599290888E-002   31.4327991850237     
  -6.98004995458674       2.199815489284868E-002   31.4547973399166     
  -6.95455313351498       2.341403286328307E-002   31.4782113727799     
  -6.92905631244323       2.502709133890666E-002   31.5032384641188     
  -6.90355949137148       2.685810785028564E-002   31.5300965719691     
  -6.87806267029973       2.928082766054237E-002   31.5593773996296     
  -6.85256584922798       3.294747033893872E-002   31.5923248699685     
  -6.82706902815622       3.861021432246546E-002   31.6309350842910     
  -6.80157220708447       4.691013847288595E-002   31.6778452227639     
  -6.77607538601271       5.823371850514932E-002   31.7360789412690     
  -6.75057856494096       7.271446598238919E-002   31.8087934072514     
  -6.72508174386921       9.037972792215611E-002   31.8991731351736     
  -6.69958492279746       0.111339827602659        32.0105129627762     
  -6.67408810172570       0.135847969933887        32.1463609327101     
  -6.64859128065395       0.164085501683259        32.3104464343934     
  -6.62309445958220       0.195666982518679        32.5061134169121     
  -6.59759763851044       0.229058509546072        32.7351719264581     
  -6.57210081743869       0.261245504566980        32.9964174310251     
  -6.54660399636694       0.287960313912846        33.2843777449380     
  -6.52110717529519       0.304557065213333        33.5889348101513     
  -6.49561035422343       0.307296560742570        33.8962313708939     
  -6.47011353315168       0.294554966319423        34.1907863372133     
  -6.44461671207993       0.267449776114963        34.4582361133283     
  -6.41911989100818       0.229612041559699        34.6878481548880     
  -6.39362306993642       0.186202805581820        34.8740509604698     
  -6.36812624886467       0.142577486950708        35.0166284474205     
  -6.34262942779291       0.103095407006177        35.1197238544267     
  -6.31713260672116       7.043439541582200E-002   35.1901582498425     
  -6.29163578564941       4.550797045058994E-002   35.2356662202931     
  -6.26613896457766       2.784330604827905E-002   35.2635095263414     
  -6.24064214350591       1.616289552976142E-002   35.2796724218711     
  -6.21514532243415       8.933708435489256E-003   35.2886061303066     
  -6.18964850136240       4.748867707652957E-003   35.2933549980143     
  -6.16415168029064       2.516014221397547E-003   35.2958710122357     
  -6.13865485921889       1.496405106536680E-003   35.2973674173422     
  -6.11315803814714       1.259580837135300E-003   35.2986269981793     
  -6.08766121707539       1.605644708028332E-003   35.3002326428874     
  -6.06216439600363       2.482977296893985E-003   35.3027156201843     
  -6.03666757493188       3.909864020284706E-003   35.3066254842046     
  -6.01117075386013       5.900901603230990E-003   35.3125263858078     
  -5.98567393278837       8.402118866535444E-003   35.3209285046743     
  -5.96017711171662       1.124639379071116E-002   35.3321748984650     
  -5.93468029064487       1.414490920856815E-002   35.3463198076736     
  -5.90918346957312       1.672486268200395E-002   35.3630446703556     
  -5.88368664850136       1.860802727823381E-002   35.3816526976338     
  -5.85818982742961       1.950597329014336E-002   35.4011586709240     
  -5.83269300635786       1.929685947738778E-002   35.4204555304014     
  -5.80719618528610       1.805382046498062E-002   35.4385093508663     
  -5.78169936421435       1.601510982477966E-002   35.4545244606911     
  -5.75620254314260       1.351088362541417E-002   35.4680353443165     
  -5.73070572207084       1.087753923942690E-002   35.4789128835560     
  -5.70520890099909       8.390382764616658E-003   35.4873032663206     
  -5.67971207992734       6.231668234738559E-003   35.4935349345553     
  -5.65421525885559       4.493375086405583E-003   35.4980283096417     
  -5.62871843778383       3.201978960995907E-003   35.5012302886027     
  -5.60322161671208       2.349730524071691E-003   35.5035800191268     
  -5.57772479564033       1.921225083338080E-003   35.5055012442101     
  -5.55222797456857       1.910388417024623E-003   35.5074116326272     
  -5.52673115349682       2.327897412675966E-003   35.5097395300398     
  -5.50123433242507       3.201935520414840E-003   35.5129414655602     
  -5.47573751135332       4.577338475505400E-003   35.5175188040358     
  -5.45024069028156       6.520506827212624E-003   35.5240393108630     
  -5.42474386920981       9.138731414922049E-003   35.5331780422779     
  -5.39924704813806       1.261930665817787E-002   35.5457973489361     
  -5.37375022706630       1.728217634230837E-002   35.5630795252784     
  -5.34825340599455       2.361972656816747E-002   35.5866992518465     
  -5.32275658492280       3.227662195202940E-002   35.6189758737986     
  -5.29725976385105       4.391795975934447E-002   35.6628938335579     
  -5.27176294277929       5.896361983783587E-002   35.7218574533958     
  -5.24626612170754       7.723487255943716E-002   35.7990923259552     
  -5.22076930063579       9.764245776516446E-002   35.8967347837204     
  -5.19527247956403       0.118093400421439        36.0148281841418     
  -5.16977565849228       0.135756113622508        36.1505842977643     
  -5.14427883742053       0.147688303179691        36.2982726009440     
  -5.11878201634877       0.151651960495461        36.4499245614395     
  -5.09328519527702       0.146812346830073        36.5967369082695     
  -5.06778837420527       0.134028795537964        36.7307657038075     
  -5.04229155313352       0.115605885498903        36.8463715893064     
  -5.01679473206176       9.460525543666159E-002   36.9409768447431     
  -4.99129791099001       7.399801207753395E-002   37.0149748568206     
  -4.96580108991825       5.597535749839021E-002   37.0709502143190     
  -4.94030426884650       4.162634670952752E-002   37.1125765610285     
  -4.91480744777475       3.101086850467872E-002   37.1435874295332     
  -4.88931062670300       2.350142481056141E-002   37.1670888543437     
  -4.86381380563125       1.820295574293911E-002   37.1852918100867     
  -4.83831698455949       1.428995509030948E-002   37.1995817651770     
  -4.81282016348774       1.118341553604032E-002   37.2107651807130     
  -4.78732334241598       8.574630996575228E-003   37.2193398117096     
  -4.76182652134423       6.353710961773207E-003   37.2256935226714     
  -4.73632970027248       4.509988233508913E-003   37.2302035109049     
  -4.71083287920073       3.051895484346594E-003   37.2332554063892     
  -4.68533605812897       1.964965520882777E-003   37.2352203719101     
  -4.65983923705722       1.203793827223528E-003   37.2364241657373     
  -4.63434241598547       7.034179541698659E-004   37.2371275836915     
  -4.60884559491371       3.959975105287295E-004   37.2375235812020     
  -4.58334877384196       2.245876564773008E-004   37.2377481688585     
  -4.55785195277021       1.522041656556590E-004   37.2379003730242     
  -4.53235513169846       1.686499769941791E-004   37.2380690230012     
  -4.50685831062670       2.993179019269377E-004   37.2383683409031     
  -4.48136148955495       6.200696254970599E-004   37.2389884105286     
  -4.45586466848320       1.280951866068223E-003   37.2402693623947     
  -4.43036784741144       2.539057640499140E-003   37.2428084200352     
  -4.40487102633969       4.796887668016392E-003   37.2476053077032     
  -4.37937420526794       8.636505338342756E-003   37.2562418130415     
  -4.35387738419618       1.483133075549652E-002   37.2710731437970     
  -4.32838056312443       2.430786161688653E-002   37.2953810054139     
  -4.30288374205268       3.802371292864036E-002   37.3334047183425     
  -4.27738692098093       5.673555636869877E-002   37.3901402747112     
  -4.25189009990917       8.066196858123997E-002   37.4708022432925     
  -4.22639327883742       0.109105338069554        37.5799075813620     
  -4.20089645776567       0.140167133070535        37.7200747144326     
  -4.17539963669391       0.170731014178321        37.8908057286109     
  -4.14990281562216       0.196849993407587        38.0876557220185     
  -4.12440599455041       0.214537580118482        38.3021933021370     
  -4.09890917347866       0.220770611255354        38.5229639133923     
  -4.07341235240690       0.214361929187879        38.7373258425802     
  -4.04791553133515       0.196355388954524        38.9336812315347     
  -4.02241871026340       0.169764520563678        39.1034457520984     
  -3.99692188919164       0.138745126646216        39.2421908787446     
  -3.97142506811989       0.107520428057815        39.3497113068024     
  -3.94592824704814       7.944724742522853E-002   39.4291585542277     
  -3.92043142597639       5.650178891415569E-002   39.4856603431418     
  -3.89493460490463       3.925333384739951E-002   39.5249136769892     
  -3.86943778383288       2.720238393133322E-002   39.5521160609205     
  -3.84394096276113       1.926903321022385E-002   39.5713850941308     
  -3.81844414168937       1.423779534407373E-002   39.5856228894748     
  -3.79294732061762       1.105080388153025E-002   39.5966736933564     
  -3.76745049954587       8.932960248419788E-003   39.6056066536048     
  -3.74195367847411       7.391821711047908E-003   39.6129984753158     
  -3.71645685740236       6.153444347042283E-003   39.6191519196629     
  -3.69096003633061       5.084795267192074E-003   39.6242367149301     
  -3.66546321525886       4.131090465146336E-003   39.6283678053952     
  -3.63996639418710       3.275929483208221E-003   39.6316437348784     
  -3.61446957311535       2.519849608355731E-003   39.6341635844868     
  -3.58897275204360       1.869349035888621E-003   39.6360329335227     
  -3.56347593097184       1.330415853686103E-003   39.6373633493764     
  -3.53797910990009       9.041717235372499E-004   39.6382675210999     
  -3.51248228882834       5.846248262596922E-004   39.6388521459262     
  -3.48698546775659       3.589708934565119E-004   39.6392111168196     
  -3.46148864668483       2.101536060278397E-004   39.6394212704256     
  -3.43599182561308       1.206595718056627E-004   39.6395419299974     
  -3.41049500454132       7.643189859083525E-005   39.6396183618960     
  -3.38499818346957       7.025570415881414E-005   39.6396886176002     
  -3.35950136239782       1.044888326293172E-004   39.6397931064328     
  -3.33400454132607       1.930963255240399E-004   39.6399862027584     
  -3.30850772025432       3.624418375382693E-004   39.6403486445959     
  -3.28301089918256       6.494738689482890E-004   39.6409981184648     
  -3.25751407811081       1.095483476495401E-003   39.6420936019413     
  -3.23201725703905       1.734306570553603E-003   39.6438279085119     
  -3.20652043596730       2.576151179959890E-003   39.6464040596918     
  -3.18102361489555       3.591646813409499E-003   39.6499957065053     
  -3.15552679382380       4.703513038224266E-003   39.6546992195435     
  -3.13002997275204       5.793074678641280E-003   39.6604922942221     
  -3.10453315168029       6.724255282685176E-003   39.6672165495048     
  -3.07903633060854       7.379707540542337E-003   39.6745962570454     
  -3.05353950953678       7.696236247387034E-003   39.6822924932927     
  -3.02804268846503       7.684430969962063E-003   39.6899769242627     
  -3.00254586739328       7.422995373422382E-003   39.6973999196361     
  -2.97704904632153       7.029613247596402E-003   39.7044295328837     
  -2.95155222524977       6.621331139956312E-003   39.7110508640237     
  -2.92605540417802       6.281930789673440E-003   39.7173327948133     
  -2.90055858310627       6.048924634280438E-003   39.7233817194476     
  -2.87506176203451       5.921570422881871E-003   39.7293032898705     
  -2.84956494096276       5.880424075026580E-003   39.7351837139455     
  -2.82406811989101       5.904755801071825E-003   39.7410884697466     
  -2.79857129881925       5.978664506412305E-003   39.7470671342530     
  -2.77307447774750       6.086635625300875E-003   39.7531537698783     
  -2.74757765667575       6.208278676519277E-003   39.7593620485548     
  -2.72208083560400       6.324732812218188E-003   39.7656867813671     
  -2.69658401453224       6.444519615485887E-003   39.7721313009825     
  -2.67108719346049       6.647569483757360E-003   39.7787788704663     
  -2.64559037238874       7.137554158411122E-003   39.7859164246247     
  -2.62009355131698       8.287439329943939E-003   39.7942038639546     
  -2.59459673024523       1.066065042404089E-002   39.8048645143787     
  -2.56909990917348       1.498798566751922E-002   39.8198525000462     
  -2.54360308810173       2.207860182883096E-002   39.8419311018750     
  -2.51810626702997       3.264808637463461E-002   39.8745791882497     
  -2.49260944595822       4.706748631590452E-002   39.9216466745656     
  -2.46711262488647       6.507853106278105E-002   39.9867252056284     
  -2.44161580381471       8.557042380294853E-002   40.0722956294313     
  -2.41611898274296       0.106542233865507        40.1788378632968     
  -2.39062216167121       0.125347450210524        40.3041853135073     
  -2.36512534059946       0.139221619699301        40.4434069332066     
  -2.33962851952770       0.145962054674281        40.5893689878809     
  -2.31413169845595       0.144529379848890        40.7338983677298     
  -2.28863487738420       0.135340756430493        40.8692391241603     
  -2.26313805631244       0.120139460207509        40.9893785843678     
  -2.23764123524069       0.101500440541835        41.0908790249096     
  -2.21214441416894       8.217249003993539E-002   41.1730515149496     
  -2.18664759309718       6.449244640308568E-002   41.2375439613527     
  -2.16115077202543       5.003076721950185E-002   41.2875747285722     
  -2.13565395095368       3.950037427951666E-002   41.3270751028517     
  -2.11015712988193       3.285905611730687E-002   41.3599341589690     
  -2.08466030881017       2.950366887204718E-002   41.3894378278410     
  -2.05916348773842       2.848277749977634E-002   41.4179206053408     
  -2.03366666666667       2.870081972350001E-002   41.4466214250643     
  -2.00816984559491       2.911226006643517E-002   41.4757336851308     
  -1.98267302452316       2.889790658994141E-002   41.5046315917207     
  -1.95717620345141       2.759514856616509E-002   41.5322267402869     
  -1.93167938237966       2.514559336036008E-002   41.5573723336472     
  -1.90618256130790       2.184101396806912E-002   41.5792133476153     
  -1.88068574023615       1.818408580330508E-002   41.5973974334186     
  -1.85518891916439       1.471307399823929E-002   41.6121105074168     
  -1.82969209809264       1.185073790618957E-002   41.6239612453230     
  -1.80419527702089       9.822537181749779E-003   41.6337837825048     
  -1.77869845594914       8.657567203634083E-003   41.6424413497084     
  -1.75320163487739       8.253481054107708E-003   41.6506948307625     
  -1.72770481380563       8.466598482320691E-003   41.6591614292448     
  -1.70220799273388       9.185377576316815E-003   41.6683468068211     
  -1.67671117166213       1.035773904543936E-002   41.6787045458666     
  -1.65121435059037       1.196494240065610E-002   41.6906694882672     
  -1.62571752951862       1.395922886290670E-002   41.7046287171301     
  -1.60022070844687       1.620026183083909E-002   41.7208289789610     
  -1.57472388737511       1.842822968327079E-002   41.7392572086443     
  -1.54922706630336       2.029602451762694E-002   41.7595532331619     
  -1.52373024523161       2.145463239249639E-002   41.7810078655544     
  -1.49823342415986       2.165828924057844E-002   41.8026661547950     
  -1.47273660308810       2.084400942115544E-002   41.8235101642161     
  -1.44723978201635       1.915096355379086E-002   41.8426611277699     
  -1.42174296094460       1.687311675726012E-002   41.8595342445272     
  -1.39624613987284       1.436806888290248E-002   41.8739023134101     
  -1.37074931880109       1.196077133808135E-002   41.8858630847482     
  -1.34525249772934       9.876723115712702E-003   41.8957398078639     
  -1.31975567665759       8.221004423853593E-003   41.9039608122877     
  -1.29425885558583       6.998817265075220E-003   41.9109596295528     
  -1.26876203451408       6.159727153378411E-003   41.9171193567062     
  -1.24326521344232       5.644519318707406E-003   41.9227638760249     
  -1.21776839237057       5.417861581377946E-003   41.9281817376063     
  -1.19227157129882       5.477632253744463E-003   41.9336593698600     
  -1.16677475022707       5.840134519850089E-003   41.9394995043799     
  -1.14127792915532       6.508381591439269E-003   41.9460078859713     
  -1.11578110808356       7.437073667313741E-003   41.9534449596386     
  -1.09028428701181       8.510634435998173E-003   41.9619555940746     
  -1.06478746594005       9.547411162791919E-003   41.9715030052374     
  -1.03929064486830       1.033352133834221E-002   41.9818365265757     
  -1.01379382379655       1.067699055690628E-002   41.9925135171326     
 -0.988297002724796       1.046266832269492E-002   42.0029761854553     
 -0.962800181653044       9.686527602446043E-003   42.0126627130578     
 -0.937303360581289       8.456049174081694E-003   42.0211187622319     
 -0.911806539509538       6.957715200961681E-003   42.0280764774328     
 -0.886309718437783       5.405907146675313E-003   42.0334823845795     
 -0.860812897366031       3.993209056822876E-003   42.0374755936363     
 -0.835316076294276       2.858279160405666E-003   42.0403338727967     
 -0.809819255222525       2.077327597396385E-003   42.0424112003941     
 -0.784322434150774       1.674769334792832E-003   42.0440859697289     
 -0.758825613079019       1.642712977497413E-003   42.0457286827064     
 -0.733328792007267       1.959073980477159E-003   42.0476877566869     
 -0.707831970935512       2.598380101967876E-003   42.0502861367889     
 -0.682335149863761       3.534391320224965E-003   42.0538205281091     
 -0.656838328792009       4.736804118748147E-003   42.0585573322278     
 -0.631341507720254       6.164863513450757E-003   42.0647221957413     
 -0.605844686648503       7.759901362451129E-003   42.0724820971037     
 -0.580347865576748       9.438553324096974E-003   42.0819206504278     
 -0.554851044504996       1.108953670595088E-002   42.0930101871338     
 -0.529354223433241       1.257825174503160E-002   42.1055884388788     
 -0.503857402361490       1.376269318858121E-002   42.1193511320674     
 -0.478360581289738       1.451979354286959E-002   42.1338709256103     
 -0.452863760217983       1.477490375696831E-002   42.1486458293672     
 -0.427366939146232       1.452287175786085E-002   42.1631687011251     
 -0.401870118074477       1.383102667395422E-002   42.1769997277990     
 -0.376373297002726       1.282243080755806E-002   42.1898221586066     
 -0.350876475930971       1.164742555355427E-002   42.2014695841602     
 -0.325379654859219       1.045641818539215E-002   42.2119260023455     
 -0.299882833787468       9.383650390088559E-003   42.2213096527356     
 -0.274386012715713       8.542636701000108E-003   42.2298522894366     
 -0.248889191643961       8.025443106026105E-003   42.2378777325427     
 -0.223392370572206       7.895915174347302E-003   42.2457736477170     
 -0.197895549500455       8.172783887493025E-003   42.2539464316045     
 -0.172398728428700       8.808462100290713E-003   42.2627548937048     
 -0.146901907356948       9.676886386076410E-003   42.2724317800909     
 -0.121405086285197       1.058386360042120E-002   42.2830156436913     
 -9.590826521344198E-002  1.130508435330429E-002   42.2943207280446     
 -7.041144414169054E-002  1.164393205649901E-002   42.3059646601011     
 -4.491462306993554E-002  1.148994933777503E-002   42.3174546094389     
 -1.941780199818410E-002  1.085542200451653E-002   42.3283100314434     
  6.079019073570890E-003  9.874446424121133E-003   42.3381844778675     
  3.157584014532233E-002  8.763310715215416E-003   42.3469477885827     
  5.707266121707377E-002  7.756384275203341E-003   42.3547041728579     
  8.256948228882877E-002  7.040928803848125E-003   42.3617451016618     
  0.108066303360580       6.713515925618006E-003   42.3684586175874     
  0.133563124432335       6.771056372965711E-003   42.3752296739604     
  0.159059945504087       7.135497046790830E-003   42.3823651710072     
  0.184556766575842       7.698826689682432E-003   42.3900639976968     
  0.210053587647593       8.368692516949204E-003   42.3984326902138     
  0.235550408719345       9.096613462424996E-003   42.4075293036762     
  0.261047229791100       9.879455001214583E-003   42.4174087586774     
  0.286544050862851       1.073689475733544E-002   42.4281456534348     
  0.312040871934606       1.167803046765519E-002   42.4398236839024     
  0.337537693006357       1.267451298500026E-002   42.4524981968874     
  0.363034514078109       1.365360265586842E-002   42.4661517995433     
  0.388531335149864       1.451409007405773E-002   42.4806658896173     
  0.414028156221615       1.515620231592574E-002   42.4958220919333     
  0.439524977293370       1.550966330130876E-002   42.5113317552346     
  0.465021798365122       1.554599419123730E-002   42.5268777494258     
  0.490518619436877       1.527100177792443E-002   42.5421487512037     
  0.516015440508628       1.470532576040200E-002   42.5568540769642     
  0.541512261580380       1.386742254289199E-002   42.5707214995070     
  0.567009082652135       1.277034884334737E-002   42.5834918483504     
  0.592505903723886       1.143343798402290E-002   42.5949252863344     
  0.618002724795641       9.899554001253764E-003   42.6048248403357     
  0.643499545867392       8.244933783325714E-003   42.6130697741190     
  0.668996366939147       6.573535511473980E-003   42.6196433096305     
  0.694493188010899       4.997314718574310E-003   42.6246406243490     
  0.719990009082650       3.611533258386816E-003   42.6282521576074     
  0.745486830154405       2.475833800333237E-003   42.6307279914078     
  0.770983651226157       1.607614450468381E-003   42.6323356058582     
  0.796480472297912       9.877639336186030E-004   42.6333233697918     
  0.821977293369663       5.739503930951565E-004   42.6338973201849     
  0.847474114441418       3.152744553687140E-004   42.6342125946403     
  0.872970935513170       1.636820677764654E-004   42.6343762767081     
  0.898467756584921       8.030543454832904E-005   42.6344565821426     
  0.923964577656676       3.722711809745090E-005   42.6344938092607     
  0.949461398728427       1.630321378537130E-005   42.6345101124745     
  0.974958219800182       6.743647361575773E-006   42.6345168561219     
   1.00045504087193       2.633952767912593E-006   42.6345194900746     
   1.02595186194369       9.711154747123013E-007   42.6345204611901     
   1.05144868301544       3.378459758449123E-007   42.6345207990361     
   1.07694550408719       1.108582926189599E-007   42.6345209098944     
   1.10244232515895       3.429435188334555E-008   42.6345209441887     
   1.12793914623070       9.997193232972139E-009   42.6345209541859     
   1.15343596730245       2.744915584759026E-009   42.6345209569309     
   1.17893278837420       7.095333880668277E-010   42.6345209576404     
   1.20442960944596       1.725894893577926E-010   42.6345209578130     
   1.22992643051771       3.948830433421808E-011   42.6345209578525     
   1.25542325158946       8.494985648676229E-012   42.6345209578610     
   1.28092007266122       1.717660613191884E-012   42.6345209578627     
   1.30641689373297       3.263245097189180E-013   42.6345209578630     
   1.33191371480472       5.823168986429170E-014   42.6345209578631     
   1.35741053587648       9.757715541578423E-015   42.6345209578631     
   1.38290735694823       1.533808812302290E-015   42.6345209578631     
   1.40840417801998       2.261551662434995E-016   42.6345209578631     
   1.43390099909173       3.127622153091708E-017   42.6345209578631     
   1.45939782016349       4.010796168868609E-018   42.6345209578631     
   1.48489464123524       5.433651597407190E-019   42.6345209578631     
   1.51039146230699       0.000000000000000E+000   42.6345209578631     
   1.53588828337875       0.000000000000000E+000   42.6345209578631     
   1.56138510445050       0.000000000000000E+000   42.6345209578631     
   1.58688192552225       0.000000000000000E+000   42.6345209578631     
   1.61237874659400       0.000000000000000E+000   42.6345209578631     
   1.63787556766576       0.000000000000000E+000   42.6345209578631     
   1.66337238873751       0.000000000000000E+000   42.6345209578631     
   1.68886920980927       0.000000000000000E+000   42.6345209578631     
   1.71436603088102       0.000000000000000E+000   42.6345209578631     
   1.73986285195277       0.000000000000000E+000   42.6345209578631     
   1.76535967302452       0.000000000000000E+000   42.6345209578631     
   1.79085649409627       0.000000000000000E+000   42.6345209578631     
   1.81635331516803       0.000000000000000E+000   42.6345209578631     
   1.84185013623978       0.000000000000000E+000   42.6345209578631     
   1.86734695731154       0.000000000000000E+000   42.6345209578631     
   1.89284377838329       0.000000000000000E+000   42.6345209578631     
   1.91834059945504       0.000000000000000E+000   42.6345209578631     
   1.94383742052679       0.000000000000000E+000   42.6345209578631     
   1.96933424159855       0.000000000000000E+000   42.6345209578631     
   1.99483106267030       0.000000000000000E+000   42.6345209578631     
   2.02032788374205       0.000000000000000E+000   42.6345209578631     
   2.04582470481381       0.000000000000000E+000   42.6345209578631     
   2.07132152588556       0.000000000000000E+000   42.6345209578631     
   2.09681834695731       0.000000000000000E+000   42.6345209578631     
   2.12231516802906       0.000000000000000E+000   42.6345209578631     
   2.14781198910082       0.000000000000000E+000   42.6345209578631     
   2.17330881017257       0.000000000000000E+000   42.6345209578631     
   2.19880563124432       0.000000000000000E+000   42.6345209578631     
   2.22430245231607       0.000000000000000E+000   42.6345209578631     
   2.24979927338783       0.000000000000000E+000   42.6345209578631     
   2.27529609445958       0.000000000000000E+000   42.6345209578631     
   2.30079291553134       0.000000000000000E+000   42.6345209578631     
   2.32628973660309       0.000000000000000E+000   42.6345209578631     
   2.35178655767484       0.000000000000000E+000   42.6345209578631     
   2.37728337874659       0.000000000000000E+000   42.6345209578631     
   2.40278019981834       0.000000000000000E+000   42.6345209578631     
   2.42827702089010       0.000000000000000E+000   42.6345209578631     
   2.45377384196185       0.000000000000000E+000   42.6345209578631     
   2.47927066303361       0.000000000000000E+000   42.6345209578631     
   2.50476748410536       0.000000000000000E+000   42.6345209578631     
   2.53026430517711       0.000000000000000E+000   42.6345209578631     
   2.55576112624886       0.000000000000000E+000   42.6345209578631     
   2.58125794732062       0.000000000000000E+000   42.6345209578631     
   2.60675476839237       0.000000000000000E+000   42.6345209578631     
   2.63225158946412       0.000000000000000E+000   42.6345209578631     
