  -26.2990457739230       0.000000000000000E+000  0.000000000000000E+000
  -26.2727373217691       0.000000000000000E+000  0.000000000000000E+000
  -26.2464288696152       0.000000000000000E+000  0.000000000000000E+000
  -26.2201204174613       0.000000000000000E+000  0.000000000000000E+000
  -26.1938119653074       0.000000000000000E+000  0.000000000000000E+000
  -26.1675035131535       0.000000000000000E+000  0.000000000000000E+000
  -26.1411950609996       0.000000000000000E+000  0.000000000000000E+000
  -26.1148866088457       0.000000000000000E+000  0.000000000000000E+000
  -26.0885781566918       0.000000000000000E+000  0.000000000000000E+000
  -26.0622697045378       0.000000000000000E+000  0.000000000000000E+000
  -26.0359612523839       0.000000000000000E+000  0.000000000000000E+000
  -26.0096528002300       0.000000000000000E+000  0.000000000000000E+000
  -25.9833443480761       0.000000000000000E+000  0.000000000000000E+000
  -25.9570358959222       0.000000000000000E+000  0.000000000000000E+000
  -25.9307274437683       0.000000000000000E+000  0.000000000000000E+000
  -25.9044189916144       0.000000000000000E+000  0.000000000000000E+000
  -25.8781105394605       0.000000000000000E+000  0.000000000000000E+000
  -25.8518020873066       0.000000000000000E+000  0.000000000000000E+000
  -25.8254936351526       0.000000000000000E+000  0.000000000000000E+000
  -25.7991851829987       0.000000000000000E+000  0.000000000000000E+000
  -25.7728767308448       0.000000000000000E+000  0.000000000000000E+000
  -25.7465682786909       0.000000000000000E+000  0.000000000000000E+000
  -25.7202598265370       0.000000000000000E+000  0.000000000000000E+000
  -25.6939513743831       0.000000000000000E+000  0.000000000000000E+000
  -25.6676429222292       0.000000000000000E+000  0.000000000000000E+000
  -25.6413344700753       0.000000000000000E+000  0.000000000000000E+000
  -25.6150260179214       0.000000000000000E+000  0.000000000000000E+000
  -25.5887175657674       0.000000000000000E+000  0.000000000000000E+000
  -25.5624091136135       0.000000000000000E+000  0.000000000000000E+000
  -25.5361006614596       0.000000000000000E+000  0.000000000000000E+000
  -25.5097922093057       0.000000000000000E+000  0.000000000000000E+000
  -25.4834837571518       0.000000000000000E+000  0.000000000000000E+000
  -25.4571753049979       0.000000000000000E+000  0.000000000000000E+000
  -25.4308668528440       0.000000000000000E+000  0.000000000000000E+000
  -25.4045584006901       0.000000000000000E+000  0.000000000000000E+000
  -25.3782499485362       0.000000000000000E+000  0.000000000000000E+000
  -25.3519414963822       0.000000000000000E+000  0.000000000000000E+000
  -25.3256330442283       0.000000000000000E+000  0.000000000000000E+000
  -25.2993245920744       0.000000000000000E+000  0.000000000000000E+000
  -25.2730161399205       0.000000000000000E+000  0.000000000000000E+000
  -25.2467076877666       0.000000000000000E+000  0.000000000000000E+000
  -25.2203992356127       0.000000000000000E+000  0.000000000000000E+000
  -25.1940907834588       0.000000000000000E+000  0.000000000000000E+000
  -25.1677823313049       0.000000000000000E+000  0.000000000000000E+000
  -25.1414738791510       3.325082294068217E-016  3.325082294068217E-016
  -25.1151654269970       2.550312142344900E-015  2.882820371751722E-015
  -25.0888569748431       1.999972327365299E-014  2.288254364540471E-014
  -25.0625485226892       1.475888372653914E-013  1.704713809107961E-013
  -25.0362400705353       1.018077245770507E-012  1.188548626681303E-012
  -25.0099316183814       6.557421866146291E-012  7.745970492827594E-012
  -24.9836231662275       3.944113879068957E-011  4.718710928351716E-011
  -24.9573147140736       2.215369128693022E-010  2.687240221528194E-010
  -24.9310062619197       1.162134313059004E-009  1.430858335211824E-009
  -24.9046978097658       5.693938201206496E-009  7.124796536418320E-009
  -24.8783893576119       2.605867939031095E-008  3.318347592672927E-008
  -24.8520809054579       1.114081109865060E-007  1.445915869132353E-007
  -24.8257724533040       4.449922413296055E-007  5.895838282428408E-007
  -24.7994640011501       1.660776311788902E-006  2.250360140031743E-006
  -24.7731555489962       5.792293873831281E-006  8.042654013863023E-006
  -24.7468470968423       1.888142048746863E-005  2.692407450133165E-005
  -24.7205386446884       5.753522528287043E-005  8.445929978420209E-005
  -24.6942301925345       1.639174959494974E-004  2.483767957336995E-004
  -24.6679217403806       4.367102093229005E-004  6.850870050565999E-004
  -24.6416132882267       1.088250853542917E-003  1.773337858599517E-003
  -24.6153048360727       2.537056009954384E-003  4.310393868553902E-003
  -24.5889963839188       5.534779092369254E-003  9.845172960923156E-003
  -24.5626879317649       1.130183106400402E-002  2.114700402492718E-002
  -24.5363794796110       2.160671527873272E-002  4.275371930365991E-002
  -24.5100710274571       3.868438533905847E-002  8.143810464271838E-002
  -24.4837625753032       6.487923796539953E-002  0.146317342608118     
  -24.4574541231493       0.101956065084805       0.248273407692923     
  -24.4311456709954       0.150164518330238       0.398437926023161     
  -24.4048372188415       0.207334096670934       0.605772022694096     
  -24.3785287666875       0.268420101003808       0.874192123697904     
  -24.3522203145336       0.325895711228707        1.20008783492661     
  -24.3259118623797       0.371128159999039        1.57121599492565     
  -24.2996034102258       0.396455892312147        1.96767188723780     
  -24.2732949580719       0.397297333802008        2.36496922103981     
  -24.2469865059180       0.373499006487820        2.73846822752762     
  -24.2206780537641       0.329380963485284        3.06784919101291     
  -24.1943696016102       0.272461212301817        3.34031040331473     
  -24.1680611494563       0.211373745374950        3.55168414868968     
  -24.1417526973023       0.153767234370613        3.70545138306029     
  -24.1154442451484       0.104870895429470        3.81032227848976     
  -24.0891357929945       6.703864390421908E-002   3.87736092239398     
  -24.0628273408406       4.015751551425442E-002   3.91751843790823     
  -24.0365188886867       2.253547436260167E-002   3.94005391227083     
  -24.0102104365328       1.184429031216367E-002   3.95189820258300     
  -23.9839019843789       5.828782731499381E-003   3.95772698531450     
  -23.9575935322250       2.685091456128448E-003   3.96041207677062     
  -23.9312850800711       1.157556513180789E-003   3.96156963328381     
  -23.9049766279171       4.668976266508562E-004   3.96203653091046     
  -23.8786681757632       1.761561414924863E-004   3.96221268705195     
  -23.8523597236093       6.215518852998218E-005   3.96227484224048     
  -23.8260512714554       2.050567744457232E-005   3.96229534791792     
  -23.7997428193015       6.324243668489861E-006   3.96230167216159     
  -23.7734343671476       1.823090721755658E-006   3.96230349525231     
  -23.7471259149937       4.911422595240622E-007   3.96230398639457     
  -23.7208174628398       1.236363337006461E-007   3.96230411003091     
  -23.6945090106859       2.907844125549412E-008   3.96230413910935     
  -23.6682005585319       6.389019846936551E-009   3.96230414549837     
  -23.6418921063780       1.311270975108231E-009   3.96230414680964     
  -23.6155836542241       2.513664841273257E-010   3.96230414706101     
  -23.5892752020702       4.500336370217732E-011   3.96230414710601     
  -23.5629667499163       7.524370706286627E-012   3.96230414711353     
  -23.5366582977624       1.174784366442727E-012   3.96230414711471     
  -23.5103498456085       1.713252449617464E-013   3.96230414711488     
  -23.4840413934546       2.340158720868600E-014   3.96230414711490     
  -23.4577329413007       2.882835885295329E-015   3.96230414711491     
  -23.4314244891467       3.910699970072395E-016   3.96230414711491     
  -23.4051160369928       0.000000000000000E+000   3.96230414711491     
  -23.3788075848389       0.000000000000000E+000   3.96230414711491     
  -23.3524991326850       0.000000000000000E+000   3.96230414711491     
  -23.3261906805311       0.000000000000000E+000   3.96230414711491     
  -23.2998822283772       0.000000000000000E+000   3.96230414711491     
  -23.2735737762233       0.000000000000000E+000   3.96230414711491     
  -23.2472653240694       0.000000000000000E+000   3.96230414711491     
  -23.2209568719155       0.000000000000000E+000   3.96230414711491     
  -23.1946484197615       0.000000000000000E+000   3.96230414711491     
  -23.1683399676076       0.000000000000000E+000   3.96230414711491     
  -23.1420315154537       0.000000000000000E+000   3.96230414711491     
  -23.1157230632998       0.000000000000000E+000   3.96230414711491     
  -23.0894146111459       0.000000000000000E+000   3.96230414711491     
  -23.0631061589920       0.000000000000000E+000   3.96230414711491     
  -23.0367977068381       0.000000000000000E+000   3.96230414711491     
  -23.0104892546842       0.000000000000000E+000   3.96230414711491     
  -22.9841808025303       0.000000000000000E+000   3.96230414711491     
  -22.9578723503763       0.000000000000000E+000   3.96230414711491     
  -22.9315638982224       0.000000000000000E+000   3.96230414711491     
  -22.9052554460685       0.000000000000000E+000   3.96230414711491     
  -22.8789469939146       0.000000000000000E+000   3.96230414711491     
  -22.8526385417607       0.000000000000000E+000   3.96230414711491     
  -22.8263300896068       0.000000000000000E+000   3.96230414711491     
  -22.8000216374529       0.000000000000000E+000   3.96230414711491     
  -22.7737131852990       0.000000000000000E+000   3.96230414711491     
  -22.7474047331451       0.000000000000000E+000   3.96230414711491     
  -22.7210962809911       0.000000000000000E+000   3.96230414711491     
  -22.6947878288372       0.000000000000000E+000   3.96230414711491     
  -22.6684793766833       0.000000000000000E+000   3.96230414711491     
  -22.6421709245294       0.000000000000000E+000   3.96230414711491     
  -22.6158624723755       0.000000000000000E+000   3.96230414711491     
  -22.5895540202216       0.000000000000000E+000   3.96230414711491     
  -22.5632455680677       0.000000000000000E+000   3.96230414711491     
  -22.5369371159138       0.000000000000000E+000   3.96230414711491     
  -22.5106286637599       0.000000000000000E+000   3.96230414711491     
  -22.4843202116060       0.000000000000000E+000   3.96230414711491     
  -22.4580117594520       0.000000000000000E+000   3.96230414711491     
  -22.4317033072981       0.000000000000000E+000   3.96230414711491     
  -22.4053948551442       0.000000000000000E+000   3.96230414711491     
  -22.3790864029903       0.000000000000000E+000   3.96230414711491     
  -22.3527779508364       0.000000000000000E+000   3.96230414711491     
  -22.3264694986825       0.000000000000000E+000   3.96230414711491     
  -22.3001610465286       0.000000000000000E+000   3.96230414711491     
  -22.2738525943747       0.000000000000000E+000   3.96230414711491     
  -22.2475441422208       0.000000000000000E+000   3.96230414711491     
  -22.2212356900668       0.000000000000000E+000   3.96230414711491     
  -22.1949272379129       0.000000000000000E+000   3.96230414711491     
  -22.1686187857590       0.000000000000000E+000   3.96230414711491     
  -22.1423103336051       0.000000000000000E+000   3.96230414711491     
  -22.1160018814512       0.000000000000000E+000   3.96230414711491     
  -22.0896934292973       0.000000000000000E+000   3.96230414711491     
  -22.0633849771434       3.886426507314556E-016   3.96230414711491     
  -22.0370765249895       3.607438337313823E-015   3.96230414711491     
  -22.0107680728356       2.776506441074539E-014   3.96230414711494     
  -21.9844596206816       2.021771470361310E-013   3.96230414711514     
  -21.9581511685277       1.375246495542669E-012   3.96230414711652     
  -21.9318427163738       8.731295604872800E-012   3.96230414712525     
  -21.9055342642199       5.174509497132190E-011   3.96230414717699     
  -21.8792258120660       2.862540630721005E-010   3.96230414746325     
  -21.8529173599121       1.478176665011120E-009   3.96230414894142     
  -21.8266089077582       7.125159688731459E-009   3.96230415606658     
  -21.8003004556043       3.205959228483031E-008   3.96230418812617     
  -21.7739920034504       1.346536206588757E-007   3.96230432277979     
  -21.7476835512964       5.279298145943603E-007   3.96230485070961     
  -21.7213750991425       1.932119002949034E-006   3.96230678282861     
  -21.6950666469886       6.600737267683513E-006   3.96231338356588     
  -21.6687581948347       2.105005435069711E-005   3.96233443362023     
  -21.6424497426808       6.266390382807757E-005   3.96239709752406     
  -21.6161412905269       1.741350976043804E-004   3.96257123262166     
  -21.5898328383730       4.517112943606332E-004   3.96302294391602     
  -21.5635243862191       1.093811331077210E-003   3.96411675524710     
  -21.5372159340652       2.472473897838276E-003   3.96658922914494     
  -21.5109074819112       5.217107300690636E-003   3.97180633644563     
  -21.4845990297573       1.027631563453673E-002   3.98208265208017     
  -21.4582905776034       1.889537419840481E-002   4.00097802627857     
  -21.4319821254495       3.243281640144427E-002   4.03341084268002     
  -21.4056736732956       5.196675127295564E-002   4.08537759395297     
  -21.3793652211417       7.772822745461103E-002   4.16310582140758     
  -21.3530567689878       0.108528732098651        4.27163455350624     
  -21.3267483168339       0.141456810020706        4.41309136352694     
  -21.3004398646800       0.172114108703292        4.58520547223023     
  -21.2741314125260       0.195489213773684        4.78069468600392     
  -21.2478229603721       0.207273125315670        4.98796781131959     
  -21.2215145082182       0.205152649442689        5.19312046076227     
  -21.1952060560643       0.189550611650686        5.38267107241296     
  -21.1688976039104       0.163488451918265        5.54615952433123     
  -21.1425891517565       0.131632347665708        5.67779187199693     
  -21.1162806996026       9.893536673018025E-002   5.77672723872711     
  -21.0899722474487       6.941503775478457E-002   5.84614227648190     
  -21.0636637952948       4.546405781462486E-002   5.89160633429652     
  -21.0373553431408       2.779681016975640E-002   5.91940314446628     
  -21.0110468909869       1.586475184969252E-002   5.93526789631597     
  -20.9847384388330       8.452447975820898E-003   5.94372034429179     
  -20.9584299866791       4.203798577095906E-003   5.94792414286889     
  -20.9321215345252       1.951689184496016E-003   5.94987583205339     
  -20.9058130823713       8.458393753261594E-004   5.95072167142871     
  -20.8795046302174       3.421942280119941E-004   5.95106386565672     
  -20.8531961780635       1.292301899776372E-004   5.95119309584670     
  -20.8268877259096       4.555758819000907E-005   5.95123865343489     
  -20.8005792737556       1.499207541291945E-005   5.95125364551031     
  -20.7742708216017       4.605384286350536E-006   5.95125825089459     
  -20.7479623694478       1.320601561900368E-006   5.95125957149615     
  -20.7216539172939       3.534908923583529E-007   5.95125992498705     
  -20.6953454651400       8.832502364480785E-008   5.95126001331207     
  -20.6690370129861       2.060093709767312E-008   5.95126003391301     
  -20.6427285608322       4.485247250414486E-009   5.95126003839825     
  -20.6164201086783       9.115499450310889E-010   5.95126003930980     
  -20.5901116565244       1.729289783329270E-010   5.95126003948273     
  -20.5638032043704       3.062292083710048E-011   5.95126003951336     
  -20.5374947522165       5.061947447517863E-012   5.95126003951842     
  -20.5111863000626       7.810669254576688E-013   5.95126003951920     
  -20.4848778479087       1.125368732905796E-013   5.95126003951931     
  -20.4585693957548       1.517210447986594E-014   5.95126003951933     
  -20.4322609436009       1.926716561865930E-015   5.95126003951933     
  -20.4059524914470       2.498224501996900E-016   5.95126003951933     
  -20.3796440392931       0.000000000000000E+000   5.95126003951933     
  -20.3533355871392       0.000000000000000E+000   5.95126003951933     
  -20.3270271349853       0.000000000000000E+000   5.95126003951933     
  -20.3007186828313       0.000000000000000E+000   5.95126003951933     
  -20.2744102306774       0.000000000000000E+000   5.95126003951933     
  -20.2481017785235       0.000000000000000E+000   5.95126003951933     
  -20.2217933263696       0.000000000000000E+000   5.95126003951933     
  -20.1954848742157       0.000000000000000E+000   5.95126003951933     
  -20.1691764220618       0.000000000000000E+000   5.95126003951933     
  -20.1428679699079       0.000000000000000E+000   5.95126003951933     
  -20.1165595177540       0.000000000000000E+000   5.95126003951933     
  -20.0902510656001       0.000000000000000E+000   5.95126003951933     
  -20.0639426134461       0.000000000000000E+000   5.95126003951933     
  -20.0376341612922       0.000000000000000E+000   5.95126003951933     
  -20.0113257091383       0.000000000000000E+000   5.95126003951933     
  -19.9850172569844       0.000000000000000E+000   5.95126003951933     
  -19.9587088048305       0.000000000000000E+000   5.95126003951933     
  -19.9324003526766       0.000000000000000E+000   5.95126003951933     
  -19.9060919005227       0.000000000000000E+000   5.95126003951933     
  -19.8797834483688       0.000000000000000E+000   5.95126003951933     
  -19.8534749962148       0.000000000000000E+000   5.95126003951933     
  -19.8271665440609       0.000000000000000E+000   5.95126003951933     
  -19.8008580919070       0.000000000000000E+000   5.95126003951933     
  -19.7745496397531       0.000000000000000E+000   5.95126003951933     
  -19.7482411875992       1.110138809241733E-016   5.95126003951933     
  -19.7219327354453       9.869285790949333E-016   5.95126003951933     
  -19.6956242832914       7.796014835095923E-015   5.95126003951934     
  -19.6693158311375       5.957125187703469E-014   5.95126003951940     
  -19.6430073789836       4.232449743271205E-013   5.95126003951982     
  -19.6166989268297       2.804853081615669E-012   5.95126003952262     
  -19.5903904746757       1.735031023059418E-011   5.95126003953998     
  -19.5640820225218       1.001805321612396E-010   5.95126003964016     
  -19.5377735703679       5.399482646651069E-010   5.95126004018010     
  -19.5114651182140       2.716522453680136E-009   5.95126004289663     
  -19.4851566660601       1.275759017737222E-008   5.95126005565422     
  -19.4588482139062       5.592676547411903E-008   5.95126011158098     
  -19.4325397617523       2.288589857647118E-007   5.95126034043997     
  -19.4062313095984       8.742082286668304E-007   5.95126121464820     
  -19.3799228574445       3.117179863736398E-006   5.95126433182806     
  -19.3536144052905       1.037552849983728E-005   5.95127470735656     
  -19.3273059531366       3.223749392487989E-005   5.95130694485048     
  -19.3009975009827       9.350099384963777E-005   5.95140044584433     
  -19.2746890488288       2.531490234275766E-004   5.95165359486776     
  -19.2483805966749       6.397973910147698E-004   5.95229339225878     
  -19.2220721445210       1.509440125433066E-003   5.95380283238421     
  -19.1957636923671       3.324279293731473E-003   5.95712711167794     
  -19.1694552402132       6.834208226640778E-003   5.96396131990458     
  -19.1431467880593       1.311562004355035E-002   5.97707693994813     
  -19.1168383359053       2.349633467502092E-002   6.00057327462315     
  -19.0905298837514       3.929368554651785E-002   6.03986696016967     
  -19.0642214315975       6.134192033937406E-002   6.10120888050905     
  -19.0379129794436       8.939319343150948E-002   6.19060207394056     
  -19.0116045272897       0.121608649283962        6.31221072322452     
  -18.9852960751358       0.154432169278096        6.46664289250261     
  -18.9589876229819       0.183073151897900        6.64971604440051     
  -18.9326791708280       0.202593416534894        6.85230946093541     
  -18.9063707186741       0.209285867478625        7.06159532841403     
  -18.8800622665201       0.201821960229224        7.26341728864326     
  -18.8537538143662       0.181681554551522        7.44509884319478     
  -18.8274453622123       0.152674683506024        7.59777352670080     
  -18.8011369100584       0.119766893603612        7.71754042030441     
  -18.7748284579045       8.770408433024750E-002   7.80524450463466     
  -18.7485200057506       5.995366786648151E-002   7.86519817250114     
  -18.7222115535967       3.825816638794774E-002   7.90345633888909     
  -18.6959031014428       2.279000763496962E-002   7.92624634652406     
  -18.6695946492889       1.267290289285712E-002   7.93891924941692     
  -18.6432861971349       6.578371207126567E-003   7.94549762062404     
  -18.6169777449810       3.187649183989835E-003   7.94868526980803     
  -18.5906692928271       1.441888581484268E-003   7.95012715838952     
  -18.5643608406732       6.088369814360558E-004   7.95073599537095     
  -18.5380523885193       2.399813765820025E-004   7.95097597674754     
  -18.5117439363654       8.829999715303984E-005   7.95106427674469     
  -18.4854354842115       3.032891333169366E-005   7.95109460565802     
  -18.4591270320576       9.727055998914671E-006   7.95110433271402     
  -18.4328185799037       2.925118568151728E-006   7.95110725783259     
  -18.4065101277497       8.776841365100256E-007   7.95110813551672     
  -18.3802016755958       4.744899283649117E-007   7.95110861000665     
  -18.3538932234419       1.046710967710674E-006   7.95110965671762     
  -18.3275847712880       3.533689446525635E-006   7.95111319040707     
  -18.3012763191341       1.163858639783724E-005   7.95112482899347     
  -18.2749678669802       3.588717018668501E-005   7.95116071616365     
  -18.2486594148263       1.033150399709111E-004   7.95126403120362     
  -18.2223509626724       2.776503983104024E-004   7.95154168160193     
  -18.1960425105185       6.965297702573049E-004   7.95223821137219     
  -18.1697340583645       1.631129388739352E-003   7.95386934076093     
  -18.1434256062106       3.565705179836632E-003   7.95743504594077     
  -18.1171171540567       7.276317360132755E-003   7.96471136330090     
  -18.0908087019028       1.386078529059839E-002   7.97857214859150     
  -18.0645002497489       2.464760863495378E-002   8.00321975722645     
  -18.0381917975950       4.091411528906928E-002   8.04413387251552     
  -18.0118833454411       6.339916773265784E-002   8.10753304024818     
  -17.9855748932872       9.170784386807454E-002   8.19924088411625     
  -17.9592664411333       0.123834706964900        8.32307559108115     
  -17.9329579889794       0.156095940156671        8.47917153123782     
  -17.9066495368254       0.183676857395687        8.66284838863351     
  -17.8803410846715       0.201758143380125        8.86460653201364     
  -17.8540326325176       0.206881481625570        9.07148801363921     
  -17.8277241803637       0.198027773921584        9.26951578756079     
  -17.8014157282098       0.176947521274148        9.44646330883494     
  -17.7751072760559       0.147596689457871        9.59405999829281     
  -17.7487988239020       0.114927057707883        9.70898705600069     
  -17.7224903717481       8.353744732083704E-002   9.79252450332153     
  -17.6961819195941       5.668301899127107E-002   9.84920752231280     
  -17.6698734674402       3.590352979319125E-002   9.88511105210599     
  -17.6435650152863       2.122917833444331E-002   9.90634023044044     
  -17.6172565631324       1.171764861049521E-002   9.91805787905093     
  -17.5909481109785       6.037516208819466E-003   9.92409539525975     
  -17.5646396588246       2.903928615306293E-003   9.92699932387506     
  -17.5383312066707       1.303834622318026E-003   9.92830315849738     
  -17.5120227545168       5.464709955165281E-004   9.92884962949289     
  -17.4857143023629       2.138054521964971E-004   9.92906343494509     
  -17.4594058502090       7.808658656962998E-005   9.92914152153166     
  -17.4330973980550       2.662189650108017E-005   9.92916814342816     
  -17.4067889459011       8.472376644417584E-006   9.92917661580480     
  -17.3804804937472       2.516946543897353E-006   9.92917913275135     
  -17.3541720415933       6.979814929212990E-007   9.92917983073284     
  -17.3278635894394       1.806814842759566E-007   9.92918001141432     
  -17.3015551372855       4.365980726103443E-008   9.92918005507413     
  -17.2752466851316       9.847975234935467E-009   9.92918006492211     
  -17.2489382329777       2.073516685346676E-009   9.92918006699562     
  -17.2226297808238       4.075323584607866E-010   9.92918006740315     
  -17.1963213286698       7.476683601615241E-011   9.92918006747792     
  -17.1700128765159       1.280405311063855E-011   9.92918006749072     
  -17.1437044243620       2.046796386936748E-012   9.92918006749277     
  -17.1173959722081       3.053745163570206E-013   9.92918006749308     
  -17.0910875200542       4.256709232119757E-014   9.92918006749312     
  -17.0647790679003       5.518078536752446E-015   9.92918006749312     
  -17.0384706157464       6.458552264763548E-016   9.92918006749312     
  -17.0121621635925       8.449840917538895E-017   9.92918006749312     
  -16.9858537114386       0.000000000000000E+000   9.92918006749312     
  -16.9595452592846       0.000000000000000E+000   9.92918006749312     
  -16.9332368071307       0.000000000000000E+000   9.92918006749312     
  -16.9069283549768       0.000000000000000E+000   9.92918006749312     
  -16.8806199028229       0.000000000000000E+000   9.92918006749312     
  -16.8543114506690       0.000000000000000E+000   9.92918006749312     
  -16.8280029985151       0.000000000000000E+000   9.92918006749312     
  -16.8016945463612       0.000000000000000E+000   9.92918006749312     
  -16.7753860942073       0.000000000000000E+000   9.92918006749312     
  -16.7490776420534       0.000000000000000E+000   9.92918006749312     
  -16.7227691898994       0.000000000000000E+000   9.92918006749312     
  -16.6964607377455       0.000000000000000E+000   9.92918006749312     
  -16.6701522855916       0.000000000000000E+000   9.92918006749312     
  -16.6438438334377       0.000000000000000E+000   9.92918006749312     
  -16.6175353812838       0.000000000000000E+000   9.92918006749312     
  -16.5912269291299       0.000000000000000E+000   9.92918006749312     
  -16.5649184769760       0.000000000000000E+000   9.92918006749312     
  -16.5386100248221       0.000000000000000E+000   9.92918006749312     
  -16.5123015726682       0.000000000000000E+000   9.92918006749312     
  -16.4859931205142       0.000000000000000E+000   9.92918006749312     
  -16.4596846683603       0.000000000000000E+000   9.92918006749312     
  -16.4333762162064       0.000000000000000E+000   9.92918006749312     
  -16.4070677640525       0.000000000000000E+000   9.92918006749312     
  -16.3807593118986       0.000000000000000E+000   9.92918006749312     
  -16.3544508597447       0.000000000000000E+000   9.92918006749312     
  -16.3281424075908       0.000000000000000E+000   9.92918006749312     
  -16.3018339554369       0.000000000000000E+000   9.92918006749312     
  -16.2755255032830       0.000000000000000E+000   9.92918006749312     
  -16.2492170511290       0.000000000000000E+000   9.92918006749312     
  -16.2229085989751       0.000000000000000E+000   9.92918006749312     
  -16.1966001468212       0.000000000000000E+000   9.92918006749312     
  -16.1702916946673       0.000000000000000E+000   9.92918006749312     
  -16.1439832425134       0.000000000000000E+000   9.92918006749312     
  -16.1176747903595       0.000000000000000E+000   9.92918006749312     
  -16.0913663382056       0.000000000000000E+000   9.92918006749312     
  -16.0650578860517       0.000000000000000E+000   9.92918006749312     
  -16.0387494338978       0.000000000000000E+000   9.92918006749312     
  -16.0124409817438       0.000000000000000E+000   9.92918006749312     
  -15.9861325295899       0.000000000000000E+000   9.92918006749312     
  -15.9598240774360       0.000000000000000E+000   9.92918006749312     
  -15.9335156252821       0.000000000000000E+000   9.92918006749312     
  -15.9072071731282       0.000000000000000E+000   9.92918006749312     
  -15.8808987209743       3.324998371223530E-016   9.92918006749312     
  -15.8545902688204       2.732137740416991E-015   9.92918006749313     
  -15.8282818166665       2.189168320522414E-014   9.92918006749315     
  -15.8019733645126       1.610139120114919E-013   9.92918006749331     
  -15.7756649123586       1.104219620222191E-012   9.92918006749442     
  -15.7493564602047       7.068063280411056E-012   9.92918006750148     
  -15.7230480080508       4.223084722833499E-011   9.92918006754372     
  -15.6967395558969       2.355335279724814E-010   9.92918006777925     
  -15.6704311037430       1.226216564950779E-009   9.92918006900547     
  -15.6441226515891       5.959021466408884E-009   9.92918007496449     
  -15.6178141994352       2.703196774554724E-008   9.92918010199646     
  -15.5915057472813       1.144660885550527E-007   9.92918021646254     
  -15.5651972951274       4.524535157627543E-007   9.92918066891606     
  -15.5388888429734       1.669438619385841E-006   9.92918233835468     
  -15.5125803908195       5.749997794569054E-006   9.92918808835248     
  -15.4862719386656       1.848702159819495E-005   9.92920657537407     
  -15.4599634865117       5.548422507804636E-005   9.92926205959915     
  -15.4336550343578       1.554449453497676E-004   9.92941750454450     
  -15.4073465822039       4.065269327675798E-004   9.92982403147727     
  -15.3810381300500       9.924502653477052E-004   9.93081648174262     
  -15.3547296778961       2.261704674568595E-003   9.93307818641718     
  -15.3284212257422       4.811402496940360E-003   9.93788958891412     
  -15.3021127735883       9.554698728006268E-003   9.94744428764213     
  -15.2758043214343       1.771220431420135E-002   9.96515649195633     
  -15.2494958692804       3.065061926868868E-002   9.99580711122502     
  -15.2231874171265       4.951280836532723E-002   10.0453199195903     
  -15.1968789649726       7.466345759170177E-002   10.1199833771821     
  -15.1705705128187       0.105102089955890        10.2250854671379     
  -15.1442620606648       0.138110828023066        10.3631962951610     
  -15.1179536085109       0.169417221201131        10.5326135163621     
  -15.0916451563570       0.193999705848965        10.7266132222111     
  -15.0653367042031       0.207375976057638        10.9339891982687     
  -15.0390282520491       0.206932997692459        11.1409221959612     
  -15.0127197998952       0.192759143023740        11.3336813389849     
  -14.9864113477413       0.167615459268273        11.5012967982532     
  -14.9601028955874       0.136058862611746        11.6373556608650     
  -14.9337944434335       0.103098663793982        11.7404543246589     
  -14.9074859912796       7.292767598459354E-002   11.8133820006435     
  -14.8811775391257       4.815536174097469E-002   11.8615373623845     
  -14.8548690869718       2.968320622756328E-002   11.8912205686121     
  -14.8285606348179       1.708047666577324E-002   11.9083010452778     
  -14.8022521826639       9.176499756057650E-003   11.9174775450339     
  -14.7759437305100       4.607691507956613E-003   11.9220852365419     
  -14.7496352783561       2.177122868701412E-003   11.9242623594106     
  -14.7233268262022       1.011525288148393E-003   11.9252738846987     
  -14.6970183740483       5.785986660242075E-004   11.9258524833647     
  -14.6707099218944       6.472463052640716E-004   11.9264997296700     
  -14.6444014697405       1.254944916598511E-003   11.9277546745866     
  -14.6180930175866       2.713020645359230E-003   11.9304676952320     
  -14.5917845654327       5.644428520125678E-003   11.9361121237521     
  -14.5654761132787       1.101292014999229E-002   11.9471250439021     
  -14.5391676611248       2.007213379420856E-002   11.9671971776963     
  -14.5128592089709       3.415387112785989E-002   12.0013510488241     
  -14.4865507568170       5.425061630960231E-002   12.0556016651337     
  -14.4602423046631       8.044197820166837E-002   12.1360436433354     
  -14.4339338525092       0.111345783222583        12.2473894265580     
  -14.4076254003553       0.143872582081527        12.3912620086395     
  -14.3813169482014       0.173538492282066        12.5648005009216     
  -14.3550084960475       0.195401251914949        12.7602017528365     
  -14.3287000438935       0.205386902583900        12.9655886554204     
  -14.3023915917396       0.201526466525940        13.1671151219464     
  -14.2760831395857       0.184588803016349        13.3517039249627     
  -14.2497746874318       0.157831044391015        13.5095349693537     
  -14.2234662352779       0.125977542771853        13.6355125121256     
  -14.1971577831240       9.386575824329206E-002   13.7293782703689     
  -14.1708493309701       6.528813442269006E-002   13.7946664047916     
  -14.1445408788162       4.239102339857802E-002   13.8370574281902     
  -14.1182324266623       2.569363851707235E-002   13.8627510667072     
  -14.0919239745083       1.453746880755235E-002   13.8772885355148     
  -14.0656155223544       7.678259655516503E-003   13.8849667951703     
  -14.0393070702005       3.785705840009293E-003   13.8887525010103     
  -14.0129986180466       1.742369229374832E-003   13.8904948702397     
  -13.9866901658927       7.485863279581387E-004   13.8912434565676     
  -13.9603817137388       3.002278684199896E-004   13.8915436844361     
  -13.9340732615849       1.124000496841711E-004   13.8916560844857     
  -13.9077648094310       3.928143104313429E-005   13.8916953659168     
  -13.8814563572771       1.281481205915927E-005   13.8917081807288     
  -13.8551479051231       3.902474803240023E-006   13.8917120832036     
  -13.8288394529692       1.109352649575619E-006   13.8917131925563     
  -13.8025310008153       2.943740082973579E-007   13.8917134869303     
  -13.7762225486614       7.291690580524203E-008   13.8917135598472     
  -13.7499140965075       1.685988069302059E-008   13.8917135767071     
  -13.7236056443536       3.638955737383649E-009   13.8917135803460     
  -13.6972971921997       7.331511905751868E-010   13.8917135810792     
  -13.6709887400458       1.378805965159962E-010   13.8917135812171     
  -13.6446802878919       2.420492081351920E-011   13.8917135812413     
  -13.6183718357379       3.966357209599018E-012   13.8917135812453     
  -13.5920633835840       6.067445971993897E-013   13.8917135812459     
  -13.5657549314301       8.658733371255922E-014   13.8917135812459     
  -13.5394464792762       1.153048024613529E-014   13.8917135812460     
  -13.5131380271223       1.404961721790342E-015   13.8917135812460     
  -13.4868295749684       1.873033623641452E-016   13.8917135812460     
  -13.4605211228145       0.000000000000000E+000   13.8917135812460     
  -13.4342126706606       0.000000000000000E+000   13.8917135812460     
  -13.4079042185067       0.000000000000000E+000   13.8917135812460     
  -13.3815957663527       0.000000000000000E+000   13.8917135812460     
  -13.3552873141988       0.000000000000000E+000   13.8917135812460     
  -13.3289788620449       0.000000000000000E+000   13.8917135812460     
  -13.3026704098910       0.000000000000000E+000   13.8917135812460     
  -13.2763619577371       0.000000000000000E+000   13.8917135812460     
  -13.2500535055832       0.000000000000000E+000   13.8917135812460     
  -13.2237450534293       0.000000000000000E+000   13.8917135812460     
  -13.1974366012754       0.000000000000000E+000   13.8917135812460     
  -13.1711281491215       0.000000000000000E+000   13.8917135812460     
  -13.1448196969675       0.000000000000000E+000   13.8917135812460     
  -13.1185112448136       0.000000000000000E+000   13.8917135812460     
  -13.0922027926597       0.000000000000000E+000   13.8917135812460     
  -13.0658943405058       2.188153263989801E-016   13.8917135812460     
  -13.0395858883519       1.548535123615048E-015   13.8917135812460     
  -13.0132774361980       1.236680546128064E-014   13.8917135812460     
  -12.9869689840441       9.286303205249956E-014   13.8917135812461     
  -12.9606605318902       6.491028436772670E-013   13.8917135812467     
  -12.9343520797363       4.235076100534367E-012   13.8917135812509     
  -12.9080436275823       2.579629580302406E-011   13.8917135812767     
  -12.8817351754284       1.466868127866354E-010   13.8917135814234     
  -12.8554267232745       7.787065543711769E-010   13.8917135822021     
  -12.8291182711206       3.859418263951948E-009   13.8917135860616     
  -12.8028098189667       1.785891219250338E-008   13.8917136039205     
  -12.7765013668128       7.716093051967386E-008   13.8917136810814     
  -12.7501929146589       3.112998332369212E-007   13.8917139923812     
  -12.7238844625050       1.172832086061468E-006   13.8917151652133     
  -12.6975760103511       4.126799085877387E-006   13.8917192920124     
  -12.6712675581972       1.356334513635346E-005   13.8917328553575     
  -12.6449591060432       4.164516434020456E-005   13.8917745005219     
  -12.6186506538893       1.194787135872058E-004   13.8918939792355     
  -12.5923422017354       3.203668197723181E-004   13.8922143460552     
  -12.5660337495815       8.030842878800314E-004   13.8930174303431     
  -12.5397252974276       1.882711980237878E-003   13.8949001423234     
  -12.5134168452737       4.129523250500084E-003   13.8990296655739     
  -12.4871083931198       8.478706028794481E-003   13.9075083716027     
  -12.4607999409659       1.630548991943696E-002   13.9238138615221     
  -12.4344914888120       2.939123150946804E-002   13.9532050930316     
  -12.4081830366580       4.969722347282508E-002   14.0029023165044     
  -12.3818745845041       7.889910358993600E-002   14.0818014200943     
  -12.3555661323502       0.117725831428219        14.1995272515225     
  -12.3292576801963       0.165269767413182        14.3647970189357     
  -12.3029492280424       0.218529477850124        14.5833264967858     
  -12.2766407758885       0.272446880899912        14.8557733776858     
  -12.2503323237346       0.320573511548195        15.1763468892340     
  -12.2240238715807       0.356281897371086        15.5326287866050     
  -12.1977154194268       0.374218283254188        15.9068470698592     
  -12.1714069672728       0.371571283629272        16.2784183534885     
  -12.1450985151189       0.348762884591694        16.6271812380802     
  -12.1187900629650       0.309342942067963        16.9365241801482     
  -12.0924816108111       0.259121180365878        17.1956453605140     
  -12.0661731586572       0.204811181124976        17.4004565416390     
  -12.0398647065033       0.152602641897135        17.5530591835361     
  -12.0135562543494       0.107068759880429        17.6601279434166     
  -11.9872478021955       7.066158332592493E-002   17.7307895267425     
  -11.9609393500416       4.381940582826761E-002   17.7746089325708     
  -11.9346308978876       2.550854745132875E-002   17.8001174800221     
  -11.9083224457337       1.392692736182427E-002   17.8140444073839     
  -11.8820139935798       7.125817784686401E-003   17.8211702251686     
  -11.8557055414259       3.414526757533011E-003   17.8245847519261     
  -11.8293970892720       1.531448361749981E-003   17.8261162002879     
  -11.8030886371181       6.427015891488948E-004   17.8267589018770     
  -11.7767801849642       2.525333331933133E-004   17.8270114352102     
  -11.7504717328103       9.346524996315694E-005   17.8271049004602     
  -11.7241632806564       3.386195460837644E-005   17.8271387624148     
  -11.6978548285024       1.462348889866455E-005   17.8271533859037     
  -11.6715463763485       1.199865142117712E-005   17.8271653845551     
  -11.6452379241946       1.879950534180937E-005   17.8271841840605     
  -11.6189294720407       3.746183841473317E-005   17.8272216458989     
  -11.5926210198868       8.208654053728660E-005   17.8273037324394     
  -11.5663125677329       1.912217225578038E-004   17.8274949541620     
  -11.5400041155790       4.581453125266367E-004   17.8279530994745     
  -11.5136956634251       1.089704342783231E-003   17.8290428038173     
  -11.4873872112712       2.505076397868705E-003   17.8315478802152     
  -11.4610787591172       5.475874159108040E-003   17.8370237543743     
  -11.4347703069633       1.128161943264645E-002   17.8483053738069     
  -11.4084618548094       2.180841668799895E-002   17.8701137904949     
  -11.3821534026555       3.946848640520548E-002   17.9095822769001     
  -11.3558449505016       6.680138071212435E-002   17.9763836576122     
  -11.3295364983477       0.105683421666895        18.0820670792791     
  -11.3032280461938       0.156246370958038        18.2383134502372     
  -11.2769195940399       0.215847011753344        18.4541604619905     
  -11.2506111418860       0.278607738996200        18.7327682009867     
  -11.2243026897320       0.336001902155343        19.0687701031421     
  -11.1979942375781       0.378606144346798        19.4473762474889     
  -11.1716857854242       0.398592518026134        19.8459687655150     
  -11.1453773332703       0.392071328001721        20.2380400935167     
  -11.1190688811164       0.360324937111215        20.5983650306279     
  -11.0927604289625       0.309396414619798        20.9077614452477     
  -11.0664519768086       0.248213734718460        21.1559751799662     
  -11.0401435246547       0.186047196333958        21.3420223763001     
  -11.0138350725008       0.130287811210735        21.4723101875109     
  -10.9875266203468       8.524397134171546E-002   21.5575541588526     
  -10.9612181681929       5.210723580348707E-002   21.6096613946561     
  -10.9349097160390       2.975784647098934E-002   21.6394192411271     
  -10.9086012638851       1.587698758954708E-002   21.6552962287166     
  -10.8822928117312       7.913914360010044E-003   21.6632101430766     
  -10.8559843595773       3.685227076128888E-003   21.6668953701528     
  -10.8296759074234       1.603171315183680E-003   21.6684985414679     
  -10.8033674552695       6.515328396063518E-004   21.6691500743075     
  -10.7770590031156       2.473891476376505E-004   21.6693974634552     
  -10.7507505509616       8.786778958198088E-005   21.6694853312448     
  -10.7244420988077       2.952532837601068E-005   21.6695148565731     
  -10.6981336466538       1.035396808073033E-005   21.6695252105412     
  -10.6718251944999       6.317146081253240E-006   21.6695315276873     
  -10.6455167423460       1.018430315583329E-005   21.6695417119905     
  -10.6192082901921       2.276742046798419E-005   21.6695644794109     
  -10.5928998380382       5.031858619475847E-005   21.6696147979971     
  -10.5665913858843       1.045682899941035E-004   21.6697193662871     
  -10.5402829337304       2.032597965186661E-004   21.6699226260836     
  -10.5139744815764       3.694978364848947E-004   21.6702921239201     
  -10.4876660294225       6.284864513429725E-004   21.6709206103715     
  -10.4613575772686       1.000949393700326E-003   21.6719215597652     
  -10.4350491251147       1.494021377689309E-003   21.6734155811428     
  -10.4087406729608       2.092318001803469E-003   21.6755078991446     
  -10.3824322208069       2.753197844690341E-003   21.6782610969893     
  -10.3561237686530       3.409739170910986E-003   21.6816708361603     
  -10.3298153164991       3.982281949429969E-003   21.6856531181097     
  -10.3035068643452       4.395591149095466E-003   21.6900487092588     
  -10.2771984121913       4.595887492193051E-003   21.6946445967510     
  -10.2508899600373       4.561933074525052E-003   21.6992065298255     
  -10.2245815078834       4.307115976218620E-003   21.7035136458017     
  -10.1982730557295       3.873303816268578E-003   21.7073869496180     
  -10.1719646035756       3.319905953893947E-003   21.7107068555719     
  -10.1456561514217       2.712024646694453E-003   21.7134188802186     
  -10.1193476992678       2.110387655852527E-003   21.7155292678744     
  -10.0930392471139       1.564326040395233E-003   21.7170935939148     
  -10.0667307949600       1.108287509367805E-003   21.7182018814242     
  -10.0404223428061       7.621980972047435E-004   21.7189640795214     
  -10.0141138906521       5.359539231448647E-004   21.7195000334445     
  -9.98780543849823       4.384108082440722E-004   21.7199384442528     
  -9.96149698634432       4.920136317482418E-004   21.7204304578845     
  -9.93518853419041       7.561773589402779E-004   21.7211866352435     
  -9.90888008203650       1.365023861535095E-003   21.7225516591050     
  -9.88257162988259       2.585304645305298E-003   21.7251369637503     
  -9.85626317772867       4.893519509019291E-003   21.7300304832593     
  -9.82995472557477       9.052958099814169E-003   21.7390834413591     
  -9.80364627342085       1.614282089452634E-002   21.7552262622537     
  -9.77733782126694       2.746562651559767E-002   21.7826918887693     
  -9.75102936911303       4.426144398507852E-002   21.8269533327543     
  -9.72472091695912       6.721499588333318E-002   21.8941683286377     
  -9.69841246480521       9.585783961886582E-002   21.9900261682565     
  -9.67210401265130       0.128099336997051        22.1181255052536     
  -9.64579556049739       0.160180689077062        22.2783061943307     
  -9.61948710834348       0.187253826965779        22.4655600212964     
  -9.59317865618956       0.204534405017796        22.6700944263142     
  -9.56687020403566       0.208672911429788        22.8787673377440     
  -9.54056175188174       0.198808826229769        23.0775761639738     
  -9.51425329972783       0.176854641248857        23.2544308052226     
  -9.48794484757392       0.146883138952050        23.4013139441747     
  -9.46163639542001       0.113888439833830        23.5152023840085     
  -9.43532794326610       8.243792832271353E-002   23.5976403123312     
  -9.40901949111219       5.570738943261951E-002   23.6533477017639     
  -9.38271103895828       3.514481766931023E-002   23.6884925194332     
  -9.35640258680436       2.070555254898360E-002   23.7091980719821     
  -9.33009413465046       1.140371385155111E-002   23.7206017858337     
  -9.30378568249654       5.895480189558822E-003   23.7264972660233     
  -9.27747723034263       2.906019588809435E-003   23.7294032856121     
  -9.25116877818872       1.443988240955153E-003   23.7308472738530     
  -9.22486032603481       8.439906715211302E-004   23.7316912645245     
  -9.19855187388090       7.147211304320444E-004   23.7324059856550     
  -9.17224342172699       8.633789828040283E-004   23.7332693646378     
  -9.14593496957308       1.242162787232458E-003   23.7345115274250     
  -9.11962651741917       1.939033736626538E-003   23.7364505611616     
  -9.09331806526525       3.217390595701914E-003   23.7396679517573     
  -9.06700961311135       5.593144379695593E-003   23.7452610961370     
  -9.04070116095743       9.916994239076028E-003   23.7551780903761     
  -9.01439270880352       1.740535982191320E-002   23.7725834501980     
  -8.98808425664961       2.954799383385258E-002   23.8021314440319     
  -8.96177580449570       4.783555813201648E-002   23.8499670021639     
  -8.93546735234179       7.331351148409837E-002   23.9232805136480     
  -8.90915890018788       0.106070159085688        24.0293506727337     
  -8.88285044803397       0.144857451865514        24.1742081245992     
  -8.85654199588006       0.187051094332852        24.3612592189320     
  -8.83023354372614       0.229038652498501        24.5902978714305     
  -8.80392509157224       0.266920274152031        24.8572181455826     
  -8.77761663941832       0.297239076754050        25.1544572223366     
  -8.75130818726441       0.317454235113641        25.4719114574503     
  -8.72499973511050       0.326050909523243        25.7979623669735     
  -8.69869128295659       0.322422420426792        26.1203847874003     
  -8.67238283080268       0.306775643818614        26.4271604312189     
  -8.64607437864877       0.280208739320293        26.7073691705392     
  -8.61976592649486       0.244879793975584        26.9522489645148     
  -8.59345747434095       0.204024662905039        27.1562736274198     
  -8.56714902218704       0.161630895538327        27.3179045229582     
  -8.54084057003313       0.121794006342959        27.4396985293011     
  -8.51453211787921       8.799696136651688E-002   27.5276954906676     
  -8.48822366572530       6.260207806281963E-002   27.5902975687305     
  -8.46191521357139       4.670384143477162E-002   27.6370014101652     
  -8.43560676141748       4.027795566845416E-002   27.6772793658337     
  -8.40929830926357       4.242844875259096E-002   27.7197078145863     
  -8.38298985710966       5.155779721670039E-002   27.7712656118030     
  -8.35668140495575       6.542709583068466E-002   27.8366927076337     
  -8.33037295280184       8.122243782239345E-002   27.9179151454560     
  -8.30406450064793       9.579235891308321E-002   28.0137075043691     
  -8.27775604849402       0.106132354540213        28.1198398589093     
  -8.25144759634010       0.110020804425145        28.2298606633345     
  -8.22513914418619       0.106569175001196        28.3364298383357     
  -8.19883069203228       9.643783336657664E-002   28.4328676717023     
  -8.17252223987837       8.160617199476365E-002   28.5144738436970     
  -8.14621378772446       6.479429973736993E-002   28.5792681434344     
  -8.11990533557055       4.878943380742360E-002   28.6280575772418     
  -8.09359688341664       3.594502789188273E-002   28.6640026051337     
  -8.06728843126273       2.799507419014313E-002   28.6919976793238     
  -8.04097997910882       2.613965494864634E-002   28.7181373342725     
  -8.01467152695491       3.121412634885926E-002   28.7493514606214     
  -7.98836307480099       4.372424705000071E-002   28.7930757076714     
  -7.96205462264708       6.362573423106427E-002   28.8567014419024     
  -7.93574617049317       8.990594663279573E-002   28.9466073885352     
  -7.90943771833926       0.120203819247030        29.0668112077822     
  -7.88312926618535       0.150782243951652        29.2175934517339     
  -7.85682081403144       0.177072623683494        29.3946660754174     
  -7.83051236187753       0.194753107024249        29.5894191824416     
  -7.80420390972362       0.201015127156626        29.7904343095983     
  -7.77789545756971       0.195494340646950        29.9859286502452     
  -7.75158700541580       0.180423366406512        30.1663520166517     
  -7.72527855326188       0.159890887642661        30.3262429042944     
  -7.69897010110797       0.138496485315166        30.4647393896096     
  -7.67266164895406       0.119951963903797        30.5846913535133     
  -7.64635319680015       0.106164584957251        30.6908559384706     
  -7.62004474464624       9.707652558585886E-002   30.7879324640565     
  -7.59373629249233       9.118738372158641E-002   30.8791198477780     
  -7.56742784033842       8.643122179668553E-002   30.9655510695747     
  -7.54111938818451       8.101483816411525E-002   31.0465659077388     
  -7.51481093603060       7.393551522762133E-002   31.1205014229665     
  -7.48850248387669       6.509256791401551E-002   31.1855939908805     
  -7.46219403172277       5.508182380351799E-002   31.2406758146840     
  -7.43588557956886       4.484824617661402E-002   31.2855240608606     
  -7.40957712741495       3.535999107924774E-002   31.3208840519399     
  -7.38326867526104       2.739406169094755E-002   31.3482781136308     
  -7.35696022310713       2.144231646134764E-002   31.3697204300922     
  -7.33065177095322       1.769678012594288E-002   31.3874172102181     
  -7.30434331879931       1.606706912357949E-002   31.4034842793417     
  -7.27803486664540       1.620717191590709E-002   31.4196914512576     
  -7.25172641449149       1.755899383085964E-002   31.4372504450884     
  -7.22541796233758       1.943431644805855E-002   31.4566847615365     
  -7.19910951018366       2.114658181471691E-002   31.4778313433512     
  -7.17280105802975       2.217630926452011E-002   31.5000076526157     
  -7.14649260587584       2.232659579167728E-002   31.5223342484074     
  -7.12018415372193       2.181527442462054E-002   31.5441495228320     
  -7.09387570156802       2.126409353394566E-002   31.5654136163660     
  -7.06756724941411       2.157502020903923E-002   31.5869886365750     
  -7.04125879726020       2.371554125687231E-002   31.6107041778319     
  -7.01495034510629       2.845987324116517E-002   31.6391640510731     
  -6.98864189295238       3.615117848814835E-002   31.6753152295612     
  -6.96233344079847       4.656119031043038E-002   31.7218764198716     
  -6.93602498864455       5.891767870467954E-002   31.7807940985763     
  -6.90971653649065       7.212971283851649E-002   31.8529238114148     
  -6.88340808433673       8.516254055911597E-002   31.9380863519740     
  -6.85709963218282       9.742864242754151E-002   32.0355149944015     
  -6.83079118002891       0.109025254042732        32.1445402484442     
  -6.80448272787500       0.120701985682778        32.2652422341270     
  -6.77817427572109       0.133566863472483        32.3988090975995     
  -6.75186582356718       0.148657811692763        32.5474669092923     
  -6.72555737141327       0.166539437936560        32.7140063472288     
  -6.69924891925936       0.187020490186645        32.9010268374155     
  -6.67294046710544       0.208998661955167        33.1100254993706     
  -6.64663201495154       0.230418537666610        33.3404440370372     
  -6.62032356279762       0.248391940828188        33.5888359778654     
  -6.59401511064371       0.259590071394594        33.8484260492600     
  -6.56770665848980       0.260960346840205        34.1093863961002     
  -6.54139820633589       0.250630543719060        34.3600169398193     
  -6.51508975418198       0.228661942118456        34.5886788819377     
  -6.48878130202807       0.197275890493112        34.7859547724309     
  -6.46247284987416       0.160377630064041        34.9463324024949     
  -6.43616439772025       0.122533621583618        35.0688660240785     
  -6.40985594556633       8.781620886951354E-002   35.1566822329480     
  -6.38354749341243       5.895787815740035E-002   35.2156401111054     
  -6.35723904125851       3.706236066490012E-002   35.2527024717703     
  -6.33093058910460       2.184308462818079E-002   35.2745455563985     
  -6.30462213695069       1.216217122886561E-002   35.2867077276274     
  -6.27831368479678       6.601287493482153E-003   35.2933090151209     
  -6.25200523264287       3.878751899051265E-003   35.2971877670199     
  -6.22569678048896       3.051009939027256E-003   35.3002387769589     
  -6.19938832833505       3.530111381619120E-003   35.3037688883406     
  -6.17307987618114       4.987997416833681E-003   35.3087568857574     
  -6.14677142402723       7.217448188009958E-003   35.3159743339454     
  -6.12046297187332       1.000356941001426E-002   35.3259779033554     
  -6.09415451971940       1.304350100699997E-002   35.3390214043624     
  -6.06784606756549       1.593590488132438E-002   35.3549573092437     
  -6.04153761541158       1.824055473424314E-002   35.3731978639780     
  -6.01522916325767       1.958262945444006E-002   35.3927804934324     
  -5.98892071110376       1.975624916352115E-002   35.4125367425959     
  -5.96261225894985       1.878036997896993E-002   35.4313171125749     
  -5.93630380679594       1.688179287795985E-002   35.4481989054529     
  -5.90999535464202       1.441458715307977E-002   35.4626134926059     
  -5.88368690248812       1.175336585842328E-002   35.4743668584644     
  -5.85737845033420       9.204299328439450E-003   35.4835711577928     
  -5.83106999818029       6.961600111437578E-003   35.4905327579042     
  -5.80476154602638       5.111218140983527E-003   35.4956439760452     
  -5.77845309387247       3.663760954985416E-003   35.4993077370002     
  -5.75214464171856       2.593736755766881E-003   35.5019014737560     
  -5.72583618956465       1.869643661001587E-003   35.5037711174170     
  -5.69952773741074       1.470536335591924E-003   35.5052416537526     
  -5.67321928525683       1.392044409193588E-003   35.5066336981618     
  -5.64691083310291       1.646256691048357E-003   35.5082799548528     
  -5.62060238094901       2.257795469542629E-003   35.5105377503224     
  -5.59429392879509       3.256471600265001E-003   35.5137942219226     
  -5.56798547664118       4.667620758143452E-003   35.5184618426808     
  -5.54167702448727       6.505069127676237E-003   35.5249669118084     
  -5.51536857233336       8.777119846941643E-003   35.5337440316554     
  -5.48906012017945       1.151914528972043E-002   35.5452631769451     
  -5.46275166802554       1.486137995312803E-002   35.5601245568982     
  -5.43644321587163       1.912195637731779E-002   35.5792465132755     
  -5.41013476371772       2.488415610468053E-002   35.6041306693802     
  -5.38382631156380       3.298677798495293E-002   35.6371174473652     
  -5.35751785940990       4.435296581948983E-002   35.6814704131847     
  -5.33120940725598       5.963049938141139E-002   35.7411009125661     
  -5.30490095510207       7.871681314221708E-002   35.8198177257083     
  -5.27859250294816       0.100355312030490        35.9201730377388     
  -5.25228405079425       0.122043016036578        36.0422160537754     
  -5.22597559864034       0.140418103184522        36.1826341569599     
  -5.19966714648643       0.152097373973451        36.3347315309333     
  -5.17335869433252       0.154694948419448        36.4894264793528     
  -5.14705024217861       0.147613483327090        36.6370399626799     
  -5.12074179002470       0.132259918586340        36.7692998812662     
  -5.09443333787079       0.111585726421037        36.8808856076873     
  -5.06812488571687       8.915487214875620E-002   36.9700404798360     
  -5.04181643356296       6.813396661663619E-002   37.0381744464527     
  -5.01550798140905       5.058472884850703E-002   37.0887591753012     
  -4.98919952925514       3.725163000059290E-002   37.1260108053017     
  -4.96289107710123       2.780017378089891E-002   37.1538109790826     
  -4.93658262494732       2.129850775800447E-002   37.1751094868406     
  -4.91027417279341       1.670341120842039E-002   37.1918128980491     
  -4.88396572063950       1.318728552850800E-002   37.2050001835776     
  -4.85765726848559       1.025832035109620E-002   37.2152585039287     
  -4.83134881633168       7.718836019730309E-003   37.2229773399484     
  -4.80504036417776       5.546939859963700E-003   37.2285242798084     
  -4.77873191202385       3.778125210182158E-003   37.2323024050185     
  -4.75242345986994       2.429267213634597E-003   37.2347316722322     
  -4.72611500771603       1.472040390088910E-003   37.2362037126223     
  -4.69980655556212       8.408820822744169E-004   37.2370445947045     
  -4.67349810340821       4.550269807997324E-004   37.2374996216853     
  -4.64718965125430       2.395282536940635E-004   37.2377391499390     
  -4.62088119910039       1.390868135758715E-004   37.2378782367526     
  -4.59457274694648       1.255831964474376E-004   37.2380038199491     
  -4.56826429479257       2.034597057177098E-004   37.2382072796548     
  -4.54195584263865       4.169074594570513E-004   37.2386241871142     
  -4.51564739048474       8.604160004034559E-004   37.2394846031146     
  -4.48933893833083       1.691042903965614E-003   37.2411756460186     
  -4.46303048617692       3.138461248118212E-003   37.2443141072667     
  -4.43672203402301       5.509457361253418E-003   37.2498235646280     
  -4.41041358186910       9.188079884219920E-003   37.2590116445122     
  -4.38410512971519       1.463846179048244E-002   37.2736501063027     
  -4.35779667756128       2.241677114475752E-002   37.2960668774474     
  -4.33148822540737       3.318279756602369E-002   37.3292496750135     
  -4.30517977325346       4.767031624657420E-002   37.3769199912600     
  -4.27887132109954       6.654801093984131E-002   37.4434680021999     
  -4.25256286894563       9.011555310325507E-002   37.5335835553031     
  -4.22625441679172       0.117860240886780        37.6514437961899     
  -4.19994596463781       0.148031107964688        37.7994749041546     
  -4.17363751248390       0.177491839010920        37.9769667431655     
  -4.14732906032999       0.202089654623370        38.1790563977889     
  -4.12102060817608       0.217579264817733        38.3966356626066     
  -4.09471215602217       0.220843674864803        38.6174793374714     
  -4.06840370386826       0.210931228887432        38.8284105663589     
  -4.04209525171435       0.189442409073502        39.0178529754324     
  -4.01578679956043       0.160074052388165        39.1779270278205     
  -3.98947834740652       0.127515067625619        39.3054420954461     
  -3.96316989525261       9.616364376966312E-002   39.4016057392158     
  -3.93686144309870       6.915612490213062E-002   39.4707618641179     
  -3.91055299094479       4.798364807010478E-002   39.5187455121880     
  -3.88424453879088       3.267654686864808E-002   39.5514220590567     
  -3.85793608663697       2.232418534651766E-002   39.5737462444032     
  -3.83162763448306       1.564785236519606E-002   39.5893940967684     
  -3.80531918232915       1.142793329358050E-002   39.6008220300620     
  -3.77901073017524       8.718345353856979E-003   39.6095403754159     
  -3.75270227802132       6.884697950559126E-003   39.6164250733664     
  -3.72639382586742       5.545744825441003E-003   39.6219708181919     
  -3.70008537371350       4.489697409390016E-003   39.6264605156012     
  -3.67377692155959       3.605585239782252E-003   39.6300661008410     
  -3.64746846940568       2.839875626506795E-003   39.6329059764675     
  -3.62116001725177       2.172010727924683E-003   39.6350779871955     
  -3.59485156509786       1.599328504149627E-003   39.6366773156996     
  -3.56854311294395       1.125759396661222E-003   39.6378030750963     
  -3.54223466079004       7.533018168595080E-004   39.6385563769131     
  -3.51592620863613       4.772817709608062E-004   39.6390336586841     
  -3.48961775648221       2.858385796051664E-004   39.6393194972637     
  -3.46330930432831       1.626454393827460E-004   39.6394821427031     
  -3.43700085217439       9.107754383416384E-005   39.6395732202469     
  -3.41069240002048       5.831909953799916E-005   39.6396315393465     
  -3.38438394786657       5.878089133922716E-005   39.6396903202378     
  -3.35807549571266       9.691986220376316E-005   39.6397872401000     
  -3.33176704355875       1.895745642291568E-004   39.6399768146642     
  -3.30545859140484       3.671680879119421E-004   39.6403439827521     
  -3.27915013925093       6.719913535426753E-004   39.6410159741057     
  -3.25284168709702       1.151123912519375E-003   39.6421670980182     
  -3.22653323494310       1.842434813296237E-003   39.6440095328315     
  -3.20022478278920       2.755152543336467E-003   39.6467646853748     
  -3.17391633063528       3.851011302701694E-003   39.6506156966775     
  -3.14760787848137       5.035558287377610E-003   39.6556512549649     
  -3.12129942632746       6.168595426904802E-003   39.6618198503918     
  -3.09499097417355       7.096106372230218E-003   39.6689159567640     
  -3.06868252201964       7.695260198230098E-003   39.6766112169623     
  -3.04237406986573       7.914888724962833E-003   39.6845261056872     
  -3.01606561771182       7.792661339641063E-003   39.6923187670269     
  -2.98975716555791       7.439557309830613E-003   39.6997583243367     
  -2.96344871340400       6.998021928030892E-003   39.7067563462647     
  -2.93714026125009       6.593472025005997E-003   39.7133498182897     
  -2.91083180909617       6.301608860553225E-003   39.7196514271503     
  -2.88452335694226       6.144794934002026E-003   39.7257962220843     
  -2.85821490478835       6.115748786000818E-003   39.7319119708703     
  -2.83190645263444       6.215802162935938E-003   39.7381277730332     
  -2.80559800048053       6.494654539112581E-003   39.7446224275724     
  -2.77928954832662       7.087687330996112E-003   39.7517101149033     
  -2.75298109617271       8.256319863064646E-003   39.7599664347664     
  -2.72667264401879       1.043499069801312E-002   39.7704014254644     
  -2.70036419186489       1.426941084050637E-002   39.7846708363049     
  -2.67405573971097       2.060205255548738E-002   39.8052728888604     
  -2.64774728755706       3.034370886799127E-002   39.8356165977284     
  -2.62143883540315       4.419065187950677E-002   39.8798072496079     
  -2.59513038324924       6.221808768434103E-002   39.9420253372923     
  -2.56882193109533       8.348198432554554E-002   40.0255073216178     
  -2.54251347894142       0.105836180939684        40.1313435025575     
  -2.51620502678751       0.126152485614273        40.2574959881718     
  -2.48989657463360       0.140988980079226        40.3984849682510     
  -2.46358812247968       0.147534513345168        40.5460194815962     
  -2.43727967032578       0.144482046809215        40.6905015284054     
  -2.41097121817186       0.132466540944681        40.8229680693501     
  -2.38466276601795       0.113875845744872        40.9368439150949     
  -2.35835431386404       9.211859391100698E-002   41.0289625090059     
  -2.33204586171013       7.065848991237804E-002   41.0996209989183     
  -2.30573740955622       5.218297787872933E-002   41.1518039767970     
  -2.27942895740231       3.815831541000696E-002   41.1899622922070     
  -2.25312050524840       2.882384254124217E-002   41.2187861347483     
  -2.22681205309449       2.351084476146493E-002   41.2422969795098     
  -2.20050360094057       2.110040458278080E-002   41.2633973840925     
  -2.17419514878667       2.045297459849280E-002   41.2838503586910     
  -2.14788669663275       2.070365223215346E-002   41.3045540109232     
  -2.12157824447884       2.138056351011496E-002   41.3259345744333     
  -2.09526979232493       2.235498083204188E-002   41.3482895552653     
  -2.06896134017102       2.367313140851827E-002   41.3719626866739     
  -2.04265288801711       2.535061069314784E-002   41.3973132973670     
  -2.01634443586320       2.721999445937462E-002   41.4245332918264     
  -1.99003598370929       2.889873929545334E-002   41.4534320311218     
  -1.96372753155538       2.989000862202985E-002   41.4833220397439     
  -1.93741907940147       2.976584080672953E-002   41.5130878805506     
  -1.91111062724756       2.834220810713781E-002   41.5414300886577     
  -1.88480217509364       2.576141943936643E-002   41.5671915080971     
  -1.85849372293973       2.244630428813390E-002   41.5896378123852     
  -1.83218527078582       1.895518282012778E-002   41.6085929952054     
  -1.80587681863191       1.581104873884071E-002   41.6244040439442     
  -1.77956836647800       1.338039741753206E-002   41.6377844413617     
  -1.75325991432409       1.184014430519884E-002   41.6496245856669     
  -1.72695146217018       1.121980508979966E-002   41.6608443907567     
  -1.70064301001627       1.147016541001574E-002   41.6723145561668     
  -1.67433455786236       1.250670049056055E-002   41.6848212566573     
  -1.64802610570845       1.420372908551076E-002   41.6990249857428     
  -1.62171765355453       1.635485304181993E-002   41.7153798387846     
  -1.59540920140062       1.864246065359592E-002   41.7340222994382     
  -1.56910074924671       2.065764907049351E-002   41.7546799485087     
  -1.54279229709280       2.198251192603078E-002   41.7766624604348     
  -1.51648384493889       2.230706026200496E-002   41.7989695206968     
  -1.49017539278498       2.152770205848986E-002   41.8204972227553     
  -1.46386694063107       1.977930588065705E-002   41.8402765286359     
  -1.43755848847716       1.738536319936718E-002   41.8576618918353     
  -1.41125003632325       1.475056147955295E-002   41.8724124533148     
  -1.38494158416934       1.224398136759216E-002   41.8846564346824     
  -1.35863313201542       1.011807729291073E-002   41.8947745119753     
  -1.33232467986151       8.484960975862465E-003   41.9032594729512     
  -1.30601622770760       7.343710008739403E-003   41.9106031829599     
  -1.27970777555369       6.634540931026106E-003   41.9172377238910     
  -1.25339932339978       6.292121023397910E-003   41.9235298449144     
  -1.22709087124587       6.277309560249494E-003   41.9298071544746     
  -1.20078241909196       6.578378828515776E-003   41.9363855333031     
  -1.17447396693805       7.185317397196643E-003   41.9435708507003     
  -1.14816551478414       8.051699584961778E-003   41.9516225502853     
  -1.12185706263023       9.064810059475195E-003   41.9606873603448     
  -1.09554861047631       1.004278435182522E-002   41.9707301446966     
  -1.06924015832240       1.076636515738811E-002   41.9814965098540     
  -1.04293170616849       1.103638519253126E-002   41.9925328950465     
  -1.01662325401458       1.073440948845284E-002   42.0032673045350     
 -0.990314801860670       9.860919532730435E-003   42.0131282240677     
 -0.964006349706761       8.535233052129257E-003   42.0216634571198     
 -0.937697897552848       6.958794699198931E-003   42.0286222518190     
 -0.911389445398939       5.358999754652817E-003   42.0339812515737     
 -0.885080993245026       3.936465570621365E-003   42.0379177171443     
 -0.858772541091117       2.833021615477871E-003   42.0407507387598     
 -0.832464088937204       2.125409411220359E-003   42.0428761481710     
 -0.806155636783295       1.838133325456541E-003   42.0447142814964     
 -0.779847184629382       1.963432393226238E-003   42.0466777138897     
 -0.753538732475473       2.477841482122130E-003   42.0491555553718     
 -0.727230280321560       3.350360246876319E-003   42.0525059156187     
 -0.700921828167651       4.542729375410511E-003   42.0570486449941     
 -0.674613376013738       6.005038434526638E-003   42.0630536834286     
 -0.648304923859829       7.669819886597051E-003   42.0707235033152     
 -0.621996471705916       9.446830726187841E-003   42.0801703340414     
 -0.595688019552007       1.122072845674232E-002   42.0913910624981     
 -0.569379567398094       1.285476520208881E-002   42.1042458277002     
 -0.543071115244185       1.420350228080594E-002   42.1184493299810     
 -0.516762663090272       1.513459068333774E-002   42.1335839206644     
 -0.490454210936363       1.555458960765971E-002   42.1491385102720     
 -0.464145758782450       1.543000754333488E-002   42.1645685178154     
 -0.437837306628541       1.479563392505495E-002   42.1793641517404     
 -0.411528854474629       1.374788359522846E-002   42.1931120353356     
 -0.385220402320719       1.242754643349264E-002   42.2055395817691     
 -0.358911950166807       1.099939931583534E-002   42.2165389810850     
 -0.332603498012897       9.633977990785964E-003   42.2261729590758     
 -0.306295045858985       8.491955891007021E-003   42.2346649149668     
 -0.279986593705075       7.708256488779218E-003   42.2423731714555     
 -0.253678141551163       7.373618238790245E-003   42.2497467896943     
 -0.227369689397253       7.514985222450807E-003   42.2572617749168     
 -0.201061237243341       8.080132679689942E-003   42.2653419075965     
 -0.174752785089431       8.934033450230241E-003   42.2742759410467     
 -0.148444332935519       9.873546173961422E-003   42.2841494872207     
 -0.122135880781610       1.066282150353591E-002   42.2948123087242     
 -9.582742862769678E-002  1.108484584097129E-002   42.3058971545652     
 -6.951897647378757E-002  1.099669299881811E-002   42.3168938475640     
 -4.321052431987482E-002  1.037103816557611E-002   42.3272648857296     
 -1.690207216596562E-002  9.308151242755547E-003   42.3365730369723     
  9.406379987947133E-003  8.011869061640592E-003   42.3445849060340     
  3.571483214185633E-002  6.736292786474357E-003   42.3513211988204     
  6.202328429576909E-002  5.720712271295889E-003   42.3570419110917     
  8.833173644967829E-002  5.133482968187168E-003   42.3621753940599     
  0.114640188603591       5.040743609048676E-003   42.3672161376690     
  0.140948640757500       5.406411439917976E-003   42.3726225491089     
  0.167257092911413       6.120091081979475E-003   42.3787426401909     
  0.193565545065322       7.041937197649616E-003   42.3857845773885     
  0.219873997219235       8.049048635561632E-003   42.3938336260241     
  0.246182449373144       9.067498659950787E-003   42.4029011246840     
  0.272490901527057       1.007884042659519E-002   42.4129799651106     
  0.298799353680966       1.109984496524828E-002   42.4240798100759     
  0.325107805834879       1.214620141870821E-002   42.4362260114946     
  0.351416257988788       1.319909250308181E-002   42.4494251039977     
  0.377724710142701       1.419260758403767E-002   42.4636177115817     
  0.404033162296610       1.502900138608984E-002   42.4786467129678     
  0.430341614450523       1.561313956463863E-002   42.4942598525324     
  0.456650066604432       1.588619796404783E-002   42.5101460504965     
  0.482958518758345       1.583922234299114E-002   42.5259852728395     
  0.509266970912254       1.549991944974478E-002   42.5414851922892     
  0.535575423066167       1.490323064031597E-002   42.5563884229295     
  0.561883875220076       1.406645886452299E-002   42.5704548817941     
  0.588192327373989       1.298593718153780E-002   42.5834408189756     
  0.614500779527898       1.165708561365642E-002   42.5950979045893     
  0.640809231681811       1.010380477318788E-002   42.6052017093624     
  0.667117683835723       8.397259384783827E-003   42.6135989687472     
  0.693426135989633       6.651395069228673E-003   42.6202503638165     
  0.719734588143545       4.996993909941779E-003   42.6252473577264     
  0.746043040297454       3.547756571537867E-003   42.6287951142979     
  0.772351492451367       2.374244893791512E-003   42.6311693591917     
  0.798659944605276       1.495031376895790E-003   42.6326643905686     
  0.824968396759189       8.847270900942776E-004   42.6335491176587     
  0.851276848913098       4.916570538395971E-004   42.6340407747126     
  0.877585301067011       2.564424615904119E-004   42.6342972171742     
  0.903893753220920       1.255025469407763E-004   42.6344227197211     
  0.930202205374833       5.761829220317243E-005   42.6344803380133     
  0.956510657528742       2.481152585862722E-005   42.6345051495392     
  0.982819109682655       1.002045889122644E-005   42.6345151699981     
   1.00912756183656       3.795115615748600E-006   42.6345189651137     
   1.03543601399048       1.347808416297677E-006   42.6345203129221     
   1.06174446614439       4.488032248214415E-007   42.6345207617253     
   1.08805291829830       1.401075385903755E-007   42.6345209018329     
   1.11436137045221       4.100067143722113E-008   42.6345209428335     
   1.14066982260612       1.124562187065103E-008   42.6345209540792     
   1.16697827476003       2.890489739400676E-009   42.6345209569696     
   1.19328672691394       6.961155362665085E-010   42.6345209576658     
   1.21959517906785       1.570488583208206E-010   42.6345209578228     
   1.24590363122176       3.318560611737845E-011   42.6345209578560     
   1.27221208337567       6.566617837424792E-012   42.6345209578626     
   1.29852053552959       1.216536778113228E-012   42.6345209578638     
   1.32482898768350       2.109669688812425E-013   42.6345209578640     
   1.35113743983741       3.423829771477337E-014   42.6345209578640     
   1.37744589199132       5.198713219026698E-015   42.6345209578640     
   1.40375434414523       7.396292343777107E-016   42.6345209578640     
   1.43006279629914       9.818537301988978E-017   42.6345209578640     
   1.45637124845305       1.214498760178611E-017   42.6345209578640     
   1.48267970060696       1.363198786666187E-018   42.6345209578640     
   1.50898815276087       0.000000000000000E+000   42.6345209578640     
   1.53529660491478       0.000000000000000E+000   42.6345209578640     
   1.56160505706870       0.000000000000000E+000   42.6345209578640     
   1.58791350922261       0.000000000000000E+000   42.6345209578640     
   1.61422196137652       0.000000000000000E+000   42.6345209578640     
   1.64053041353043       0.000000000000000E+000   42.6345209578640     
   1.66683886568434       0.000000000000000E+000   42.6345209578640     
   1.69314731783825       0.000000000000000E+000   42.6345209578640     
   1.71945576999216       0.000000000000000E+000   42.6345209578640     
   1.74576422214607       0.000000000000000E+000   42.6345209578640     
   1.77207267429998       0.000000000000000E+000   42.6345209578640     
   1.79838112645389       0.000000000000000E+000   42.6345209578640     
   1.82468957860781       0.000000000000000E+000   42.6345209578640     
   1.85099803076172       0.000000000000000E+000   42.6345209578640     
   1.87730648291563       0.000000000000000E+000   42.6345209578640     
   1.90361493506954       0.000000000000000E+000   42.6345209578640     
   1.92992338722345       0.000000000000000E+000   42.6345209578640     
   1.95623183937736       0.000000000000000E+000   42.6345209578640     
   1.98254029153127       0.000000000000000E+000   42.6345209578640     
   2.00884874368518       0.000000000000000E+000   42.6345209578640     
   2.03515719583909       0.000000000000000E+000   42.6345209578640     
   2.06146564799300       0.000000000000000E+000   42.6345209578640     
   2.08777410014692       0.000000000000000E+000   42.6345209578640     
   2.11408255230083       0.000000000000000E+000   42.6345209578640     
   2.14039100445474       0.000000000000000E+000   42.6345209578640     
   2.16669945660865       0.000000000000000E+000   42.6345209578640     
   2.19300790876256       0.000000000000000E+000   42.6345209578640     
   2.21931636091647       0.000000000000000E+000   42.6345209578640     
   2.24562481307038       0.000000000000000E+000   42.6345209578640     
   2.27193326522429       0.000000000000000E+000   42.6345209578640     
   2.29824171737820       0.000000000000000E+000   42.6345209578640     
   2.32455016953211       0.000000000000000E+000   42.6345209578640     
   2.35085862168603       0.000000000000000E+000   42.6345209578640     
   2.37716707383994       0.000000000000000E+000   42.6345209578640     
   2.40347552599385       0.000000000000000E+000   42.6345209578640     
   2.42978397814776       0.000000000000000E+000   42.6345209578640     
   2.45609243030167       0.000000000000000E+000   42.6345209578640     
   2.48240088245558       0.000000000000000E+000   42.6345209578640     
   2.50870933460949       0.000000000000000E+000   42.6345209578640     
   2.53501778676340       0.000000000000000E+000   42.6345209578640     
   2.56132623891731       0.000000000000000E+000   42.6345209578640     
   2.58763469107122       0.000000000000000E+000   42.6345209578640     
   2.61394314322514       0.000000000000000E+000   42.6345209578640     
   2.64025159537904       0.000000000000000E+000   42.6345209578640     
