0.982829448187862
0.998322625369457
0.994477946202143
0.999924145526119
0.989035868460654
0.998297428376653
0.982969328499763
4.196930881574286E-004
0.985456622433400
0.982261188931224
1.620978233336108E-002
8.847036245023957E-003
1.334381161715683E-004
0.945121414234921
4.648307330621837E-003
4.359211043684772E-003
0.975647643732271
5.426056243389711E-003
1.029348653617303E-003
1.507612921949113E-002
2.134675619065314E-003
4.628696713184653E-004
5.076116272600309E-004
6.432814896373775E-004
4.922876245732517E-004
5.083704625866062E-004
0.996672244901320
0.965999698250143
0.525247603164922
0.969097540592059
1.196104373731590E-002
1.738378233659767E-002
3.960986621567113E-003
1.740073153687877E-002
0.116100517426634
0.240284460310578
0.100338040176155
3.227681608288376E-003
0.937501490615300
2.478060608726600E-003
3.293135802803134E-002
0.343685795454692
0.475404585932155
8.939720328459973E-002
1.642589201471777E-003
5.618899895749564E-003
7.444543157656710E-003
0.993856019401165
9.014674716099697E-003
7.237830873567105E-003
5.702372397907261E-002
5.594179652936297E-003
1.357549831913208E-004
1.916440448597806E-004
1.087147104950190E-004
1.502960454158190E-003
7.921501110355905E-005
1.284410448074200E-003
5.686309264109799E-002
2.916299515105036E-003
0.724128695518805
0.129356548127701
4.324844207474509E-003
7.615998570376614E-003
2.335953177909465E-003
3.412560435646324E-003
2.171973768301229E-003
2.804496787641419E-004
1.085652773703328E-002
2.698110038364924E-004
1.964001286696709E-004
5.097860300214887E-003
1.356551362624842E-004
2.389858082121602E-002
3.615939065897878E-003
3.633078448734169E-003
3.301441842957956E-003
1.783912746967252E-003
0.998574364000637
3.468692561715434E-002
5.646549241098672E-004
7.364000422758110E-003
9.295253950269398E-003
2.568574298941936E-003
1.867920090728707E-003
1.527844527440605E-003
1.277070822006444E-002
8.781404444756549E-003
4.734651782390597E-002
1.047198135527419E-002
6.856103707263544E-002
3.832623940677271E-003
3.591877867313661E-003
0.649115991700027
7.847639542081734E-003
0.124864395225603
2.658968903884267E-002
9.709015524061561E-004
9.727675440279680E-002
1.416773316319765E-002
1.010643252677359E-002
5.514200658194566E-003
1.076355622507981E-003
5.902125737910462E-004
2.514883800967046E-003
1.231559154225333E-002
3.589533735005613E-002
6.051932329155066E-004
3.352703924491372E-004
1.798174562950485E-002
1.912217542746880E-003
1.408321624188076E-002
2.611534175491284E-002
1.783114589265320E-002
2.187875693898455E-002
3.328084661169124E-003
1.420238283179194E-003
7.757776729773125E-004
9.405983207380886E-003
4.283661963096402E-002
2.653292476612702E-002
1.482043641715433E-002
7.624206004726483E-003
1.532673738331149E-002
2.777500559181874E-002
3.317836401893727E-003
5.402466452587868E-003
2.053926141925446E-002
1.140860509925588E-002
4.106234346705183E-003
6.190746124168207E-003
5.313090641750165E-002
3.823712572598718E-002
2.508349329499273E-002
7.791053874561585E-002
2.538363447941758E-003
7.126687491134097E-003
7.364507202019549E-003
2.142802855809496E-002
5.872898542482899E-002
2.769800823199956E-002
1.969814952232733E-002
0.402564406807490
0.199508545892610
0.345871446989946
2.434796851850982E-003
1.380026562547927E-002
0.118231153411140
5.053353504368976E-002
2.976892480413122E-002
2.465091167258631E-002
3.519302721597640E-002
2.503808467760730E-002
2.946774232078805E-002
0.212425493208420
0.719636795396542
4.572726124268845E-002
5.613408060200584E-002
0.278368276791749
0.241648773549059
2.991420202865705E-002
3.855645526890898E-002
7.695654802235063E-002
0.231889941364040
0.316771186900995
7.664843189171719E-002
0.464498163748768
0.352699561290024
4.322280157913064E-002
1.397607711952949E-002
8.061635741771244E-003
2.538318692577030E-002
1.651569030736260E-002
0.161399390240443
0.143105255662896
7.076393322529193E-002
4.972896051893142E-002
2.411304761450652E-002
4.786109729883538E-002
3.504753991712163E-002
3.545988444231021E-002
4.958752265600905E-002
0.239792469758234
0.145220970478530
4.588504081210781E-002
0.512120580794233
0.902978122495392
0.650932234822420
0.434671521777467
0.252175087522843
3.481324466418280E-002
0.315931836239184
0.419750120956617
0.575969764809427
0.123918884914541
0.197492885405061
0.406657817276987
0.250235548317683
0.381708408307852
