  -32.8017697547684       0.000000000000000E+000  0.000000000000000E+000
  -32.7653092643052       0.000000000000000E+000  0.000000000000000E+000
  -32.7288487738420       0.000000000000000E+000  0.000000000000000E+000
  -32.6923882833787       0.000000000000000E+000  0.000000000000000E+000
  -32.6559277929155       0.000000000000000E+000  0.000000000000000E+000
  -32.6194673024523       0.000000000000000E+000  0.000000000000000E+000
  -32.5830068119891       0.000000000000000E+000  0.000000000000000E+000
  -32.5465463215259       0.000000000000000E+000  0.000000000000000E+000
  -32.5100858310627       0.000000000000000E+000  0.000000000000000E+000
  -32.4736253405995       0.000000000000000E+000  0.000000000000000E+000
  -32.4371648501362       0.000000000000000E+000  0.000000000000000E+000
  -32.4007043596730       0.000000000000000E+000  0.000000000000000E+000
  -32.3642438692098       0.000000000000000E+000  0.000000000000000E+000
  -32.3277833787466       0.000000000000000E+000  0.000000000000000E+000
  -32.2913228882834       0.000000000000000E+000  0.000000000000000E+000
  -32.2548623978202       0.000000000000000E+000  0.000000000000000E+000
  -32.2184019073569       0.000000000000000E+000  0.000000000000000E+000
  -32.1819414168937       0.000000000000000E+000  0.000000000000000E+000
  -32.1454809264305       0.000000000000000E+000  0.000000000000000E+000
  -32.1090204359673       0.000000000000000E+000  0.000000000000000E+000
  -32.0725599455041       0.000000000000000E+000  0.000000000000000E+000
  -32.0360994550409       0.000000000000000E+000  0.000000000000000E+000
  -31.9996389645777       0.000000000000000E+000  0.000000000000000E+000
  -31.9631784741144       0.000000000000000E+000  0.000000000000000E+000
  -31.9267179836512       0.000000000000000E+000  0.000000000000000E+000
  -31.8902574931880       0.000000000000000E+000  0.000000000000000E+000
  -31.8537970027248       0.000000000000000E+000  0.000000000000000E+000
  -31.8173365122616       0.000000000000000E+000  0.000000000000000E+000
  -31.7808760217984       0.000000000000000E+000  0.000000000000000E+000
  -31.7444155313352       0.000000000000000E+000  0.000000000000000E+000
  -31.7079550408719       0.000000000000000E+000  0.000000000000000E+000
  -31.6714945504087       1.091159882657802E-016  1.091159882657802E-016
  -31.6350340599455       1.559484851825872E-015  1.668600840091652E-015
  -31.5985735694823       2.678563083043864E-014  2.845423167053029E-014
  -31.5621130790191       4.164143164536127E-013  4.448685481241430E-013
  -31.5256525885559       5.681073953082751E-012  6.125942501206894E-012
  -31.4891920980926       6.792245899793944E-011  7.404840149914634E-011
  -31.4527316076294       7.117901797952994E-010  7.858385812944458E-010
  -31.4162711171662       6.538151905502061E-009  7.323990486796507E-009
  -31.3798106267030       5.264239695516646E-008  5.996638744196297E-008
  -31.3433501362398       3.715408978129128E-007  4.315072852548758E-007
  -31.3068896457766       2.298689313377702E-006  2.730196598632578E-006
  -31.2704291553134       1.246718961378856E-005  1.519738621242114E-005
  -31.2339686648501       5.927655723511149E-005  7.447394344753263E-005
  -31.1975081743869       2.470782025224053E-004  3.215521459699379E-004
  -31.1610476839237       9.028867170229701E-004  1.224438862992908E-003
  -31.1245871934605       2.892604719791639E-003  4.117043582784547E-003
  -31.0881267029973       8.124764549911716E-003  1.224180813269626E-002
  -31.0516662125341       2.000812553578451E-002  3.224993366848077E-002
  -31.0152057220708       4.319994196193552E-002  7.544987563041630E-002
  -30.9787452316076       8.178007448463788E-002  0.157229950115054     
  -30.9422847411444       0.135739276936399       0.292969227051453     
  -30.9058242506812       0.197544547135152       0.490513774186605     
  -30.8693637602180       0.252083187769824       0.742596961956429     
  -30.8329032697548       0.282100770957031        1.02469773291346     
  -30.7964427792916       0.277008741285218        1.30170647419868     
  -30.7599822888283       0.239230401616539        1.54093687581522     
  -30.7235217983651       0.183410206436573        1.72434708225179     
  -30.6870613079019       0.129384860813638        1.85373194306543     
  -30.6506008174387       9.426371697118757E-002   1.94799566003662     
  -30.6141403269755       8.799834715402435E-002   2.03599400719064     
  -30.5776798365123       0.112390892489124        2.14838489967976     
  -30.5412193460490       0.161039148216376        2.30942404789614     
  -30.5047588555858       0.219545587525951        2.52896963542209     
  -30.4682983651226       0.268215364254952        2.79718499967704     
  -30.4318378746594       0.288874006313785        3.08605900599083     
  -30.3953773841962       0.273159585359246        3.35921859135007     
  -30.3589168937330       0.226552434316057        3.58577102566613     
  -30.3224564032698       0.164761810744957        3.75053283641109     
  -30.2859959128065       0.105063306037722        3.85559614244881     
  -30.2495354223433       5.874110483029754E-002   3.91433724727911     
  -30.2130749318801       2.879541507870589E-002   3.94313266235781     
  -30.1766144414169       1.237623580674103E-002   3.95550889816456     
  -30.1401539509537       4.663703700184296E-003   3.96017260186474     
  -30.1036934604905       1.540787597863081E-003   3.96171338946260     
  -30.0672329700272       4.462883188888765E-004   3.96215967778149     
  -30.0307724795640       1.133286928484464E-004   3.96227300647434     
  -29.9943119891008       2.522933636185359E-005   3.96229823581070     
  -29.9578514986376       4.923825868931738E-006   3.96230315963657     
  -29.9213910081744       8.424016359510693E-007   3.96230400203821     
  -29.8849305177112       1.263407974254102E-007   3.96230412837900     
  -29.8484700272480       1.660977415540285E-008   3.96230414498878     
  -29.8120095367847       1.914110454489969E-009   3.96230414690289     
  -29.7755490463215       1.933483774094535E-010   3.96230414709624     
  -29.7390885558583       1.711874322553858E-011   3.96230414711336     
  -29.7026280653951       1.328504646160780E-012   3.96230414711468     
  -29.6661675749319       9.038346497138730E-014   3.96230414711478     
  -29.6297070844687       5.348544238939906E-015   3.96230414711478     
  -29.5932465940054       2.951659966121103E-016   3.96230414711478     
  -29.5567861035422       0.000000000000000E+000   3.96230414711478     
  -29.5203256130790       0.000000000000000E+000   3.96230414711478     
  -29.4838651226158       0.000000000000000E+000   3.96230414711478     
  -29.4474046321526       0.000000000000000E+000   3.96230414711478     
  -29.4109441416894       0.000000000000000E+000   3.96230414711478     
  -29.3744836512262       0.000000000000000E+000   3.96230414711478     
  -29.3380231607629       0.000000000000000E+000   3.96230414711478     
  -29.3015626702997       0.000000000000000E+000   3.96230414711478     
  -29.2651021798365       0.000000000000000E+000   3.96230414711478     
  -29.2286416893733       0.000000000000000E+000   3.96230414711478     
  -29.1921811989101       0.000000000000000E+000   3.96230414711478     
  -29.1557207084469       0.000000000000000E+000   3.96230414711478     
  -29.1192602179837       0.000000000000000E+000   3.96230414711478     
  -29.0827997275204       0.000000000000000E+000   3.96230414711478     
  -29.0463392370572       0.000000000000000E+000   3.96230414711478     
  -29.0098787465940       0.000000000000000E+000   3.96230414711478     
  -28.9734182561308       0.000000000000000E+000   3.96230414711478     
  -28.9369577656676       0.000000000000000E+000   3.96230414711478     
  -28.9004972752044       0.000000000000000E+000   3.96230414711478     
  -28.8640367847411       0.000000000000000E+000   3.96230414711478     
  -28.8275762942779       0.000000000000000E+000   3.96230414711478     
  -28.7911158038147       0.000000000000000E+000   3.96230414711478     
  -28.7546553133515       0.000000000000000E+000   3.96230414711478     
  -28.7181948228883       0.000000000000000E+000   3.96230414711478     
  -28.6817343324251       0.000000000000000E+000   3.96230414711478     
  -28.6452738419619       0.000000000000000E+000   3.96230414711478     
  -28.6088133514986       0.000000000000000E+000   3.96230414711478     
  -28.5723528610354       0.000000000000000E+000   3.96230414711478     
  -28.5358923705722       0.000000000000000E+000   3.96230414711478     
  -28.4994318801090       0.000000000000000E+000   3.96230414711478     
  -28.4629713896458       0.000000000000000E+000   3.96230414711478     
  -28.4265108991826       0.000000000000000E+000   3.96230414711478     
  -28.3900504087193       0.000000000000000E+000   3.96230414711478     
  -28.3535899182561       0.000000000000000E+000   3.96230414711478     
  -28.3171294277929       0.000000000000000E+000   3.96230414711478     
  -28.2806689373297       0.000000000000000E+000   3.96230414711478     
  -28.2442084468665       0.000000000000000E+000   3.96230414711478     
  -28.2077479564033       0.000000000000000E+000   3.96230414711478     
  -28.1712874659401       0.000000000000000E+000   3.96230414711478     
  -28.1348269754768       0.000000000000000E+000   3.96230414711478     
  -28.0983664850136       1.104092313355557E-016   3.96230414711478     
  -28.0619059945504       1.473111448361357E-015   3.96230414711478     
  -28.0254455040872       2.533541439227331E-014   3.96230414711481     
  -27.9889850136240       3.952866124842846E-013   3.96230414711520     
  -27.9525245231608       5.408448813871504E-012   3.96230414712061     
  -27.9160640326975       6.486774081746035E-011   3.96230414718548     
  -27.8796035422343       6.819242723219479E-010   3.96230414786740     
  -27.8431430517711       6.283589077896722E-009   3.96230415415099     
  -27.8066825613079       5.075241646834102E-008   3.96230420490341     
  -27.7702220708447       3.593318316237354E-007   3.96230456423524     
  -27.7337615803815       2.230165257758094E-006   3.96230679440050     
  -27.6973010899183       1.213368615648116E-005   3.96231892808666     
  -27.6608405994550       5.787277668583705E-005   3.96237680086334     
  -27.6243801089918       2.419873600473569E-004   3.96261878822339     
  -27.5879196185286       8.870705753474627E-004   3.96350585879874     
  -27.5514591280654       2.850889858414082E-003   3.96635674865715     
  -27.5149986376022       8.032826092613611E-003   3.97438957474976     
  -27.4785381471390       1.984403648749309E-002   3.99423361123726     
  -27.4420776566757       4.298061051586691E-002   4.03721422175312     
  -27.4056171662125       8.162107347593231E-002   4.11883529522906     
  -27.3691566757493       0.135901561102428        4.25473685633148     
  -27.3326961852861       0.198400719978759        4.45313757631024     
  -27.2962356948229       0.253957982920356        4.70709555923060     
  -27.2597752043597       0.285024638993918        4.99212019822452     
  -27.2233147138965       0.280482537160433        5.27260273538495     
  -27.1868542234332       0.242009270049209        5.51461200543416     
  -27.1503937329700       0.183087914929209        5.69769992036337     
  -27.1139332425068       0.121446920573719        5.81914684093709     
  -27.0774727520436       7.063322778206127E-002   5.88978006871915     
  -27.0410122615804       3.601826817391115E-002   5.92579833689306     
  -27.0045517711172       1.610357584108521E-002   5.94190191273414     
  -26.9680912806540       6.312495164012119E-003   5.94821440789816     
  -26.9316307901907       2.169459905874554E-003   5.95038386780403     
  -26.8951702997275       6.536808467880886E-004   5.95103754865082     
  -26.8587098092643       1.726769527283124E-004   5.95121022560355     
  -26.8222493188011       3.998965508523615E-005   5.95125021525863     
  -26.7857888283379       8.118861236360022E-006   5.95125833411987     
  -26.7493283378747       1.444992751964329E-006   5.95125977911262     
  -26.7128678474114       2.254486773550508E-007   5.95126000456130     
  -26.6764073569482       3.083394661256967E-008   5.95126003539525     
  -26.6399468664850       3.696557627202946E-009   5.95126003909180     
  -26.6034863760218       3.884544314029977E-010   5.95126003948026     
  -26.5670258855586       3.578025824847151E-011   5.95126003951604     
  -26.5305653950954       2.888615640325966E-012   5.95126003951893     
  -26.4941049046322       2.044399971709350E-013   5.95126003951913     
  -26.4576444141689       1.262611504673461E-014   5.95126003951914     
  -26.4211839237057       7.227276148849900E-016   5.95126003951914     
  -26.3847234332425       0.000000000000000E+000   5.95126003951914     
  -26.3482629427793       0.000000000000000E+000   5.95126003951914     
  -26.3118024523161       0.000000000000000E+000   5.95126003951914     
  -26.2753419618529       0.000000000000000E+000   5.95126003951914     
  -26.2388814713896       0.000000000000000E+000   5.95126003951914     
  -26.2024209809264       0.000000000000000E+000   5.95126003951914     
  -26.1659604904632       0.000000000000000E+000   5.95126003951914     
  -26.1295000000000       0.000000000000000E+000   5.95126003951914     
  -26.0930395095368       0.000000000000000E+000   5.95126003951914     
  -26.0565790190736       0.000000000000000E+000   5.95126003951914     
  -26.0201185286104       0.000000000000000E+000   5.95126003951914     
  -25.9836580381471       0.000000000000000E+000   5.95126003951914     
  -25.9471975476839       0.000000000000000E+000   5.95126003951914     
  -25.9107370572207       0.000000000000000E+000   5.95126003951914     
  -25.8742765667575       0.000000000000000E+000   5.95126003951914     
  -25.8378160762943       0.000000000000000E+000   5.95126003951914     
  -25.8013555858311       0.000000000000000E+000   5.95126003951914     
  -25.7648950953678       0.000000000000000E+000   5.95126003951914     
  -25.7284346049046       0.000000000000000E+000   5.95126003951914     
  -25.6919741144414       0.000000000000000E+000   5.95126003951914     
  -25.6555136239782       0.000000000000000E+000   5.95126003951914     
  -25.6190531335150       0.000000000000000E+000   5.95126003951914     
  -25.5825926430518       0.000000000000000E+000   5.95126003951914     
  -25.5461321525886       0.000000000000000E+000   5.95126003951914     
  -25.5096716621253       0.000000000000000E+000   5.95126003951914     
  -25.4732111716621       0.000000000000000E+000   5.95126003951914     
  -25.4367506811989       0.000000000000000E+000   5.95126003951914     
  -25.4002901907357       0.000000000000000E+000   5.95126003951914     
  -25.3638297002725       0.000000000000000E+000   5.95126003951914     
  -25.3273692098093       7.770971664692131E-016   5.95126003951914     
  -25.2909087193460       1.323396040849097E-014   5.95126003951916     
  -25.2544482288828       2.125165608705736E-013   5.95126003951937     
  -25.2179877384196       2.997865295015415E-012   5.95126003952237     
  -25.1815272479564       3.707288274999460E-011   5.95126003955944     
  -25.1450667574932       4.018375449500238E-010   5.95126003996128     
  -25.1086062670300       3.817741603853491E-009   5.95126004377902     
  -25.0721457765668       3.179339238165861E-008   5.95126007557241     
  -25.0356852861035       2.320888677656403E-007   5.95126030766128     
  -24.9992247956403       1.485153357572080E-006   5.95126179281464     
  -24.9627643051771       8.331053268714255E-006   5.95127012386791     
  -24.9263038147139       4.096865913527884E-005   5.95131109252704     
  -24.8898433242507       1.766191943119067E-004   5.95148771172135     
  -24.8533828337875       6.675270043552417E-004   5.95215523872571     
  -24.8169223433243       2.211843421498400E-003   5.95436708214721     
  -24.7804618528610       6.425450586030284E-003   5.96079253273324     
  -24.7440013623978       1.636532849131149E-002   5.97715786122455     
  -24.7075408719346       3.654476646983291E-002   6.01370262769438     
  -24.6710803814714       7.155029847453102E-002   6.08525292616891     
  -24.6346198910082       0.122825629422703        6.20807855559162     
  -24.5981594005450       0.184868242629756        6.39294679822137     
  -24.5616989100817       0.243969094361575        6.63691589258295     
  -24.5252384196185       0.282298675094531        6.91921456767748     
  -24.4887779291553       0.286408317232197        7.20562288490968     
  -24.4523174386921       0.254779976863836        7.46040286177351     
  -24.4158569482289       0.198722413601836        7.65912527537535     
  -24.3793964577657       0.135902738250849        7.79502801362620     
  -24.3429359673025       8.149034769236682E-002   7.87651836131856     
  -24.3064754768392       4.284266687716015E-002   7.91936102819572     
  -24.2700149863760       1.974849077915560E-002   7.93910951897488     
  -24.2335544959128       7.981272788366647E-003   7.94709079176325     
  -24.1970940054496       2.828030119146562E-003   7.94991882188239     
  -24.1606335149864       8.785398439561227E-004   7.95079736172635     
  -24.1241730245232       2.392740245761963E-004   7.95103663575093     
  -24.0877125340599       5.713163614407187E-005   7.95109376738707     
  -24.0512520435967       1.195900126642428E-005   7.95110572638834     
  -24.0147915531335       2.194665953047906E-006   7.95110792105429     
  -23.9783310626703       3.545624784779873E-007   7.95110827561677     
  -23.9418705722071       6.335407347188526E-008   7.95110833897084     
  -23.9054100817439       1.106564546903578E-007   7.95110844962729     
  -23.8689495912807       7.059211534441553E-007   7.95110915554845     
  -23.8324891008174       4.172299679641271E-006   7.95111332784813     
  -23.7960286103542       2.163767918102002E-005   7.95113496552731     
  -23.7595681198910       9.837441080088147E-005   7.95123333993811     
  -23.7231076294278       3.920977488187784E-004   7.95162543768693     
  -23.6866471389646       1.370115813939815E-003   7.95299555350087     
  -23.6501866485014       4.197399520900126E-003   7.95719295302177     
  -23.6137261580381       1.127384431347549E-002   7.96846679733524     
  -23.5772656675749       2.654851321552083E-002   7.99501531055076     
  -23.5408051771117       5.481402234337307E-002   8.04982933289414     
  -23.5043446866485       9.922756439720337E-002   8.14905689729134     
  -23.4678841961853       0.157495109867878        8.30655200715922     
  -23.4314237057221       0.219179408344339        8.52573141550356     
  -23.3949632152589       0.267444172393257        8.79317558789681     
  -23.3585027247956       0.286133641820110        9.07930922971692     
  -23.3220422343324       0.268415550641304        9.34772478035823     
  -23.2855817438692       0.220774469035888        9.56849924939412     
  -23.2491212534060       0.159217499223795        9.72771674861791     
  -23.2126607629428       0.100677117572793        9.82839386619070     
  -23.1762002724796       5.581680215718760E-002   9.88421066834789     
  -23.1397397820163       2.713241613141558E-002   9.91134308447931     
  -23.1032792915531       1.156366387277140E-002   9.92290674835208     
  -23.0668188010899       4.320948573303890E-003   9.92722769692538     
  -23.0303583106267       1.415570996821306E-003   9.92864326792220     
  -22.9938978201635       4.065786426109503E-004   9.92904984656481     
  -22.9574373297003       1.023784286643942E-004   9.92915222499348     
  -22.9209768392371       2.260025190967641E-005   9.92917482524539     
  -22.8845163487738       4.373693120792873E-006   9.92917919893851     
  -22.8480558583106       7.419971778035905E-007   9.92917994093569     
  -22.8115953678474       1.103477105253844E-007   9.92918005128340     
  -22.7751348773842       1.438531271587372E-008   9.92918006566871     
  -22.7386743869210       1.643832720418239E-009   9.92918006731254     
  -22.7022138964578       1.646513580696854E-010   9.92918006747719     
  -22.6657534059946       1.445536906244870E-011   9.92918006749165     
  -22.6292929155313       1.112314271694528E-012   9.92918006749276     
  -22.5928324250681       7.497319732331276E-014   9.92918006749284     
  -22.5563719346049       4.455575380262165E-015   9.92918006749284     
  -22.5199114441417       2.410563754140537E-016   9.92918006749284     
  -22.4834509536785       0.000000000000000E+000   9.92918006749284     
  -22.4469904632153       0.000000000000000E+000   9.92918006749284     
  -22.4105299727520       0.000000000000000E+000   9.92918006749284     
  -22.3740694822888       0.000000000000000E+000   9.92918006749284     
  -22.3376089918256       0.000000000000000E+000   9.92918006749284     
  -22.3011485013624       0.000000000000000E+000   9.92918006749284     
  -22.2646880108992       0.000000000000000E+000   9.92918006749284     
  -22.2282275204360       0.000000000000000E+000   9.92918006749284     
  -22.1917670299728       0.000000000000000E+000   9.92918006749284     
  -22.1553065395095       0.000000000000000E+000   9.92918006749284     
  -22.1188460490463       0.000000000000000E+000   9.92918006749284     
  -22.0823855585831       0.000000000000000E+000   9.92918006749284     
  -22.0459250681199       0.000000000000000E+000   9.92918006749284     
  -22.0094645776567       0.000000000000000E+000   9.92918006749284     
  -21.9730040871935       0.000000000000000E+000   9.92918006749284     
  -21.9365435967302       0.000000000000000E+000   9.92918006749284     
  -21.9000831062670       0.000000000000000E+000   9.92918006749284     
  -21.8636226158038       0.000000000000000E+000   9.92918006749284     
  -21.8271621253406       0.000000000000000E+000   9.92918006749284     
  -21.7907016348774       0.000000000000000E+000   9.92918006749284     
  -21.7542411444142       0.000000000000000E+000   9.92918006749284     
  -21.7177806539510       0.000000000000000E+000   9.92918006749284     
  -21.6813201634877       0.000000000000000E+000   9.92918006749284     
  -21.6448596730245       0.000000000000000E+000   9.92918006749284     
  -21.6083991825613       0.000000000000000E+000   9.92918006749284     
  -21.5719386920981       0.000000000000000E+000   9.92918006749284     
  -21.5354782016349       0.000000000000000E+000   9.92918006749284     
  -21.4990177111717       0.000000000000000E+000   9.92918006749284     
  -21.4625572207084       0.000000000000000E+000   9.92918006749284     
  -21.4260967302452       0.000000000000000E+000   9.92918006749284     
  -21.3896362397820       0.000000000000000E+000   9.92918006749284     
  -21.3531757493188       0.000000000000000E+000   9.92918006749284     
  -21.3167152588556       0.000000000000000E+000   9.92918006749284     
  -21.2802547683924       0.000000000000000E+000   9.92918006749284     
  -21.2437942779292       0.000000000000000E+000   9.92918006749284     
  -21.2073337874659       0.000000000000000E+000   9.92918006749284     
  -21.1708732970027       0.000000000000000E+000   9.92918006749284     
  -21.1344128065395       0.000000000000000E+000   9.92918006749284     
  -21.0979523160763       0.000000000000000E+000   9.92918006749284     
  -21.0614918256131       0.000000000000000E+000   9.92918006749284     
  -21.0250313351499       0.000000000000000E+000   9.92918006749284     
  -20.9885708446866       0.000000000000000E+000   9.92918006749284     
  -20.9521103542234       0.000000000000000E+000   9.92918006749284     
  -20.9156498637602       0.000000000000000E+000   9.92918006749284     
  -20.8791893732970       0.000000000000000E+000   9.92918006749284     
  -20.8427288828338       0.000000000000000E+000   9.92918006749284     
  -20.8062683923706       0.000000000000000E+000   9.92918006749284     
  -20.7698079019074       0.000000000000000E+000   9.92918006749284     
  -20.7333474114441       0.000000000000000E+000   9.92918006749284     
  -20.6968869209809       0.000000000000000E+000   9.92918006749284     
  -20.6604264305177       0.000000000000000E+000   9.92918006749284     
  -20.6239659400545       3.324998371223530E-016   9.92918006749284     
  -20.5875054495913       5.780864681219034E-015   9.92918006749285     
  -20.5510449591281       9.591970887235504E-014   9.92918006749294     
  -20.5145844686649       1.405731111114923E-012   9.92918006749435     
  -20.4781239782016       1.806367286767709E-011   9.92918006751241     
  -20.4416634877384       2.034406290275049E-010   9.92918006771585     
  -20.4052029972752       2.008297035723563E-009   9.92918006972415     
  -20.3687425068120       1.737755972252417E-008   9.92918008710171     
  -20.3322820163488       1.318053561286588E-007   9.92918021890707     
  -20.2958215258856       8.763413343089502E-007   9.92918109524840     
  -20.2593610354223       5.107656578972446E-006   9.92918620290498     
  -20.2229005449591       2.609696406138150E-005   9.92921229986904     
  -20.1864400544959       1.168932501960515E-004   9.92932919311924     
  -20.1499795640327       4.590190313704076E-004   9.92978821215060     
  -20.1135190735695       1.580242626351928E-003   9.93136845477696     
  -20.0770585831063       4.769556149366149E-003   9.93613801092632     
  -20.0405980926431       1.262123273748770E-002   9.94875924366381     
  -20.0041376021798       2.928214274485092E-002   9.97804138640866     
  -19.9676771117166       5.956456087501885E-002   10.0376059472837     
  -19.9312166212534       0.106233828095804        10.1438397753795     
  -19.8947561307902       0.166123965944072        10.3099637413236     
  -19.8582956403270       0.227771851993326        10.5377355933169     
  -19.8218351498638       0.273822274439524        10.8115578677564     
  -19.7853746594005       0.288629029638709        11.1001868973951     
  -19.7489141689373       0.266756006325892        11.3669429037210     
  -19.7124536784741       0.216167648499007        11.5831105522200     
  -19.6759931880109       0.153591685657076        11.7367022378771     
  -19.6395326975477       9.568466988015925E-002   11.8323869077573     
  -19.6030722070845       5.226497541941668E-002   11.8846518831767     
  -19.5666117166213       2.503043125354585E-002   11.9096823144302     
  -19.5301512261580       1.051034164320796E-002   11.9201926560734     
  -19.4936907356948       3.870645671333189E-003   11.9240633017448     
  -19.4572302452316       1.256858285702577E-003   11.9253201600305     
  -19.4207697547684       3.928817220803248E-004   11.9257130417525     
  -19.3843092643052       2.582222846641280E-004   11.9259712640372     
  -19.3478487738420       6.647552228140346E-004   11.9266360192600     
  -19.3113882833787       2.146717491303431E-003   11.9287827367513     
  -19.2749277929155       6.236780542780550E-003   11.9350195172941     
  -19.2384673024523       1.591005675280772E-002   11.9509295740469     
  -19.2020068119891       3.558769193365213E-002   11.9865172659806     
  -19.1655463215259       6.979363104361701E-002   12.0563108970242     
  -19.1290858310627       0.120011569100922        12.1763224661251     
  -19.0926253405995       0.180936488306819        12.3572589544319     
  -19.0561648501362       0.239181921456007        12.5964408758879     
  -19.0197043596730       0.277224778706147        12.8736656545941     
  -18.9832438692098       0.281733500678731        13.1553991552728     
  -18.9467833787466       0.251042832107901        13.4064419873807     
  -18.9103228882834       0.196136793344064        13.6025787807248     
  -18.8738623978202       0.134360046017690        13.7369388267425     
  -18.8374019073569       8.070080635568509E-002   13.8176396330981     
  -18.8009414168937       4.249893313658164E-002   13.8601385662347     
  -18.7644809264305       1.962299728381437E-002   13.8797615635185     
  -18.7280204359673       7.943896443970630E-003   13.8877054599625     
  -18.6915599455041       2.819522306732419E-003   13.8905249822692     
  -18.6550994550409       8.773707676461654E-004   13.8914023530369     
  -18.6186389645777       2.393577888145924E-004   13.8916417108257     
  -18.5821784741144       5.724783978758451E-005   13.8916989586655     
  -18.5457179836512       1.200348758585225E-005   13.8917109621531     
  -18.5092574931880       2.206386789511621E-006   13.8917131685399     
  -18.4727970027248       3.555250550613922E-007   13.8917135240649     
  -18.4363365122616       5.021820341130454E-008   13.8917135742831     
  -18.3998760217984       6.217877464365618E-009   13.8917135805010     
  -18.3634155313351       6.748394296075733E-010   13.8917135811758     
  -18.3269550408719       6.419822116245961E-011   13.8917135812400     
  -18.2904945504087       5.352987394118502E-012   13.8917135812454     
  -18.2540340599455       3.912264744564490E-013   13.8917135812458     
  -18.2175735694823       2.500896874773176E-014   13.8917135812458     
  -18.1811130790191       1.369845671776694E-015   13.8917135812458     
  -18.1446525885559       7.188399312353678E-017   13.8917135812458     
  -18.1081920980926       9.319058594968256E-020   13.8917135812458     
  -18.0717316076294       1.855598388542519E-018   13.8917135812458     
  -18.0352711171662       3.158098363605409E-017   13.8917135812458     
  -17.9988106267030       4.685111887952732E-016   13.8917135812458     
  -17.9623501362398       6.090712366817380E-015   13.8917135812458     
  -17.9258896457766       6.940099662000871E-014   13.8917135812459     
  -17.8894291553134       6.931393997448085E-013   13.8917135812466     
  -17.8529686648501       6.067989066219786E-012   13.8917135812526     
  -17.8165081743869       4.656410733720456E-011   13.8917135812992     
  -17.7800476839237       3.132222785697922E-010   13.8917135816124     
  -17.7435871934605       1.846975356498581E-009   13.8917135834594     
  -17.7071267029973       9.547473080359387E-009   13.8917135930069     
  -17.6706662125341       4.326592171971905E-008   13.8917136362728     
  -17.6342057220708       1.718875299303111E-007   13.8917138081603     
  -17.5977452316076       5.986786158501904E-007   13.8917144068389     
  -17.5612847411444       1.828114708301332E-006   13.8917162349537     
  -17.5248242506812       4.894203653042151E-006   13.8917211291573     
  -17.4883637602180       1.148781037681262E-005   13.8917326169677     
  -17.4519032697548       2.364154930780648E-005   13.8917562585170     
  -17.4154427792916       4.265833826659090E-005   13.8917989168553     
  -17.3789822888283       6.748793268264806E-005   13.8918664047879     
  -17.3425217983651       9.361519192380838E-005   13.8919600199799     
  -17.3060613079019       1.138589845737376E-004   13.8920738789644     
  -17.2696008174387       1.214201326090102E-004   13.8921952990970     
  -17.2331403269755       1.135316805679007E-004   13.8923088307776     
  -17.1966798365123       9.307773966294458E-005   13.8924019085173     
  -17.1602193460490       6.690757791794890E-005   13.8924688160952     
  -17.1237588555858       4.216991609518223E-005   13.8925109860113     
  -17.0872983651226       2.330367250731719E-005   13.8925342896838     
  -17.0508378746594       1.129114131109144E-005   13.8925455808251     
  -17.0143773841962       4.797327261652333E-006   13.8925503781524     
  -16.9779168937330       1.793586044699309E-006   13.8925521717384     
  -16.9414564032698       6.402532875683101E-007   13.8925528119917     
  -16.9049959128065       5.665717678498460E-007   13.8925533785635     
  -16.8685354223433       2.501917345961225E-006   13.8925558804808     
  -16.8320749318801       1.328621609152288E-005   13.8925691666969     
  -16.7956144414169       6.282074543212001E-005   13.8926319874423     
  -16.7591539509537       2.605672365307720E-004   13.8928925546789     
  -16.7226934604905       9.475357750188047E-004   13.8938400904539     
  -16.6862329700272       3.020851121550687E-003   13.8968609415754     
  -16.6497724795640       8.443636545336483E-003   13.9053045781208     
  -16.6133119891008       2.069211570463246E-002   13.9259966938254     
  -16.5768514986376       4.445950587043772E-002   13.9704561996958     
  -16.5403910081744       8.375706862014419E-002   14.0542132683160     
  -16.5039305177112       0.138357031284586        14.1925702996006     
  -16.4674700272480       0.200434748655645        14.3930050482562     
  -16.4310095367847       0.254767531905834        14.6477725801621     
  -16.3945490463215       0.284548874281080        14.9323214544431     
  -16.3580885558583       0.280546947522597        15.2128684019657     
  -16.3216280653951       0.247597007851976        15.4604654098177     
  -16.2851675749319       0.203459453490703        15.6639248633084     
  -16.2487070844687       0.170423642924032        15.8343485062324     
  -16.2122465940054       0.164692766169042        15.9990412724015     
  -16.1757861035422       0.188994522007071        16.1880357944086     
  -16.1393256130790       0.231383893876804        16.4194196882854     
  -16.1028651226158       0.270636850618888        16.6900565389042     
  -16.0664046321526       0.286236246173217        16.9762927850775     
  -16.0299441416894       0.268235832575482        17.2445286176529     
  -15.9934836512262       0.221325080305442        17.4658536979584     
  -15.9570231607629       0.160700572016375        17.6265542699748     
  -15.9205626702997       0.103078080872837        17.7296323508476     
  -15.8841021798365       5.913611819205981E-002   17.7887684690397     
  -15.8476416893733       3.135582957135975E-002   17.8201242986110     
  -15.8111811989101       1.656065341027160E-002   17.8366849520213     
  -15.7747207084469       9.874671210046848E-003   17.8465596232313     
  -15.7382602179837       7.511518003715869E-003   17.8540711412351     
  -15.7017997275204       7.841142655601331E-003   17.8619122838907     
  -15.6653392370572       1.147586199233615E-002   17.8733881458830     
  -15.6288787465940       2.109689429615644E-002   17.8944850401791     
  -15.5924182561308       4.093605441736510E-002   17.9354210945965     
  -15.5559577656676       7.513546590406714E-002   18.0105565605006     
  -15.5194972752044       0.124569858816101        18.1351264193167     
  -15.4830367847411       0.183444303127122        18.3185707224438     
  -15.4465762942779       0.238781138105130        18.5573518605489     
  -15.4101158038147       0.275287888462882        18.8326397490118     
  -15.3736553133515       0.284110360880113        19.1167501098919     
  -15.3371948228883       0.269578955466743        19.3863290653587     
  -15.3007343324251       0.247992380598195        19.6343214459569     
  -15.2642738419619       0.237941244067486        19.8722626900243     
  -15.2278133514986       0.248319888954746        20.1205825789791     
  -15.1913528610354       0.272347510405582        20.3929300893847     
  -15.1548923705722       0.291853260462127        20.6847833498468     
  -15.1184318801090       0.288859271905250        20.9736426217521     
  -15.0819713896458       0.256415984708571        21.2300586064606     
  -15.0455108991826       0.201581790622305        21.4316403970829     
  -15.0090504087193       0.139680688414488        21.5713210854974     
  -14.9725899182561       8.519852300374081E-002   21.6565196085012     
  -14.9361294277929       4.575889747007382E-002   21.7022785059712     
  -14.8996689373297       2.166839551478159E-002   21.7239469014860     
  -14.8632084468665       9.065708571277781E-003   21.7330126100573     
  -14.8267479564033       3.361168629075203E-003   21.7363737786864     
  -14.7902874659401       1.108632401443315E-003   21.7374824110878     
  -14.7538269754768       3.268759616102398E-004   21.7378092870494     
  -14.7173664850136       8.662560872086236E-005   21.7378959126581     
  -14.6809059945504       2.074754447138916E-005   21.7379166602026     
  -14.6444455040872       4.513170522552984E-006   21.7379211733731     
  -14.6079850136240       9.035508262758148E-007   21.7379220769240     
  -14.5715245231608       2.188709554387994E-007   21.7379222957949     
  -14.5350640326975       3.066695091153010E-007   21.7379226024644     
  -14.4986035422343       1.193676270693647E-006   21.7379237961407     
  -14.4621430517711       4.430748650624382E-006   21.7379282268893     
  -14.4256825613079       1.447592018801094E-005   21.7379427028095     
  -14.3892220708447       4.151652788645017E-005   21.7379842193374     
  -14.3527615803815       1.045379385528521E-004   21.7380887572760     
  -14.3163010899183       2.311757651870972E-004   21.7383199330412     
  -14.2798405994550       4.491484918571456E-004   21.7387690815330     
  -14.2433801089918       7.670241360109993E-004   21.7395361056690     
  -14.2069196185286       1.151922644082613E-003   21.7406880283131     
  -14.1704591280654       1.522266845304235E-003   21.7422102951584     
  -14.1339986376022       1.771353398170754E-003   21.7439816485566     
  -14.0975381471390       1.816337894839177E-003   21.7457979864514     
  -14.0610776566757       1.642612676112666E-003   21.7474405991275     
  -14.0246171662125       1.311506478947488E-003   21.7487521056065     
  -13.9881566757493       9.262318363420170E-004   21.7496783374428     
  -13.9516961852861       5.826985644938641E-004   21.7502610360073     
  -13.9152356948229       3.392471463075744E-004   21.7506002831536     
  -13.8787752043597       2.200133542938871E-004   21.7508202965079     
  -13.8423147138965       2.416148543954657E-004   21.7510619113623     
  -13.8058542234332       4.397926196555364E-004   21.7515017039820     
  -13.7693937329700       8.726726162274735E-004   21.7523743765982     
  -13.7329332425068       1.586972340195298E-003   21.7539613489384     
  -13.6964727520436       2.555561740497616E-003   21.7565169106789     
  -13.6600122615804       3.626717423602462E-003   21.7601436281025     
  -13.6235517711172       4.542895559893042E-003   21.7646865236624     
  -13.5870912806540       5.061245941469808E-003   21.7697477696039     
  -13.5506307901907       5.153907201465392E-003   21.7749016768053     
  -13.5141702997275       5.249130092266750E-003   21.7801508068976     
  -13.4777098092643       6.527836408302736E-003   21.7866786433059     
  -13.4412493188011       1.131155422084919E-002   21.7979901975267     
  -13.4047888283379       2.336954256205388E-002   21.8213597400888     
  -13.3683283378747       4.751730904852527E-002   21.8688770491373     
  -13.3318678474114       8.765243559225504E-002   21.9565294847296     
  -13.2954073569482       0.143180391966758        22.0997098766963     
  -13.2589468664850       0.205728361130828        22.3054382378272     
  -13.2224863760218       0.259500332080273        22.5649385699074     
  -13.1860258855586       0.287168581964672        22.8521071518721     
  -13.1495653950954       0.278762991423315        23.1308701432954     
  -13.1131049046322       0.237501139620286        23.3683712829157     
  -13.0766444141689       0.178142507206675        23.5465137901224     
  -13.0401839237057       0.119374853596507        23.6658886437189     
  -13.0037234332425       7.616453046292473E-002   23.7420531741818     
  -12.9672629427793       5.673768883725844E-002   23.7987908630191     
  -12.9308024523161       6.386105849966554E-002   23.8626519215187     
  -12.8943419618529       9.665992755246645E-002   23.9593118490712     
  -12.8578814713896       0.150258920624769        24.1095707696960     
  -12.8214209809264       0.214396959942659        24.3239677296386     
  -12.7849604904632       0.274691122165042        24.5986588518037     
  -12.7485000000000       0.318406719008987        24.9170655708127     
  -12.7120395095368       0.341616059947337        25.2586816307600     
  -12.6755790190736       0.351584873768838        25.6102665045288     
  -12.6391185286104       0.361141869994617        25.9714083745235     
  -12.6026580381471       0.378556169897730        26.3499645444212     
  -12.5661975476839       0.400530720767038        26.7504952651882     
  -12.5297370572207       0.413516307620393        27.1640115728086     
  -12.4932765667575       0.402232326659556        27.5662438994682     
  -12.4568160762943       0.359394628130010        27.9256385275982     
  -12.4203555858311       0.290330512330740        28.2159690399289     
  -12.3838950953678       0.210012003017635        28.4259810429466     
  -12.3474346049046       0.135194965955663        28.5611760089022     
  -12.3109741144414       7.713698641385346E-002   28.6383129953161     
  -12.2745136239782       3.891150251118416E-002   28.6772244978273     
  -12.2380531335150       1.739109359068719E-002   28.6946155914179     
  -12.2015926430518       7.138914279056694E-003   28.7017545056970     
  -12.1651321525886       3.500280221430775E-003   28.7052547859184     
  -12.1286716621253       3.937451867058095E-003   28.7091922377855     
  -12.0922111716621       8.035015368047006E-003   28.7172272531535     
  -12.0557506811989       1.681051414944730E-002   28.7340377673030     
  -12.0192901907357       3.156519621639482E-002   28.7656029635194     
  -11.9828297002725       5.239099930400463E-002   28.8179939628234     
  -11.9463692098093       7.692115990397547E-002   28.8949151227274     
  -11.9099087193460       0.100431865850116        28.9953469885775     
  -11.8734482288828       0.118037263969458        29.1133842525469     
  -11.8369877384196       0.128185862612051        29.2415701151590     
  -11.8005272479564       0.135013124896607        29.3765832400556     
  -11.7640667574932       0.147016871573777        29.5236001116294     
  -11.7276062670300       0.171702231590957        29.6953023432203     
  -11.6911457765668       0.209111481680513        29.9044138249008     
  -11.6546852861035       0.249033890066154        30.1534477149670     
  -11.6182247956403       0.275057430811371        30.4285051457784     
  -11.5817643051771       0.273764475116037        30.7022696208944     
  -11.5453038147139       0.242881574002748        30.9451511948972     
  -11.5088433242507       0.192443706361201        31.1375949012584     
  -11.4723828337875       0.138419136925484        31.2760140381838     
  -11.4359223433243       9.393387571892180E-002   31.3699479139028     
  -11.3994618528610       6.413365559490233E-002   31.4340815694977     
  -11.3630013623978       4.682102659490018E-002   31.4809025960926     
  -11.3265408719346       3.660278362865921E-002   31.5175053797212     
  -11.2900803814714       2.888811816789734E-002   31.5463934978891     
  -11.2536198910082       2.160445410335624E-002   31.5679979519925     
  -11.2171594005450       1.474007499015097E-002   31.5827380269826     
  -11.1806989100817       9.026867484415925E-003   31.5917648944671     
  -11.1442384196185       4.943903590936461E-003   31.5967087980580     
  -11.1077779291553       2.441615287054482E-003   31.5991504133450     
  -11.0713174386921       1.158738568401899E-003   31.6003091519134     
  -11.0348569482289       7.637434821514078E-004   31.6010728953956     
  -10.9983964577657       1.233779472423407E-003   31.6023066748680     
  -10.9619359673025       3.062397507895337E-003   31.6053690723759     
  -10.9254754768392       7.378136554213109E-003   31.6127472089301     
  -10.8890149863760       1.579643784392844E-002   31.6285436467741     
  -10.8525544959128       2.974323354734489E-002   31.6582868803214     
  -10.8160940054496       4.927207625985343E-002   31.7075589565813     
  -10.7796335149864       7.206877453342883E-002   31.7796277311147     
  -10.7431730245232       9.380111994009098E-002   31.8734288510548     
  -10.7067125340599       0.110336370280947        31.9837652213357     
  -10.6702520435967       0.120599661448515        32.1043648827842     
  -10.6337915531335       0.127541685355050        32.2319065681393     
  -10.5973310626703       0.135674698008577        32.3675812661479     
  -10.5608705722071       0.146674947944865        32.5142562140927     
  -10.5244100817439       0.156823284812777        32.6710794989055     
  -10.4879495912807       0.158915858594382        32.8299953574999     
  -10.4514891008174       0.147393885916681        32.9773892434166     
  -10.4150286103542       0.122525597210002        33.0999148406266     
  -10.3785681198910       9.043382745394790E-002   33.1903486680805     
  -10.3421076294278       5.953088035529523E-002   33.2498795484358     
  -10.3056471389646       3.670323075365300E-002   33.2865827791895     
  -10.2691866485014       2.601810299058385E-002   33.3126008821800     
  -10.2327261580381       2.994188196576414E-002   33.3425427641458     
  -10.1962656675749       5.081193571439054E-002   33.3933546998602     
  -10.1598051771117       9.020844439239695E-002   33.4835631442526     
  -10.1233446866485       0.145817297960076        33.6293804422127     
  -10.0868841961853       0.208132696195543        33.8375131384082     
  -10.0504237057221       0.260815044538291        34.0983281829465     
  -10.0139632152589       0.286634844519466        34.3849630274660     
  -9.97750272479564       0.276214689626961        34.6611777170929     
  -9.94104223433242       0.233383763438118        34.8945614805311     
  -9.90458174386921       0.172900787648109        35.0674622681792     
  -9.86812125340599       0.112312080527806        35.1797743487070     
  -9.83166076294278       6.397062324876283E-002   35.2437449719557     
  -9.79520027247956       3.196139147643621E-002   35.2757063634322     
  -9.75873978201635       1.404522265589174E-002   35.2897515860881     
  -9.72227929155313       5.529428139236858E-003   35.2952810142273     
  -9.68581880108992       2.186983178946606E-003   35.2974679974063     
  -9.64935831062670       1.333153980173108E-003   35.2988011513864     
  -9.61289782016349       1.651982610839186E-003   35.3004531339973     
  -9.57643732970027       2.644009797715095E-003   35.3030971437950     
  -9.53997683923706       4.197301120896265E-003   35.3072944449159     
  -9.50351634877384       6.388104613271403E-003   35.3136825495291     
  -9.46705585831063       9.395299689316818E-003   35.3230778492185     
  -9.43059536784741       1.335123920009753E-002   35.3364290884186     
  -9.39413487738420       1.805663977829399E-002   35.3544857281968     
  -9.35767438692098       2.272238943148361E-002   35.3772081176283     
  -9.32121389645776       2.605251551106518E-002   35.4032606331394     
  -9.28475340599455       2.680186720297042E-002   35.4300625003424     
  -9.24829291553133       2.450343322016782E-002   35.4545659335625     
  -9.21183242506812       1.981004376558128E-002   35.4743759773281     
  -9.17537193460490       1.416380593122593E-002   35.4885397832593     
  -9.13891144414169       9.058003947412916E-003   35.4975977872068     
  -9.10245095367847       5.433398335694666E-003   35.5030311855425     
  -9.06599046321526       3.530418690575702E-003   35.5065616042330     
  -9.02952997275204       3.111845091397926E-003   35.5096734493244     
  -8.99306948228883       3.779987426782639E-003   35.5134534367512     
  -8.95660899182561       5.199226500738678E-003   35.5186526632519     
  -8.92014850136240       7.182463494709176E-003   35.5258351267467     
  -8.88368801089918       9.649528652223223E-003   35.5354846553989     
  -8.84722752043596       1.246817661469820E-002   35.5479528320136     
  -8.81076702997275       1.525768530867249E-002   35.5632105173223     
  -8.77430653950953       1.733646762267741E-002   35.5805469849449     
  -8.73784604904632       1.795657311657956E-002   35.5985035580615     
  -8.70138555858311       1.672975913498577E-002   35.6152333171965     
  -8.66492506811989       1.392391424076450E-002   35.6291572314373     
  -8.62846457765668       1.036736319572483E-002   35.6395245946330     
  -8.59200408719346       7.018996095910675E-003   35.6465435907289     
  -8.55554359673024       4.522506051477303E-003   35.6510660967804     
  -8.51908310626703       3.023366649206436E-003   35.6540894634296     
  -8.48262261580381       2.282367906343447E-003   35.6563718313359     
  -8.44616212534060       1.927176740529871E-003   35.6582990080765     
  -8.40970163487738       1.666511525432831E-003   35.6599655196019     
  -8.37324114441417       1.385553197891752E-003   35.6613510727998     
  -8.33678065395095       1.138161626836080E-003   35.6624892344266     
  -8.30032016348774       1.097710092003477E-003   35.6635869445186     
  -8.26385967302452       1.515904596189934E-003   35.6651028491148     
  -8.22739918256131       2.684256789703253E-003   35.6677871059045     
  -8.19093869209809       4.842681564304405E-003   35.6726297874688     
  -8.15447820163488       7.998847646345538E-003   35.6806286351152     
  -8.11801771117166       1.173148951049638E-002   35.6923601246257     
  -8.08155722070845       1.516338753065582E-002   35.7075235121563     
  -8.04509673024523       1.724942310363006E-002   35.7247729352600     
  -8.00863623978201       1.728731853054518E-002   35.7420602537905     
  -7.97217574931880       1.532136510677299E-002   35.7573816188973     
  -7.93571525885558       1.215345371386508E-002   35.7695350726111     
  -7.89925476839237       9.021636088537777E-003   35.7785567086997     
  -7.86279427792915       7.329703262115757E-003   35.7858864119618     
  -7.82633378746594       8.768501818522853E-003   35.7946549137803     
  -7.78987329700272       1.573344278837954E-002   35.8103883565687     
  -7.75341280653951       3.140265524500081E-002   35.8417910118137     
  -7.71695231607629       5.864863690425951E-002   35.9004396487180     
  -7.68049182561308       9.757389419565059E-002   35.9980135429136     
  -7.64403133514986       0.142908029580173        36.1409215724938     
  -7.60757084468665       0.183721394640547        36.3246429671343     
  -7.57111035422343       0.207160137075065        36.5318031042094     
  -7.53464986376022       0.204832780193070        36.7366358844025     
  -7.49818937329700       0.177586444793949        36.9142223291964     
  -7.46172888283379       0.134998187736724        37.0492205169331     
  -7.42526839237057       8.998269679963367E-002   37.1392032137328     
  -7.38880790190736       5.259926662802995E-002   37.1918024803608     
  -7.35234741144414       2.700266375412494E-002   37.2188051441149     
  -7.31588692098093       1.230701571753202E-002   37.2311121598325     
  -7.27942643051771       5.379432822432024E-003   37.2364915926549     
  -7.24296594005449       3.267025092917610E-003   37.2397586177478     
  -7.20650544959128       4.263196543144092E-003   37.2440218142909     
  -7.17004495912806       7.800467694016710E-003   37.2518222819850     
  -7.13358446866485       1.372514051992514E-002   37.2655474225049     
  -7.09712397820163       2.144935124623986E-002   37.2869967737511     
  -7.06066348773842       2.944065179987715E-002   37.3164374255510     
  -7.02420299727520       3.543872309370809E-002   37.3518761486447     
  -6.98774250681199       3.740459508944247E-002   37.3892807437341     
  -6.95128201634877       3.461647921640761E-002   37.4238972229506     
  -6.91482152588556       2.809169837922295E-002   37.4519889213298     
  -6.87836103542234       1.999681101755403E-002   37.4719857323473     
  -6.84190054495913       1.250993652291411E-002   37.4844956688703     
  -6.80544005449591       6.948977762289617E-003   37.4914446466325     
  -6.76897956403270       3.613151699860687E-003   37.4950577983324     
  -6.73251907356948       2.170852263628227E-003   37.4972286505960     
  -6.69605858310626       2.135590505500505E-003   37.4993642411015     
  -6.65959809264305       3.109578887978148E-003   37.5024738199895     
  -6.62313760217983       4.773010459878914E-003   37.5072468304494     
  -6.58667711171662       6.804705379945876E-003   37.5140515358293     
  -6.55021662125340       8.965033630539607E-003   37.5230165694599     
  -6.51375613079019       1.148173533735554E-002   37.5344983047972     
  -6.47729564032698       1.569236056257434E-002   37.5501906653598     
  -6.44083514986376       2.464138646817110E-002   37.5748320518280     
  -6.40437465940054       4.303764625602591E-002   37.6178696980840     
  -6.36791416893733       7.581697222211664E-002   37.6936866703061     
  -6.33145367847411       0.124987877752033        37.8186745480582     
  -6.29499318801090       0.185866480941934        38.0045410290001     
  -6.25853269754768       0.245544129796239        38.2500851587963     
  -6.22207220708447       0.286390156914782        38.5364753157111     
  -6.18561171662125       0.294145802766993        38.8306211184781     
  -6.14915122615804       0.265764154498963        39.0963852729771     
  -6.11269073569482       0.211194637541169        39.3075799105182     
  -6.07623024523161       0.147688299364166        39.4552682098824     
  -6.03976975476839       9.100529134123583E-002   39.5462735012236     
  -6.00330926430518       4.954154722973980E-002   39.5958150484534     
  -5.96684877384196       2.394429163232338E-002   39.6197593400857     
  -5.93038828337874       1.038512199910083E-002   39.6301444620848     
  -5.89392779291553       4.160426928731287E-003   39.6343048890135     
  -5.85746730245231       1.681204184238290E-003   39.6359860931978     
  -5.82100681198910       8.418225666581000E-004   39.6368279157644     
  -5.78454632152588       6.137103640954492E-004   39.6374416261285     
  -5.74808583106267       5.568153304538638E-004   39.6379984414590     
  -5.71162534059945       5.061036629549299E-004   39.6385045451219     
  -5.67516485013624       4.195038995356080E-004   39.6389240490215     
  -5.63870435967302       3.083130875195904E-004   39.6392323621090     
  -5.60224386920981       1.993347617843104E-004   39.6394316968708     
  -5.56578337874659       1.131161374519949E-004   39.6395448130082     
  -5.52932288828338       5.631771233184029E-005   39.6396011307205     
  -5.49286239782016       2.469896106090323E-005   39.6396258296816     
  -5.45640190735695       1.008522311823144E-005   39.6396359149047     
  -5.41994141689373       6.292563079120203E-006   39.6396422074678     
  -5.38348092643052       1.354581983297472E-005   39.6396557532876     
  -5.34702043596730       4.471061189200004E-005   39.6397004638995     
  -5.31055994550409       1.374655984895841E-004   39.6398379294980     
  -5.27409945504087       3.722596537891994E-004   39.6402101891518     
  -5.23763896457766       8.841392843466910E-004   39.6410943284362     
  -5.20117847411444       1.841149954659781E-003   39.6429354783908     
  -5.16471798365123       3.361613436977419E-003   39.6462970918278     
  -5.12825749318801       5.381485397099434E-003   39.6516785772249     
  -5.09179700272479       7.553732189376848E-003   39.6592323094143     
  -5.05533651226158       9.297137198178351E-003   39.6685294466125     
  -5.01887602179836       1.003562436139109E-002   39.6785650709738     
  -4.98241553133515       9.506994233505464E-003   39.6880720652074     
  -4.94595504087193       7.924500714075076E-003   39.6959965659214     
  -4.90949455040872       5.869240998460062E-003   39.7018658069199     
  -4.87303405994550       4.001312468130767E-003   39.7058671193880     
  -4.83657356948229       2.795446018865731E-003   39.7086625654069     
  -4.80011307901907       2.433105617959139E-003   39.7110956710248     
  -4.76365258855586       2.830042480008960E-003   39.7139257135048     
  -4.72719209809264       3.711941360170375E-003   39.7176376548650     
  -4.69073160762943       4.699058629699221E-003   39.7223367134947     
  -4.65427111716621       5.419040000853251E-003   39.7277557534956     
  -4.61781062670299       5.652284488312237E-003   39.7334080379839     
  -4.58135013623978       5.461444510128060E-003   39.7388694824940     
  -4.54488964577656       5.259628824432584E-003   39.7441291113184     
  -4.50842915531335       5.854171209469510E-003   39.7499832825279     
  -4.47196866485013       8.566830464995623E-003   39.7585501129929     
  -4.43550817438692       1.543363049794445E-002   39.7739837434909     
  -4.39904768392370       2.919004636006000E-002   39.8031737898509     
  -4.36258719346049       5.247360532050968E-002   39.8556473951714     
  -4.32612670299727       8.591111893155777E-002   39.9415585141030     
  -4.28966621253406       0.125804572782310        40.0673630868853     
  -4.25320572207084       0.163356989148186        40.2307200760335     
  -4.21674523160763       0.187238917041319        40.4179589930748     
  -4.18028474114441       0.188968744141313        40.6069277372161     
  -4.14382425068120       0.167735006188700        40.7746627434048     
  -4.10736376021798       0.131006085806809        40.9056688292116     
  -4.07090326975477       9.040977487463028E-002   40.9960786040862     
  -4.03444277929155       5.600892926078267E-002   41.0520875333470     
  -3.99798228882834       3.275572093146890E-002   41.0848432542785     
  -3.96152179836512       2.046149566796594E-002   41.1053047499465     
  -3.92506130790191       1.595079261713053E-002   41.1212555425636     
  -3.88860081743869       1.539328742084373E-002   41.1366488299844     
  -3.85214032697548       1.575395042676828E-002   41.1524027804112     
  -3.81567983651226       1.532322317540763E-002   41.1677260035866     
  -3.77921934604904       1.364297539571935E-002   41.1813689789823     
  -3.74275885558583       1.110896484460628E-002   41.1924779438269     
  -3.70629836512261       8.490014659237289E-003   41.2009679584862     
  -3.66983787465940       6.568189286255725E-003   41.2075361477724     
  -3.63337738419618       5.968810106835979E-003   41.2135049578793     
  -3.59691689373297       7.085702221219591E-003   41.2205906601005     
  -3.56045640326975       9.980304700083464E-003   41.2305709648006     
  -3.52399591280654       1.427786767294175E-002   41.2448488324735     
  -3.48753542234332       1.923636690484189E-002   41.2640851993784     
  -3.45107493188011       2.409984092584891E-002   41.2881850403042     
  -3.41461444141689       2.853833151355626E-002   41.3167233718178     
  -3.37815395095368       3.273258871467318E-002   41.3494559605324     
  -3.34169346049046       3.687645985474315E-002   41.3863324203872     
  -3.30523297002724       4.048079671282733E-002   41.4268132171000     
  -3.26877247956403       4.222824886585828E-002   41.4690414659659     
  -3.23231198910081       4.071133398182811E-002   41.5097527999477     
  -3.19585149863760       3.551114488104037E-002   41.5452639448287     
  -3.15939100817439       2.767722184119240E-002   41.5729411666699     
  -3.12293051771117       1.920272372409710E-002   41.5921438903940     
  -3.08647002724796       1.196967204997849E-002   41.6041135624440     
  -3.05000953678474       6.970594354651080E-003   41.6110841567987     
  -3.01354904632153       4.206853765650938E-003   41.6152910105643     
  -2.97708855585831       3.083679018495036E-003   41.6183746895828     
  -2.94062806539509       2.899769023194793E-003   41.6212744586060     
  -2.90416757493188       3.167110362207095E-003   41.6244415689682     
  -2.86770708446866       3.699402491999897E-003   41.6281409714602     
  -2.83124659400545       4.509879341438114E-003   41.6326508508017     
  -2.79478610354223       5.604620054283060E-003   41.6382554708559     
  -2.75832561307902       6.803922378139647E-003   41.6450593932341     
  -2.72186512261580       7.727205358010865E-003   41.6527865985921     
  -2.68540463215259       7.973529421866039E-003   41.6607601280140     
  -2.64894414168937       7.371927260020719E-003   41.6681320552740     
  -2.61248365122616       6.112305595569857E-003   41.6742443608695     
  -2.57602316076294       4.676409897022909E-003   41.6789207707666     
  -2.53956267029973       3.662842468469785E-003   41.6825836132350     
  -2.50310217983651       3.654850589688315E-003   41.6862384638247     
  -2.46664168937329       5.160690987218582E-003   41.6913991548119     
  -2.43018119891008       8.508211213457363E-003   41.6999073660254     
  -2.39372070844686       1.359183878527362E-002   41.7134992048107     
  -2.35726021798365       1.958565724275410E-002   41.7330848620534     
  -2.32079972752043       2.494451081788526E-002   41.7580293728713     
  -2.28433923705722       2.792741176600519E-002   41.7859567846373     
  -2.24787874659400       2.745476467295751E-002   41.8134115493103     
  -2.21141825613079       2.372462032704100E-002   41.8371361696373     
  -2.17495776566757       1.810960272567799E-002   41.8552457723630     
  -2.13849727520436       1.240810383519392E-002   41.8676538761982     
  -2.10203678474114       7.997303067179166E-003   41.8756511792654     
  -2.06557629427793       5.399970763749047E-003   41.8810511500291     
  -2.02911580381471       4.368246102650440E-003   41.8854193961318     
  -1.99265531335150       4.254353230483188E-003   41.8896737493623     
  -1.95619482288828       4.398741926198184E-003   41.8940724912885     
  -1.91973433242507       4.388397172560384E-003   41.8984608884610     
  -1.88327384196185       4.138651760187970E-003   41.9025995402212     
  -1.84681335149864       3.806500284178597E-003   41.9064060405054     
  -1.81035286103542       3.602945985476737E-003   41.9100089864909     
  -1.77389237057221       3.622503557614328E-003   41.9136314900485     
  -1.73743188010899       3.789515425711264E-003   41.9174210054742     
  -1.70097138964578       3.929963368628259E-003   41.9213509688428     
  -1.66451089918256       3.889564481359421E-003   41.9252405333242     
  -1.62805040871934       3.608120783677182E-003   41.9288486541079     
  -1.59158991825613       3.121256353452548E-003   41.9319699104613     
  -1.55512942779291       2.523242531473590E-003   41.9344931529928     
  -1.51866893732970       1.934911103575248E-003   41.9364280640964     
  -1.48220844686648       1.492193558682340E-003   41.9379202576550     
  -1.44574795640327       1.347315497987807E-003   41.9392675731530     
  -1.40928746594005       1.668652940920062E-003   41.9409362260939     
  -1.37282697547684       2.619380957358139E-003   41.9435556070513     
  -1.33636648501362       4.290845030335589E-003   41.9478464520816     
  -1.29990599455041       6.594199631552900E-003   41.9544406517132     
  -1.26344550408719       9.176861614358605E-003   41.9636175133275     
  -1.22698501362398       1.146474188066342E-002   41.9750822552082     
  -1.19052452316076       1.286420656688838E-002   41.9879464617751     
  -1.15406403269754       1.302045292274961E-002   42.0009669146978     
  -1.11760354223433       1.196007499987523E-002   42.0129269896977     
  -1.08114305177111       1.003241100173217E-002   42.0229594006995     
  -1.04468256130790       7.720350906894877E-003   42.0306797516063     
  -1.00822207084468       5.458549303005504E-003   42.0361383009094     
 -0.971761580381468       3.538267609707551E-003   42.0396765685191     
 -0.935301089918255       2.092000516946574E-003   42.0417685690360     
 -0.898840599455038       1.120998102799913E-003   42.0428895671388     
 -0.862380108991822       5.417206446419491E-004   42.0434312877834     
 -0.825919618528609       2.376252702527018E-004   42.0436689130537     
 -0.789459128065396       1.017652793391454E-004   42.0437706783330     
 -0.752998637602175       5.902280524486995E-005   42.0438297011383     
 -0.716538147138962       6.783816194694451E-005   42.0438975393002     
 -0.680077656675749       1.104887875312913E-004   42.0440080280878     
 -0.643617166212529       1.830413157529856E-004   42.0441910694035     
 -0.607156675749316       2.934567721473127E-004   42.0444845261757     
 -0.570696185286103       4.708225295929173E-004   42.0449553487053     
 -0.534235694822883       7.791271140801216E-004   42.0457344758193     
 -0.497775204359669       1.318342134366494E-003   42.0470528179537     
 -0.461314713896456       2.195962938730289E-003   42.0492487808924     
 -0.424854223433243       3.474229980295275E-003   42.0527230108727     
 -0.388393732970023       5.129147204293341E-003   42.0578521580770     
 -0.351933242506810       7.058873038154921E-003   42.0649110311152     
 -0.315472752043597       9.131265542406130E-003   42.0740422966576     
 -0.279012261580377       1.120997712617734E-002   42.0852522737838     
 -0.242551771117164       1.312156095381355E-002   42.0983738347376     
 -0.206091280653951       1.461485853067286E-002   42.1129886932682     
 -0.169630790190730       1.540243928265669E-002   42.1283911325509     
 -0.133170299727517       1.528935430314438E-002   42.1436804868541     
 -9.670980926430417E-002  1.428521309132021E-002   42.1579656999454     
 -6.024931880109108E-002  1.260871045782884E-002   42.1705744104032     
 -2.378882833787088E-002  1.060819314219534E-002   42.1811826035454     
  1.267166212534221E-002  8.677710571358082E-003   42.1898603141167     
  4.913215258855530E-002  7.186451890175394E-003   42.1970467660069     
  8.559264305177550E-002  6.379954304736718E-003   42.2034267203117     
  0.122053133514989       6.259051155009902E-003   42.2096857714667     
  0.158513623978202       6.532621638157105E-003   42.2162183931048     
  0.194974114441422       6.734532393342425E-003   42.2229529254982     
  0.231434604904635       6.469077099366683E-003   42.2294220025975     
  0.267895095367848       5.626218562330132E-003   42.2350482211599     
  0.304355585831068       4.419338342544914E-003   42.2394675595024     
  0.340816076294281       3.237097807341425E-003   42.2427046573098     
  0.377276566757494       2.431559393358017E-003   42.2451362167031     
  0.413737057220708       2.174138341958677E-003   42.2473103550451     
  0.450197547683928       2.423737460381044E-003   42.2497340925055     
  0.486658038147141       2.974935646464282E-003   42.2527090281519     
  0.523118528610354       3.544003856177689E-003   42.2562530320081     
  0.559579019073574       3.870070955795602E-003   42.2601231029639     
  0.596039509536787       3.807273910789105E-003   42.2639303768747     
  0.632500000000000       3.368498993978062E-003   42.2672988758687     
  0.668960490463220       2.694117895209521E-003   42.2699929937639     
  0.705420980926434       1.966135393551381E-003   42.2719591291574     
  0.741881471389647       1.324899097162095E-003   42.2732840282546     
  0.778341961852867       8.338520665119518E-004   42.2741178803211     
  0.814802452316080       4.934562110735798E-004   42.2746113365322     
  0.851262942779293       2.742196560254645E-004   42.2748855561882     
  0.887723433242506       1.418108299131776E-004   42.2750273670181     
  0.924183923705726       6.734990267199033E-005   42.2750947169208     
  0.960644414168939       2.898695105143201E-005   42.2751237038718     
  0.997104904632153       1.118305173652841E-005   42.2751348869236     
   1.03356539509537       3.837519183594952E-006   42.2751387244428     
   1.07002588555859       1.171031034765345E-006   42.2751398954738     
   1.10648637602180       3.558141507221699E-007   42.2751402512880     
   1.14294686648502       3.287897751850602E-007   42.2751405800777     
   1.17940735694823       1.305128903947314E-006   42.2751418852066     
   1.21586784741145       5.712232686064503E-006   42.2751475974393     
   1.25232833787466       2.215447905534794E-005   42.2751697519184     
   1.28878882833788       7.536367475564696E-005   42.2752451155931     
   1.32524931880109       2.247669190975314E-004   42.2754698825122     
   1.36170980926430       5.877239497653281E-004   42.2760576064620     
   1.39817029972752       1.347386887727917E-003   42.2774049933497     
   1.43463079019074       2.708294097087881E-003   42.2801132874468     
   1.47109128065395       4.772979853016906E-003   42.2848862672998     
   1.50755177111717       7.375276956698653E-003   42.2922615442565     
   1.54401226158038       9.992304379337236E-003   42.3022538486359     
   1.58047275204360       1.187009298057964E-002   42.3141239416164     
   1.61693324250682       1.236360691378881E-002   42.3264875485302     
   1.65339373297003       1.129117669852944E-002   42.3377787252288     
   1.68985422343324       9.041394073499690E-003   42.3468201193023     
   1.72631471389646       6.347926833683552E-003   42.3531680461359     
   1.76277520435968       3.907742863089487E-003   42.3570757889990     
   1.79923569482289       2.109191814348341E-003   42.3591849808134     
   1.83569618528610       9.982250560704410E-004   42.3601832058694     
   1.87215667574932       4.146171080477749E-004   42.3605978229775     
   1.90861716621254       1.528244040007125E-004   42.3607506473815     
   1.94507765667575       5.669858992190516E-005   42.3608073459714     
   1.98153814713897       4.370945364153425E-005   42.3608510554251     
   2.01799863760218       9.643318894181098E-005   42.3609474886140     
   2.05445912806540       2.528618714096790E-004   42.3612003504854     
   2.09091961852862       6.018604986437548E-004   42.3618022109841     
   2.12738010899183       1.269091342330196E-003   42.3630713023264     
   2.16384059945504       2.375210858818687E-003   42.3654465131852     
   2.20030108991826       3.969322557597615E-003   42.3694158357428     
   2.23676158038148       5.974869354065109E-003   42.3753907050969     
   2.27322207084469       8.194157036909880E-003   42.3835848621338     
   2.30968256130790       1.037310417436567E-002   42.3939579663081     
   2.34614305177112       1.226630040252805E-002   42.4062242667107     
   2.38260354223434       1.364599389644884E-002   42.4198702606071     
   2.41906403269755       1.428293631553406E-002   42.4341531969226     
   2.45552452316077       1.398893455628997E-002   42.4481421314789     
   2.49198501362398       1.275153998834517E-002   42.4608936714673     
   2.52844550408719       1.086530436319881E-002   42.4717589758305     
   2.56490599455041       8.924383050798674E-003   42.4806833588813     
   2.60136648501363       7.639897776754264E-003   42.4883232566580     
   2.63782697547684       7.573701485011739E-003   42.4958969581430     
   2.67428746594005       8.919755449104902E-003   42.5048167135921     
   2.71074795640327       1.141777808568566E-002   42.5162344916778     
   2.74720844686649       1.442247710768516E-002   42.5306569687855     
   2.78366893732970       1.710442930822656E-002   42.5477613980937     
   2.82012942779292       1.871274495527274E-002   42.5664741430490     
   2.85658991825613       1.879947487662635E-002   42.5852736179256     
   2.89305040871935       1.732645699532586E-002   42.6026000749210     
   2.92951089918257       1.463711930198811E-002   42.6172371942230     
   2.96597138964578       1.132822195910095E-002   42.6285654161821     
   3.00243188010899       8.077757654203517E-003   42.6366431738363     
   3.03889237057221       5.490920103230591E-003   42.6421340939395     
   3.07535286103543       4.014024045309615E-003   42.6461481179848     
   3.11181335149864       3.915525304807549E-003   42.6500636432896     
   3.14827384196185       5.269764927700172E-003   42.6553334082173     
   3.18473433242507       7.883649579469201E-003   42.6632170577968     
   3.22119482288829       1.121370878801569E-002   42.6744307665848     
   3.25765531335150       1.442829666472977E-002   42.6888590632495     
   3.29411580381472       1.671144935864439E-002   42.7055705126082     
   3.33057629427793       1.766699796255738E-002   42.7232375105707     
   3.36703678474115       1.750068071743058E-002   42.7407381912882     
   3.40349727520437       1.679203441969822E-002   42.7575302257079     
   3.43995776566758       1.604368077555781E-002   42.7735739064834     
   3.47641825613079       1.541774091510323E-002   42.7889916473985     
   3.51287874659401       1.487167655477836E-002   42.8038633239533     
   3.54933923705723       1.449645957277988E-002   42.8183597835261     
   3.58579972752044       1.468155267641110E-002   42.8330413362025     
   3.62226021798365       1.593622284134786E-002   42.8489775590438     
   3.65872070844687       1.851336440102751E-002   42.8674909234449     
   3.69518119891008       2.210218163486810E-002   42.8895931050797     
   3.73164168937330       2.577483943505052E-002   42.9153679445148     
   3.76810217983652       2.825218242608397E-002   42.9436201269409     
   3.80456267029973       2.842950655881071E-002   42.9720496334997     
   3.84102316076294       2.592801322807188E-002   42.9979776467278     
   3.87748365122616       2.132581231143922E-002   43.0193034590392     
   3.91394414168938       1.587546277859187E-002   43.0351789218178     
   3.95040463215259       1.087983627766261E-002   43.0460587580955     
   3.98686512261580       7.139389478582285E-003   43.0531981475740     
   4.02332561307902       4.778262297407239E-003   43.0579764098715     
   4.05978610354224       3.444460108521154E-003   43.0614208699800     
   4.09624659400545       2.656758206021946E-003   43.0640776281860     
   4.13270708446867       2.069001260637702E-003   43.0661466294466     
   4.16916757493188       1.559237631270371E-003   43.0677058670779     
   4.20562806539510       1.187085725264233E-003   43.0688929528032     
   4.24208855585832       1.117969023047613E-003   43.0700109218262     
   4.27854904632153       1.582830343661179E-003   43.0715937521699     
   4.31500953678474       2.871088171357376E-003   43.0744648403412     
   4.35147002724796       5.300557364024443E-003   43.0797653977053     
   4.38793051771118       9.107277375505426E-003   43.0888726750808     
   4.42439100817439       1.425261213053054E-002   43.1031252872113     
   4.46085149863760       2.022941906824393E-002   43.1233547062795     
   4.49731198910082       2.601485748386546E-002   43.1493695637634     
   4.53377247956404       3.029557910948061E-002   43.1796651428729     
   4.57023297002725       3.194105613118047E-002   43.2116061990041     
   4.60669346049047       3.049688353154817E-002   43.2421030825356     
   4.64315395095368       2.639508262190108E-002   43.2684981651575     
   4.67961444141689       2.074593499521678E-002   43.2892441001527     
   4.71607493188012       1.486492931715783E-002   43.3041090294699     
   4.75253542234333       9.847701552909663E-003   43.3139567310228     
   4.78899591280654       6.422745691778919E-003   43.3203794767146     
   4.82545640326975       5.094411306627665E-003   43.3254738880212     
   4.86191689373297       6.394752215132097E-003   43.3318686402363     
   4.89837738419619       1.096548003336980E-002   43.3428341202697     
   4.93483787465940       1.924280486481592E-002   43.3620769251345     
   4.97129836512262       3.080011393988024E-002   43.3928770390744     
   5.00775885558583       4.385456967415063E-002   43.4367316087486     
   5.04421934604905       5.566495076444580E-002   43.4923965595130     
   5.08067983651227       6.405233465867083E-002   43.5564488941717     
   5.11714032697548       6.916989218558540E-002   43.6256187863573     
   5.15360081743869       7.391489670731052E-002   43.6995336830646     
   5.19006130790191       8.204417624337883E-002   43.7815778593079     
   5.22652179836513       9.494135498082748E-002   43.8765192142888     
   5.26298228882834       0.109513931073116        43.9860331453619     
   5.29944277929155       0.119252132400921        44.1052852777628     
   5.33590326975477       0.118076960482166        44.2233622382450     
   5.37236376021799       0.104216767059303        44.3275790053043     
   5.40882425068120       8.123511673212558E-002   44.4088141220364     
   5.44528474114442       5.569223546433293E-002   44.4645063575007     
   5.48174523160763       3.352087693409395E-002   44.4980272344348     
   5.51820572207085       1.769995312575217E-002   44.5157271875606     
   5.55466621253407       8.196330338163780E-003   44.5239235178987     
   5.59112670299728       3.328063889327820E-003   44.5272515817881     
   5.62758719346049       1.184830770236634E-003   44.5284364125583     
   5.66404768392371       3.698236840196454E-004   44.5288062362423     
   5.70050817438693       1.012030131204906E-004   44.5289074392554     
   5.73696866485014       2.427956746352508E-005   44.5289317188229     
   5.77342915531335       5.106532492212439E-006   44.5289368253554     
   5.80988964577657       9.415375087034534E-007   44.5289377668929     
   5.84635013623978       1.521822135967573E-007   44.5289379190751     
   5.88281062670300       2.156219123092273E-008   44.5289379406373     
   5.91927111716622       2.678010211143676E-009   44.5289379433153     
   5.95573160762943       2.915474299237120E-010   44.5289379436069     
   5.99219209809264       2.782085917932381E-011   44.5289379436347     
   6.02865258855586       2.326954153642368E-012   44.5289379436370     
   6.06511307901908       1.705713519340717E-013   44.5289379436372     
   6.10157356948229       1.093859070532489E-014   44.5289379436372     
   6.13803405994550       6.043241836482660E-016   44.5289379436372     
   6.17449455040872       3.164343732088638E-017   44.5289379436372     
   6.21095504087194       0.000000000000000E+000   44.5289379436372     
   6.24741553133515       0.000000000000000E+000   44.5289379436372     
   6.28387602179837       0.000000000000000E+000   44.5289379436372     
   6.32033651226158       0.000000000000000E+000   44.5289379436372     
   6.35679700272480       0.000000000000000E+000   44.5289379436372     
   6.39325749318802       0.000000000000000E+000   44.5289379436372     
   6.42971798365123       0.000000000000000E+000   44.5289379436372     
   6.46617847411444       0.000000000000000E+000   44.5289379436372     
   6.50263896457766       0.000000000000000E+000   44.5289379436372     
   6.53909945504088       0.000000000000000E+000   44.5289379436372     
   6.57555994550409       0.000000000000000E+000   44.5289379436372     
   6.61202043596730       0.000000000000000E+000   44.5289379436372     
   6.64848092643052       0.000000000000000E+000   44.5289379436372     
   6.68494141689374       0.000000000000000E+000   44.5289379436372     
   6.72140190735695       0.000000000000000E+000   44.5289379436372     
   6.75786239782017       0.000000000000000E+000   44.5289379436372     
   6.79432288828338       0.000000000000000E+000   44.5289379436372     
   6.83078337874660       0.000000000000000E+000   44.5289379436372     
   6.86724386920982       0.000000000000000E+000   44.5289379436372     
   6.90370435967303       0.000000000000000E+000   44.5289379436372     
   6.94016485013624       0.000000000000000E+000   44.5289379436372     
   6.97662534059945       0.000000000000000E+000   44.5289379436372     
   7.01308583106267       0.000000000000000E+000   44.5289379436372     
   7.04954632152589       0.000000000000000E+000   44.5289379436372     
   7.08600681198910       0.000000000000000E+000   44.5289379436372     
   7.12246730245232       0.000000000000000E+000   44.5289379436372     
   7.15892779291553       0.000000000000000E+000   44.5289379436372     
   7.19538828337875       0.000000000000000E+000   44.5289379436372     
   7.23184877384197       0.000000000000000E+000   44.5289379436372     
   7.26830926430518       0.000000000000000E+000   44.5289379436372     
   7.30476975476839       0.000000000000000E+000   44.5289379436372     
