  -32.9454089329969       0.000000000000000E+000  0.000000000000000E+000
  -32.9088179207906       0.000000000000000E+000  0.000000000000000E+000
  -32.8722269085843       0.000000000000000E+000  0.000000000000000E+000
  -32.8356358963781       0.000000000000000E+000  0.000000000000000E+000
  -32.7990448841718       0.000000000000000E+000  0.000000000000000E+000
  -32.7624538719655       0.000000000000000E+000  0.000000000000000E+000
  -32.7258628597593       0.000000000000000E+000  0.000000000000000E+000
  -32.6892718475530       0.000000000000000E+000  0.000000000000000E+000
  -32.6526808353467       0.000000000000000E+000  0.000000000000000E+000
  -32.6160898231405       0.000000000000000E+000  0.000000000000000E+000
  -32.5794988109342       0.000000000000000E+000  0.000000000000000E+000
  -32.5429077987279       0.000000000000000E+000  0.000000000000000E+000
  -32.5063167865217       0.000000000000000E+000  0.000000000000000E+000
  -32.4697257743154       0.000000000000000E+000  0.000000000000000E+000
  -32.4331347621091       0.000000000000000E+000  0.000000000000000E+000
  -32.3965437499029       0.000000000000000E+000  0.000000000000000E+000
  -32.3599527376966       0.000000000000000E+000  0.000000000000000E+000
  -32.3233617254903       0.000000000000000E+000  0.000000000000000E+000
  -32.2867707132841       0.000000000000000E+000  0.000000000000000E+000
  -32.2501797010778       0.000000000000000E+000  0.000000000000000E+000
  -32.2135886888715       0.000000000000000E+000  0.000000000000000E+000
  -32.1769976766653       0.000000000000000E+000  0.000000000000000E+000
  -32.1404066644590       0.000000000000000E+000  0.000000000000000E+000
  -32.1038156522527       0.000000000000000E+000  0.000000000000000E+000
  -32.0672246400465       0.000000000000000E+000  0.000000000000000E+000
  -32.0306336278402       0.000000000000000E+000  0.000000000000000E+000
  -31.9940426156339       0.000000000000000E+000  0.000000000000000E+000
  -31.9574516034277       0.000000000000000E+000  0.000000000000000E+000
  -31.9208605912214       0.000000000000000E+000  0.000000000000000E+000
  -31.8842695790151       0.000000000000000E+000  0.000000000000000E+000
  -31.8476785668089       0.000000000000000E+000  0.000000000000000E+000
  -31.8110875546026       1.091159882657802E-016  1.091159882657802E-016
  -31.7744965423963       2.181200900201550E-015  2.290316888467330E-015
  -31.7379055301901       3.769312715159845E-014  3.998344404006579E-014
  -31.7013145179838       5.823847428592321E-013  6.223681868992979E-013
  -31.6647235057775       7.885709589656731E-012  8.508077776556029E-012
  -31.6281324935713       9.349982584661236E-011  1.020079036231684E-010
  -31.5915414813650       9.707877366313897E-010  1.072795640254558E-009
  -31.5549504691587       8.826664306108730E-009  9.899459946363287E-009
  -31.5183594569524       7.028147410701511E-008  8.018093405337840E-008
  -31.4817684447462       4.900833823229623E-007  5.702643163763407E-007
  -31.4451774325399       2.992929932995041E-006  3.563194249371381E-006
  -31.4085864203336       1.600784062827573E-005  1.957103487764711E-005
  -31.3719954081274       7.498773873282177E-005  9.455877361046888E-005
  -31.3354043959211       3.076664709800014E-004  4.022252445904703E-004
  -31.2988133837148       1.105637975436585E-003  1.507863220027055E-003
  -31.2622223715086       3.480152922253791E-003  4.988016142280846E-003
  -31.2256313593023       9.595006279950975E-003  1.458302242223182E-002
  -31.1890403470960       2.317191087941645E-002  3.775493330164827E-002
  -31.1524493348898       4.901796365656972E-002  8.677289695821799E-002
  -31.1158583226835       9.083050266468121E-002  0.177603399622899     
  -31.0792673104772       0.147433573491478       0.325036973114378     
  -31.0426762982710       0.209629995968934       0.534666969083312     
  -31.0060852860647       0.261099449437516       0.795766418520828     
  -30.9694942738584       0.284876486069759        1.08064290459059     
  -30.9329032616522       0.272276780915709        1.35291968550630     
  -30.8963122494459       0.227979206037104        1.58089889154340     
  -30.8597212372396       0.167293674433386        1.74819256597679     
  -30.8231302250334       0.107847476170925        1.85604004214771     
  -30.7865392128271       6.197942425091024E-002   1.91801946639862     
  -30.7499482006208       3.446604169792992E-002   1.95248550809655     
  -30.7133571884146       2.530258868320795E-002   1.97778809677976     
  -30.6767661762083       3.387635626402539E-002   2.01166445304378     
  -30.6401751640020       6.088763049881692E-002   2.07255208354260     
  -30.6035841517958       0.106560655434642        2.17911273897724     
  -30.5669931395895       0.166455135157046        2.34556787413429     
  -30.5304021273832       0.228471113215087        2.57403898734937     
  -30.4938111151770       0.274839554779524        2.84887854212890     
  -30.4572201029707       0.289641019011475        3.13851956114037     
  -30.4206290907644       0.267389677547364        3.40590923868774     
  -30.3840380785582       0.216235730345622        3.62214496903336     
  -30.3474470663519       0.153181358210723        3.77532632724408     
  -30.3108560541456       9.505542953953022E-002   3.87038175678361     
  -30.2742650419394       5.166975667249935E-002   3.92205151345611     
  -30.2376740297331       2.460250051520274E-002   3.94665401397132     
  -30.2010830175268       1.026122655856171E-002   3.95691524052988     
  -30.1644920053206       3.748774954913264E-003   3.96066401548479     
  -30.1279009931143       1.199613879354146E-003   3.96186362936414     
  -30.0913099809080       3.362379325978943E-004   3.96219986729674     
  -30.0547189687018       8.254586943265588E-005   3.96228241316618     
  -30.0181279564955       1.774912630880041E-005   3.96230016229248     
  -29.9815369442892       3.342570209339806E-006   3.96230350486269     
  -29.9449459320830       5.513081027772575E-007   3.96230405617080     
  -29.9083549198767       7.963543307241885E-008   3.96230413580623     
  -29.8717639076704       1.007404482992436E-008   3.96230414588027     
  -29.8351728954642       1.116025318529880E-009   3.96230414699630     
  -29.7985818832579       1.082688903457409E-010   3.96230414710457     
  -29.7619908710516       9.197741060154464E-012   3.96230414711377     
  -29.7253998588454       6.842320682604884E-013   3.96230414711445     
  -29.6888088466391       4.458191758840263E-014   3.96230414711449     
  -29.6522178344328       2.564166651903518E-015   3.96230414711450     
  -29.6156268222266       1.327002243661339E-016   3.96230414711450     
  -29.5790358100203       0.000000000000000E+000   3.96230414711450     
  -29.5424447978140       0.000000000000000E+000   3.96230414711450     
  -29.5058537856078       0.000000000000000E+000   3.96230414711450     
  -29.4692627734015       0.000000000000000E+000   3.96230414711450     
  -29.4326717611952       0.000000000000000E+000   3.96230414711450     
  -29.3960807489890       0.000000000000000E+000   3.96230414711450     
  -29.3594897367827       0.000000000000000E+000   3.96230414711450     
  -29.3228987245764       0.000000000000000E+000   3.96230414711450     
  -29.2863077123702       0.000000000000000E+000   3.96230414711450     
  -29.2497167001639       0.000000000000000E+000   3.96230414711450     
  -29.2131256879576       0.000000000000000E+000   3.96230414711450     
  -29.1765346757514       0.000000000000000E+000   3.96230414711450     
  -29.1399436635451       0.000000000000000E+000   3.96230414711450     
  -29.1033526513388       0.000000000000000E+000   3.96230414711450     
  -29.0667616391326       0.000000000000000E+000   3.96230414711450     
  -29.0301706269263       0.000000000000000E+000   3.96230414711450     
  -28.9935796147200       0.000000000000000E+000   3.96230414711450     
  -28.9569886025138       0.000000000000000E+000   3.96230414711450     
  -28.9203975903075       0.000000000000000E+000   3.96230414711450     
  -28.8838065781012       0.000000000000000E+000   3.96230414711450     
  -28.8472155658950       0.000000000000000E+000   3.96230414711450     
  -28.8106245536887       0.000000000000000E+000   3.96230414711450     
  -28.7740335414824       0.000000000000000E+000   3.96230414711450     
  -28.7374425292762       0.000000000000000E+000   3.96230414711450     
  -28.7008515170699       0.000000000000000E+000   3.96230414711450     
  -28.6642605048636       0.000000000000000E+000   3.96230414711450     
  -28.6276694926574       0.000000000000000E+000   3.96230414711450     
  -28.5910784804511       0.000000000000000E+000   3.96230414711450     
  -28.5544874682448       0.000000000000000E+000   3.96230414711450     
  -28.5178964560386       0.000000000000000E+000   3.96230414711450     
  -28.4813054438323       0.000000000000000E+000   3.96230414711450     
  -28.4447144316260       0.000000000000000E+000   3.96230414711450     
  -28.4081234194198       0.000000000000000E+000   3.96230414711450     
  -28.3715324072135       0.000000000000000E+000   3.96230414711450     
  -28.3349413950072       0.000000000000000E+000   3.96230414711450     
  -28.2983503828009       2.208184626711114E-016   3.96230414711450     
  -28.2617593705947       3.879202465811155E-015   3.96230414711450     
  -28.2251683583884       6.637762015717917E-014   3.96230414711457     
  -28.1885773461822       9.993370805330769E-013   3.96230414711557     
  -28.1519863339759       1.317973464278044E-011   3.96230414712875     
  -28.1153953217696       1.522019922084145E-010   3.96230414728095     
  -28.0788043095633       1.539152311575509E-009   3.96230414882010     
  -28.0422132973571       1.363026550439626E-008   3.96230416245037     
  -28.0056222851508       1.057064669062520E-007   3.96230426815683     
  -27.9690312729445       7.179367676891166E-007   3.96230498609360     
  -27.9324402607383       4.270421523668946E-006   3.96230925651512     
  -27.8958492485320       2.224678643068431E-005   3.96233150330155     
  -27.8592582363257       1.015049877362549E-004   3.96243300828929     
  -27.8226672241195       4.056411624524560E-004   3.96283864945174     
  -27.7860762119132       1.419846884736836E-003   3.96425849633648     
  -27.7494851997069       4.353068027752986E-003   3.96861156436423     
  -27.7128941875007       1.168994932733840E-002   3.98030151369157     
  -27.6763031752944       2.749799032362843E-002   4.00779950401520     
  -27.6397121630881       5.665880658989612E-002   4.06445831060510     
  -27.6031211508819       0.102262884527807        4.16672119513290     
  -27.5665301386756       0.161680549831714        4.32840174496462     
  -27.5299391264693       0.223918791219238        4.55232053618385     
  -27.4933481142631       0.271655890663105        4.82397642684696     
  -27.4567571020568       0.288698949843626        5.11267537669058     
  -27.4201660898505       0.268762888426811        5.38143826511740     
  -27.3835750776443       0.219174888554003        5.60061315367140     
  -27.3469840654380       0.156569774700733        5.75718292837213     
  -27.3103930532317       9.797557227670091E-002   5.85515850064883     
  -27.2738020410255       5.370521393429705E-002   5.90886371458313     
  -27.2372110288192       2.578687963707960E-002   5.93465059422021     
  -27.2006200166129       1.084572897726526E-002   5.94549632319747     
  -27.1640290044067       3.995666636943713E-003   5.94949198983442     
  -27.1274379922004       1.289384072511232E-003   5.95078137390693     
  -27.0908469799941       3.644425321565072E-004   5.95114581643909     
  -27.0542559677879       9.022353941848554E-005   5.95123603997850     
  -27.0176649555816       1.956340017579208E-005   5.95125560337868     
  -26.9810739433753       3.715279230592812E-006   5.95125931865791     
  -26.9444829311691       6.179447009794148E-007   5.95125993660261     
  -26.9078919189628       9.001329931456710E-008   5.95126002661591     
  -26.8713009067565       1.148286127156192E-008   5.95126003809877     
  -26.8347098945503       1.282823808947364E-009   5.95126003938160     
  -26.7981188823440       1.255001713909683E-010   5.95126003950710     
  -26.7615278701377       1.075146727350565E-011   5.95126003951785     
  -26.7249368579315       8.065276284503445E-013   5.95126003951865     
  -26.6883458457252       5.298500196047926E-014   5.95126003951871     
  -26.6517548335189       3.097658214506687E-015   5.95126003951871     
  -26.6151638213127       1.607618788294078E-016   5.95126003951871     
  -26.5785728091064       0.000000000000000E+000   5.95126003951871     
  -26.5419817969001       0.000000000000000E+000   5.95126003951871     
  -26.5053907846939       0.000000000000000E+000   5.95126003951871     
  -26.4687997724876       0.000000000000000E+000   5.95126003951871     
  -26.4322087602813       0.000000000000000E+000   5.95126003951871     
  -26.3956177480751       0.000000000000000E+000   5.95126003951871     
  -26.3590267358688       0.000000000000000E+000   5.95126003951871     
  -26.3224357236625       0.000000000000000E+000   5.95126003951871     
  -26.2858447114563       0.000000000000000E+000   5.95126003951871     
  -26.2492536992500       0.000000000000000E+000   5.95126003951871     
  -26.2126626870437       0.000000000000000E+000   5.95126003951871     
  -26.1760716748375       0.000000000000000E+000   5.95126003951871     
  -26.1394806626312       0.000000000000000E+000   5.95126003951871     
  -26.1028896504249       0.000000000000000E+000   5.95126003951871     
  -26.0662986382187       0.000000000000000E+000   5.95126003951871     
  -26.0297076260124       0.000000000000000E+000   5.95126003951871     
  -25.9931166138061       0.000000000000000E+000   5.95126003951871     
  -25.9565256015999       0.000000000000000E+000   5.95126003951871     
  -25.9199345893936       0.000000000000000E+000   5.95126003951871     
  -25.8833435771873       0.000000000000000E+000   5.95126003951871     
  -25.8467525649811       0.000000000000000E+000   5.95126003951871     
  -25.8101615527748       0.000000000000000E+000   5.95126003951871     
  -25.7735705405685       0.000000000000000E+000   5.95126003951871     
  -25.7369795283623       0.000000000000000E+000   5.95126003951871     
  -25.7003885161560       0.000000000000000E+000   5.95126003951871     
  -25.6637975039497       0.000000000000000E+000   5.95126003951871     
  -25.6272064917435       0.000000000000000E+000   5.95126003951871     
  -25.5906154795372       0.000000000000000E+000   5.95126003951871     
  -25.5540244673309       0.000000000000000E+000   5.95126003951871     
  -25.5174334551247       0.000000000000000E+000   5.95126003951871     
  -25.4808424429184       0.000000000000000E+000   5.95126003951871     
  -25.4442514307121       6.660832855450397E-016   5.95126003951871     
  -25.4076604185059       1.093394576908980E-014   5.95126003951872     
  -25.3710694062996       1.792924588502186E-013   5.95126003951890     
  -25.3344783940933       2.573910872605513E-012   5.95126003952147     
  -25.2978873818871       3.236564452598957E-011   5.95126003955384     
  -25.2612963696808       3.563807098290714E-010   5.95126003991022     
  -25.2247053574745       3.436341841277846E-009   5.95126004334656     
  -25.1881143452683       2.901647031209597E-008   5.95126007236303     
  -25.1515233330620       2.145714738256365E-007   5.95126028693451     
  -25.1149323208557       1.389604843725270E-006   5.95126167653935     
  -25.0783413086494       7.881610224288522E-006   5.95126955814957     
  -25.0417502964432       3.915207558421931E-005   5.95130871022516     
  -25.0051592842369       1.703421777439654E-004   5.95147905240290     
  -24.9685682720307       6.491243792621193E-004   5.95212817678216     
  -24.9319772598244       2.166616428312034E-003   5.95429479321048     
  -24.8953862476181       6.334230136047674E-003   5.96062902334652     
  -24.8587952354118       1.622078326632527E-002   5.97684980661285     
  -24.8222042232056       3.638510009853430E-002   6.01323490671138     
  -24.7856132109993       7.149171886283083E-002   6.08472662557421     
  -24.7490221987930       0.123047829503490        6.20777445507770     
  -24.7124311865868       0.185516620267209        6.39329107534491     
  -24.6758401743805       0.245011149017698        6.63830222436261     
  -24.6392491621742       0.283455848421468        6.92175807278408     
  -24.6026581499680       0.287265062217080        7.20902313500116     
  -24.5660671377617       0.255022280323215        7.46404541532437     
  -24.5294761255554       0.198321746262205        7.66236716158658     
  -24.4928851133492       0.135100601055317        7.79746776264189     
  -24.4562941011429       8.061867727673901E-002   7.87808643991863     
  -24.4197030889366       4.214063943258222E-002   7.92022707935122     
  -24.3831120767304       1.929515208857115E-002   7.93952223143979     
  -24.3465210645241       7.738743957533459E-003   7.94726097539732     
  -24.3099300523178       2.718695267865774E-003   7.94997967066519     
  -24.2733390401116       8.365849710912504E-004   7.95081625563628     
  -24.2367480279053       2.254809791862864E-004   7.95104173661547     
  -24.2001570156990       5.322922874198614E-005   7.95109496584421     
  -24.1635660034928       1.100576468088827E-005   7.95110597160889     
  -24.1269749912865       1.993006944410210E-006   7.95110796461583     
  -24.0903839790802       3.160851845687982E-007   7.95110828070102     
  -24.0537929668740       4.390297284525957E-008   7.95110832460399     
  -24.0172019546677       5.340300768146020E-009   7.95110832994429     
  -23.9806109424614       5.689094803115515E-010   7.95110833051320     
  -23.9440199302552       5.381225718068554E-011   7.95110833056701     
  -23.9074289180489       1.434107770837087E-011   7.95110833058135     
  -23.8708379058426       1.175230799227485E-010   7.95110833069888     
  -23.8342468936364       1.202318997351502E-009   7.95110833190120     
  -23.7976558814301       1.079963738368913E-008   7.95110834270083     
  -23.7610648692238       8.495299427102076E-008   7.95110842765383     
  -23.7244738570176       5.852403821924641E-007   7.95110901289421     
  -23.6878828448113       3.530924820975293E-006   7.95111254381903     
  -23.6512918326050       1.865749680933262E-005   7.95113120131584     
  -23.6147008203988       8.634568238922678E-005   7.95121754699823     
  -23.5781098081925       3.499945391099724E-004   7.95156754153734     
  -23.5415187959862       1.242583828637922E-003   7.95281012536598     
  -23.5049277837800       3.864057526278800E-003   7.95667418289226     
  -23.4683367715737       1.052504113410229E-002   7.96719922402636     
  -23.4317457593674       2.511159897248470E-002   7.99231082299884     
  -23.3951547471612       5.248103260285795E-002   8.04479185560170     
  -23.3585637349549       9.607578224079484E-002   8.14086763784250     
  -23.3219727227486       0.154068596814105        8.29493623465660     
  -23.2853817105424       0.216424779897113        8.51136101455371     
  -23.2487906983361       0.266314870943888        8.77767588549760     
  -23.2121996861298       0.287065643540769        9.06474152903837     
  -23.1756086739236       0.271059751598515        9.33580128063688     
  -23.1390176617173       0.224205557443120        9.56000683808000     
  -23.1024266495110       0.162451449702743        9.72245828778275     
  -23.0658356373048       0.103108370114830        9.82556665789758     
  -23.0292446250985       5.732624446207731E-002   9.88289290235965     
  -22.9926536128922       2.791883892027394E-002   9.91081174127993     
  -22.9560626006860       1.191021295984737E-002   9.92272195423977     
  -22.9194715884797       4.450543479510262E-003   9.92717249771929     
  -22.8828805762734       1.456699670578297E-003   9.92862919738986     
  -22.8462895640672       4.176203798214061E-004   9.92904681776968     
  -22.8096985518609       1.048669087755632E-004   9.92915168467846     
  -22.7731075396546       2.306375766956032E-005   9.92917474843613     
  -22.7365165274484       4.442684981489279E-006   9.92917919112111     
  -22.6999255152421       7.495028248338792E-007   9.92917994062394     
  -22.6633345030358       1.107391697958488E-007   9.92918005136310     
  -22.6267434908296       1.432903636429102E-008   9.92918006569214     
  -22.5901524786233       1.623706597972903E-009   9.92918006731585     
  -22.5535614664170       1.611238174044750E-010   9.92918006747697     
  -22.5169704542108       1.400109328310119E-011   9.92918006749097     
  -22.4803794420045       1.065377764490242E-012   9.92918006749204     
  -22.4437884297982       7.095341069290945E-014   9.92918006749211     
  -22.4071974175920       4.143210068170911E-015   9.92918006749211     
  -22.3706064053857       2.218619398272585E-016   9.92918006749211     
  -22.3340153931794       0.000000000000000E+000   9.92918006749211     
  -22.2974243809732       0.000000000000000E+000   9.92918006749211     
  -22.2608333687669       0.000000000000000E+000   9.92918006749211     
  -22.2242423565606       0.000000000000000E+000   9.92918006749211     
  -22.1876513443544       0.000000000000000E+000   9.92918006749211     
  -22.1510603321481       0.000000000000000E+000   9.92918006749211     
  -22.1144693199418       0.000000000000000E+000   9.92918006749211     
  -22.0778783077356       0.000000000000000E+000   9.92918006749211     
  -22.0412872955293       0.000000000000000E+000   9.92918006749211     
  -22.0046962833230       0.000000000000000E+000   9.92918006749211     
  -21.9681052711168       0.000000000000000E+000   9.92918006749211     
  -21.9315142589105       0.000000000000000E+000   9.92918006749211     
  -21.8949232467042       0.000000000000000E+000   9.92918006749211     
  -21.8583322344980       0.000000000000000E+000   9.92918006749211     
  -21.8217412222917       0.000000000000000E+000   9.92918006749211     
  -21.7851502100854       0.000000000000000E+000   9.92918006749211     
  -21.7485591978792       0.000000000000000E+000   9.92918006749211     
  -21.7119681856729       0.000000000000000E+000   9.92918006749211     
  -21.6753771734666       0.000000000000000E+000   9.92918006749211     
  -21.6387861612603       0.000000000000000E+000   9.92918006749211     
  -21.6021951490541       0.000000000000000E+000   9.92918006749211     
  -21.5656041368478       0.000000000000000E+000   9.92918006749211     
  -21.5290131246416       0.000000000000000E+000   9.92918006749211     
  -21.4924221124353       0.000000000000000E+000   9.92918006749211     
  -21.4558311002290       0.000000000000000E+000   9.92918006749211     
  -21.4192400880227       0.000000000000000E+000   9.92918006749211     
  -21.3826490758165       0.000000000000000E+000   9.92918006749211     
  -21.3460580636102       0.000000000000000E+000   9.92918006749211     
  -21.3094670514039       0.000000000000000E+000   9.92918006749211     
  -21.2728760391977       0.000000000000000E+000   9.92918006749211     
  -21.2362850269914       0.000000000000000E+000   9.92918006749211     
  -21.1996940147851       0.000000000000000E+000   9.92918006749211     
  -21.1631030025789       0.000000000000000E+000   9.92918006749211     
  -21.1265119903726       0.000000000000000E+000   9.92918006749211     
  -21.0899209781663       0.000000000000000E+000   9.92918006749211     
  -21.0533299659601       0.000000000000000E+000   9.92918006749211     
  -21.0167389537538       0.000000000000000E+000   9.92918006749211     
  -20.9801479415475       0.000000000000000E+000   9.92918006749211     
  -20.9435569293413       0.000000000000000E+000   9.92918006749211     
  -20.9069659171350       0.000000000000000E+000   9.92918006749211     
  -20.8703749049287       0.000000000000000E+000   9.92918006749211     
  -20.8337838927225       0.000000000000000E+000   9.92918006749211     
  -20.7971928805162       0.000000000000000E+000   9.92918006749211     
  -20.7606018683099       1.108332790407843E-016   9.92918006749211     
  -20.7240108561037       1.686419258529747E-015   9.92918006749212     
  -20.6874198438974       3.045999403075649E-014   9.92918006749215     
  -20.6508288316911       4.758290764003359E-013   9.92918006749262     
  -20.6142378194849       6.512586801213473E-012   9.92918006749913     
  -20.5776468072786       7.805739176907937E-011   9.92918006757719     
  -20.5410557950723       8.192481253735346E-010   9.92918006839644     
  -20.5044647828661       7.529645342745481E-009   9.92918007592608     
  -20.4678737706598       6.060443923612529E-008   9.92918013653052     
  -20.4312827584535       4.271871513377381E-007   9.92918056371767     
  -20.3946917462473       2.637110785722939E-006   9.92918320082846     
  -20.3581007340410       1.425762622403345E-005   9.92919745845468     
  -20.3215097218347       6.751285125397302E-005   9.92926497130594     
  -20.2849187096285       2.799994650302757E-004   9.92954497077097     
  -20.2483276974222       1.017114845644113E-003   9.93056208561661     
  -20.2117366852159       3.236194573295898E-003   9.93379828018991     
  -20.1751456730097       9.019035892667110E-003   9.94281731608258     
  -20.1385546608034       2.201682198700330E-002   9.96483413806958     
  -20.1019636485971       4.707880474997928E-002   10.0119129428196     
  -20.0653726363909       8.818176640761491E-002   10.1000947092272     
  -20.0287816241846       0.144683829891519        10.2447785391187     
  -19.9921906119783       0.207947278552505        10.4527258176712     
  -19.9555995997721       0.261807231141136        10.7145330488123     
  -19.9190085875658       0.288740146870191        11.0032731956825     
  -19.8824175753595       0.278952780698774        11.2822259763813     
  -19.8458265631533       0.236076036469653        11.5183020128510     
  -19.8092355509470       0.175012619987467        11.6933146328384     
  -19.7726445387407       0.113652914534705        11.8069675473731     
  -19.7360535265345       6.465212600752113E-002   11.8716196733806     
  -19.6994625143282       3.221690927799498E-002   11.9038365826586     
  -19.6628715021219       1.406834498143430E-002   11.9179049276401     
  -19.6262804899157       5.410192189663446E-003   11.9233151198297     
  -19.5896894777094       1.950073820943540E-003   11.9252651936507     
  -19.5530984655031       1.104447084709303E-003   11.9263696407354     
  -19.5165074532969       2.079756591902893E-003   11.9284493973273     
  -19.4799164410906       5.774517498558306E-003   11.9342239148258     
  -19.4433254288843       1.487154437432629E-002   11.9490954592002     
  -19.4067344166781       3.370031705159692E-002   11.9827957762518     
  -19.3701434044718       6.691782934984901E-002   12.0497136056016     
  -19.3335523922655       0.116398335911289        12.1661119415129     
  -19.2969613800593       0.177354776182339        12.3434667176952     
  -19.2603703678530       0.236718930182066        12.5801856478773     
  -19.2237793556467       0.276770308280160        12.8569559561575     
  -19.1871883434405       0.283467817297047        13.1404237734545     
  -19.1505973312342       0.254323201935830        13.3947469753904     
  -19.1140063190279       0.199878106969112        13.5946250823595     
  -19.0774153068217       0.137606648373745        13.7322317307332     
  -19.0408242946154       8.298609959855550E-002   13.8152178303318     
  -19.0042332824091       4.383880861577503E-002   13.8590566389475     
  -18.9676422702029       2.028589794946549E-002   13.8793425368970     
  -18.9310512579966       8.222530000202592E-003   13.8875650668972     
  -18.8944602457903       2.919342858868177E-003   13.8904844097561     
  -18.8578692335841       9.078725973873878E-004   13.8913922823535     
  -18.8212782213778       2.472952633421804E-004   13.8916395776168     
  -18.7846872091715       5.899944329834601E-005   13.8916985770601     
  -18.7480961969653       1.232851274434707E-005   13.8917109055728     
  -18.7115051847590       2.256279625504319E-006   13.8917131618525     
  -18.6749141725527       3.616453238069740E-007   13.8917135234978     
  -18.6383231603465       5.076545014891421E-008   13.8917135742632     
  -18.6017321481402       6.240744835456137E-009   13.8917135805040     
  -18.5651411359339       6.718533001661621E-010   13.8917135811758     
  -18.5285501237277       6.333866535726340E-011   13.8917135812392     
  -18.4919591115214       5.228807716067282E-012   13.8917135812444     
  -18.4553680993151       3.779838336594966E-013   13.8917135812448     
  -18.4187770871089       2.389958931642049E-014   13.8917135812448     
  -18.3821860749026       1.284000517646214E-015   13.8917135812448     
  -18.3455950626963       6.682174008666800E-017   13.8917135812448     
  -18.3090040504901       0.000000000000000E+000   13.8917135812448     
  -18.2724130382838       0.000000000000000E+000   13.8917135812448     
  -18.2358220260775       0.000000000000000E+000   13.8917135812448     
  -18.1992310138712       0.000000000000000E+000   13.8917135812448     
  -18.1626400016650       0.000000000000000E+000   13.8917135812448     
  -18.1260489894587       2.795717578490477E-019   13.8917135812448     
  -18.0894579772524       5.071993197064645E-018   13.8917135812448     
  -18.0528669650462       8.315080191972553E-017   13.8917135812448     
  -18.0162759528399       1.188056270366312E-015   13.8917135812448     
  -17.9796849406336       1.486665490727763E-014   13.8917135812448     
  -17.9430939284274       1.629038214046826E-013   13.8917135812450     
  -17.9065029162211       1.563157896835190E-012   13.8917135812466     
  -17.8699119040148       1.313533269060143E-011   13.8917135812597     
  -17.8333208918086       9.666270696839363E-011   13.8917135813564     
  -17.7967298796023       6.229729949547624E-010   13.8917135819793     
  -17.7601388673960       3.516286331872648E-009   13.8917135854956     
  -17.7235478551898       1.738264547810444E-008   13.8917136028783     
  -17.6869568429835       7.526195335073297E-008   13.8917136781402     
  -17.6503658307772       2.854130327657720E-007   13.8917139635532     
  -17.6137748185710       9.480273265993214E-007   13.8917149115806     
  -17.5771838063647       2.758201128487048E-006   13.8917176697817     
  -17.5405927941584       7.029063695789438E-006   13.8917246988454     
  -17.5040017819522       1.569072660363119E-005   13.8917403895720     
  -17.4674107697459       3.068098289819069E-005   13.8917710705549     
  -17.4308197575396       5.255108928225370E-005   13.8918236216442     
  -17.3942287453334       7.884696339338460E-005   13.8919024686076     
  -17.3576377331271       1.036292813112750E-004   13.8920060978889     
  -17.3210467209208       1.193099379270362E-004   13.8921254078268     
  -17.2844557087146       1.203285293794789E-004   13.8922457363562     
  -17.2478646965083       1.063062417845932E-004   13.8923520425980     
  -17.2112736843020       8.227146796556345E-005   13.8924343140659     
  -17.1746826720958       5.578041812764538E-005   13.8924900944841     
  -17.1380916598895       3.317793608903511E-005   13.8925232724202     
  -17.1015006476832       1.763372834121911E-005   13.8925409061485     
  -17.0649096354770       1.035653682724091E-005   13.8925512626853     
  -17.0283186232707       1.672113953216990E-005   13.8925679838249     
  -16.9917276110644       6.562144301117442E-005   13.8926336052679     
  -16.9551365988582       2.687173390694534E-004   13.8929023226069     
  -16.9185455866519       9.778079698166198E-004   13.8938801305768     
  -16.8819545744456       3.119813296772602E-003   13.8969999438735     
  -16.8453635622394       8.719641002715307E-003   13.9057195848762     
  -16.8087725500331       2.134715426640739E-002   13.9270667391427     
  -16.7721815378268       4.577809253050781E-002   13.9728448316732     
  -16.7355905256206       8.599196132427699E-002   14.0588367929974     
  -16.6989995134143       0.141496519794592        14.2003333127920     
  -16.6624085012080       0.203950919689160        14.4042842324812     
  -16.6258174890018       0.257514048767050        14.6617982812482     
  -16.5892264767955       0.284822812774229        14.9466210940225     
  -16.5526354645892       0.275965772255520        15.2225868662780     
  -16.5160444523830       0.234252227230173        15.4568390935082     
  -16.4794534401767       0.174301972043028        15.6311410655512     
  -16.4428624279704       0.114057479864716        15.7451985454159     
  -16.4062714157642       6.686898151661284E-002   15.8120675269325     
  -16.3696804035579       3.866705448986811E-002   15.8507345814224     
  -16.3330893913516       3.034004304243134E-002   15.8810746244648     
  -16.2964983791454       4.165074762036225E-002   15.9227253720852     
  -16.2599073669391       7.282901685574306E-002   15.9955543889409     
  -16.2233163547328       0.122461572927711        16.1180159618686     
  -16.1867253425266       0.183546958377141        16.3015629202458     
  -16.1501343303203       0.241781917055977        16.5433448373018     
  -16.1135433181140       0.279408577533855        16.8227534148356     
  -16.0769523059078       0.283770691805667        17.1065241066413     
  -16.0403612937015       0.255098208190488        17.3616223148318     
  -16.0037702814952       0.207662348765926        17.5692846635977     
  -15.9671792692890       0.163256494402981        17.7325411580007     
  -15.9305882570827       0.141302159975370        17.8738433179760     
  -15.8939972448764       0.150936912987108        18.0247802309632     
  -15.8574062326702       0.187834769054343        18.2126150000175     
  -15.8208152204639       0.236220096903064        18.4488350969206     
  -15.7842242082576       0.275776838466586        18.7246119353871     
  -15.7476331960514       0.291612969079124        19.0162249044663     
  -15.7110421838451       0.282470447513800        19.2986953519801     
  -15.6744511716388       0.261421025506312        19.5601163774864     
  -15.6378601594326       0.247344331827986        19.8074607093144     
  -15.6012691472263       0.252208590596946        20.0596692999113     
  -15.5646781350200       0.272786726556576        20.3324560264679     
  -15.5280871228138       0.292623776751709        20.6250798032196     
  -15.4914961106075       0.292820958186739        20.9179007614063     
  -15.4549050984012       0.263937848498731        21.1818386099051     
  -15.4183140861950       0.210877072122166        21.3927156820272     
  -15.3817230739887       0.148388044891994        21.5411037269192     
  -15.3451320617824       9.183452823523326E-002   21.6329382551545     
  -15.3085410495762       5.016518339395408E-002   21.6831034385484     
  -15.2719500373699       2.457869626129358E-002   21.7076821348097     
  -15.2353590251636       1.147920894509650E-002   21.7191613437548     
  -15.1987680129574       6.297128957043228E-003   21.7254584727118     
  -15.1621770007511       5.940251186169527E-003   21.7313987238980     
  -15.1255859885448       9.602245934433481E-003   21.7410009698325     
  -15.0889949763386       1.849495159927333E-002   21.7594959214317     
  -15.0524039641323       3.479135913010556E-002   21.7942872805618     
  -15.0158129519260       5.974151948369181E-002   21.8540288000455     
  -14.9792219397197       9.139489021405604E-002   21.9454236902596     
  -14.9426309275135       0.123374283772398        22.0687979740320     
  -14.9060399153072       0.146362734913239        22.2151607089452     
  -14.8694489031009       0.152326934145556        22.3674876430908     
  -14.8328578908947       0.138969921770157        22.5064575648609     
  -14.7962668786884       0.111097538694667        22.6175551035556     
  -14.7596758664821       7.781291454657230E-002   22.6953680181022     
  -14.7230848542759       4.774459991851641E-002   22.7431126180207     
  -14.6864938420696       2.566262289040186E-002   22.7687752409111     
  -14.6499028298633       1.208282764026407E-002   22.7808580685514     
  -14.6133118176571       4.983295257601167E-003   22.7858413638090     
  -14.5767208054508       1.800263317518150E-003   22.7876416271265     
  -14.5401297932445       5.696639283699971E-004   22.7882112910548     
  -14.5035387810383       1.578975640286761E-004   22.7883691886189     
  -14.4669477688320       3.837138861957751E-005   22.7884075600075     
  -14.4303567566257       8.332698475032504E-006   22.7884158927060     
  -14.3937657444195       2.212391253178736E-006   22.7884181050972     
  -14.3571747322132       2.557023221635396E-006   22.7884206621204     
  -14.3205837200069       6.759952166053507E-006   22.7884274220726     
  -14.2839927078007       1.715506024318807E-005   22.7884445771329     
  -14.2474016955944       3.831543643551743E-005   22.7884828925693     
  -14.2108106833881       7.497861565610232E-005   22.7885578711849     
  -14.1742196711819       1.285267248411981E-004   22.7886863979098     
  -14.1376286589756       1.929951004426211E-004   22.7888793930102     
  -14.1010376467693       2.538758640196551E-004   22.7891332688742     
  -14.0644466345631       2.926367834406369E-004   22.7894259056577     
  -14.0278556223568       2.959329780936744E-004   22.7897218386358     
  -13.9912646101505       2.640888226726184E-004   22.7899859274584     
  -13.9546735979443       2.137709405322042E-004   22.7901996983990     
  -13.9180825857380       1.757899608810868E-004   22.7903754883599     
  -13.8814915735317       1.945848705777499E-004   22.7905700732304     
  -13.8449005613255       3.334947133538106E-004   22.7909035679438     
  -13.8083095491192       6.783487813681396E-004   22.7915819167252     
  -13.7717185369129       1.320376022078935E-003   22.7929022927472     
  -13.7351275247067       2.303793806402157E-003   22.7952060865536     
  -13.6985365125004       3.553331026073645E-003   22.7987594175797     
  -13.6619455002941       4.836550466261504E-003   22.8035959680460     
  -13.6253544880879       5.822354122125258E-003   22.8094183221681     
  -13.5887634758816       6.243218504981800E-003   22.8156615406731     
  -13.5521724636753       6.097595105793337E-003   22.8217591357789     
  -13.5155814514691       5.833425110020700E-003   22.8275925608889     
  -13.4789904392628       6.557941687946722E-003   22.8341505025768     
  -13.4423994270565       1.038276029832681E-002   22.8445332628752     
  -13.4058084148503       2.081255020395864E-002   22.8653458130791     
  -13.3692174026440       4.258672077025380E-002   22.9079325338494     
  -13.3326263904377       8.003507403530190E-002   22.9879676078847     
  -13.2960353782315       0.133635988562424        23.1216035964471     
  -13.2594443660252       0.196363636073910        23.3179672325210     
  -13.2228533538189       0.253188779797343        23.5711560123184     
  -13.1862623416127       0.286204452910969        23.8573604652293     
  -13.1496713294064       0.283603164221706        24.1409636294510     
  -13.1130803172001       0.246599049188184        24.3875626786392     
  -13.0764893049939       0.189112594074681        24.5766752727139     
  -13.0398982927876       0.130724262120828        24.7073995348347     
  -13.0033072805813       8.847616409009705E-002   24.7958756989248     
  -12.9667162683751       7.256418144573840E-002   24.8684398803706     
  -12.9301252561688       8.614557260295619E-002   24.9545854529735     
  -12.8935342439625       0.126024056701020        25.0806095096745     
  -12.8569432317563       0.182222930676794        25.2628324403513     
  -12.8203522195500       0.238245373808266        25.5010778141596     
  -12.7837612073437       0.275221366538466        25.7762991806981     
  -12.7471701951375       0.279871621240867        26.0561708019389     
  -12.7105791829312       0.251465378562649        26.3076361805016     
  -12.6739881707249       0.202282080721398        26.5099182612230     
  -12.6373971585187       0.150995763131468        26.6609140243545     
  -12.6008061463124       0.114051706481334        26.7749657308358     
  -12.5642151341061       0.100755332782675        26.8757210636185     
  -12.5276241218999       0.113310597067959        26.9890316606864     
  -12.4910331096936       0.148590584074950        27.1376222447614     
  -12.4544420974873       0.198458754063402        27.3360809988248     
  -12.4178510852811       0.249283571693659        27.5853645705184     
  -12.3812600730748       0.284133271582767        27.8694978421012     
  -12.3446690608685       0.289253664260607        28.1587515063618     
  -12.3080780486623       0.261434527734304        28.4201860340961     
  -12.2714870364560       0.210452491834634        28.6306385259307     
  -12.2348960242497       0.154170808073939        28.7848093340047     
  -12.1983050120435       0.109698990709061        28.8945083247137     
  -12.1617139998372       8.634927909490635E-002   28.9808576038086     
  -12.1251229876309       8.355818667560902E-002   29.0644157904843     
  -12.0885319754247       9.320675263826744E-002   29.1576225431225     
  -12.0519409632184       0.104199237353044        29.2618217804756     
  -12.0153499510121       0.107337953280088        29.3691597337557     
  -11.9787589388059       9.875931195569713E-002   29.4679190457114     
  -11.9421679265996       8.052062587365102E-002   29.5484396715850     
  -11.9055769143933       5.827293452810381E-002   29.6067126061131     
  -11.8689859021871       3.775658285854822E-002   29.6444691889717     
  -11.8323948899808       2.240712168058383E-002   29.6668763106522     
  -11.7958038777745       1.315609561977634E-002   29.6800324062720     
  -11.7592128655683       9.873341774640179E-003   29.6899057480467     
  -11.7226218533620       1.317973244703157E-002   29.7030854804937     
  -11.6860308411557       2.553537840992993E-002   29.7286208589036     
  -11.6494398289495       5.081383791942615E-002   29.7794346968230     
  -11.6128488167432       9.190113533304842E-002   29.8713358321561     
  -11.5762578045369       0.146894687559869        30.0182305197160     
  -11.5396667923306       0.206281362571523        30.2245118822875     
  -11.5030757801244       0.254327973189448        30.4788398554769     
  -11.4664847679181       0.275695141223199        30.7545349967001     
  -11.4298937557118       0.263725704662952        31.0182607013631     
  -11.3933027435056       0.224303230431417        31.2425639317945     
  -11.3567117312993       0.172098903991037        31.4146628357855     
  -11.3201207190930       0.122197161468899        31.5368599972544     
  -11.2835297068868       8.343938234838172E-002   31.6202993796028     
  -11.2469386946805       5.737690053585835E-002   31.6776762801387     
  -11.2103476824742       4.164689438819588E-002   31.7193231745269     
  -11.1737566702680       3.386006877272019E-002   31.7531832432996     
  -11.1371656580617       3.316776938669304E-002   31.7863510126863     
  -11.1005746458554       3.932381335695506E-002   31.8256748260432     
  -11.0639836336492       5.081481303799654E-002   31.8764896390812     
  -11.0273926214429       6.386322325749616E-002   31.9403528623387     
  -10.9908016092366       7.327965686330544E-002   32.0136325192020     
  -10.9542105970304       7.478323035514065E-002   32.0884157495572     
  -10.9176195848241       6.721837666740048E-002   32.1556341262246     
  -10.8810285726178       5.303045997260015E-002   32.2086645861972     
  -10.8444375604116       3.667932017360896E-002   32.2453439063708     
  -10.8078465482053       2.224717842989165E-002   32.2675910848007     
  -10.7712555359990       1.188060557248928E-002   32.2794716903732     
  -10.7346645237928       5.729007201549027E-003   32.2852006975747     
  -10.6980735115865       2.849861479557320E-003   32.2880505590543     
  -10.6614824993802       2.159963806751482E-003   32.2902105228610     
  -10.6248914871740       2.894225610744460E-003   32.2931047484718     
  -10.5883004749677       4.569168301070282E-003   32.2976739167728     
  -10.5517094627614       6.730704298083963E-003   32.3044046210709     
  -10.5151184505552       8.783799305936662E-003   32.3131884203769     
  -10.4785274383489       1.006554615442604E-002   32.3232539665313     
  -10.4419364261426       1.011310782925080E-002   32.3333670743605     
  -10.4053454139364       8.907221151773064E-003   32.3422742955123     
  -10.3687544017301       6.881249736432031E-003   32.3491555452487     
  -10.3321633895238       4.685991815507756E-003   32.3538415370643     
  -10.2955723773176       2.914448979439575E-003   32.3567559860437     
  -10.2589813651113       2.037709337045836E-003   32.3587936953807     
  -10.2223903529050       2.686886002914217E-003   32.3614805813837     
  -10.1857993406988       6.248659110023027E-003   32.3677292404937     
  -10.1492083284925       1.552761351365005E-002   32.3832568540073     
  -10.1126173162862       3.488212615972261E-002   32.4181389801670     
  -10.0760263040800       6.894207215858557E-002   32.4870810523256     
  -10.0394352918737       0.119429177520437        32.6065102298461     
  -10.0028442796674       0.181243377743898        32.7877536075900     
  -9.96625326746117       0.240942101447707        33.0286957090377     
  -9.92966225525490       0.280582522893535        33.3092782319312     
  -9.89307124304863       0.286224972824664        33.5955032047559     
  -9.85648023084237       0.255774391523169        33.8512775962790     
  -9.81988921863610       0.200227197739254        34.0515047940183     
  -9.78329820642983       0.137330036988167        34.1888348310065     
  -9.74670719422356       8.257381372198007E-002   34.2714086447284     
  -9.71011618201730       4.363664326557160E-002   34.3150452879940     
  -9.67352516981103       2.048465475225120E-002   34.3355299427463     
  -9.63693415760476       8.920381367062623E-003   34.3444503241133     
  -9.60034314539850       4.169284095430006E-003   34.3486196082088     
  -9.56375213319223       2.722720951452778E-003   34.3513423291602     
  -9.52716112098596       2.588092271478972E-003   34.3539304214317     
  -9.49057010877970       2.835711291178154E-003   34.3567661327229     
  -9.45397909657343       3.096179742265916E-003   34.3598623124651     
  -9.41738808436716       3.231857473556466E-003   34.3630941699387     
  -9.38079707216090       3.180208541348140E-003   34.3662743784800     
  -9.34420605995463       2.915226918009957E-003   34.3691896053980     
  -9.30761504774836       2.466950956762548E-003   34.3716565563548     
  -9.27102403554209       1.939200284924693E-003   34.3735957566397     
  -9.23443302333583       1.490348777027681E-003   34.3750861054168     
  -9.19784201112956       1.282934292395905E-003   34.3763690397092     
  -9.16125099892329       1.428774718784252E-003   34.3777978144279     
  -9.12465998671702       1.946687931956263E-003   34.3797445023599     
  -9.08806897451076       2.738279480971430E-003   34.3824827818409     
  -9.05147796230449       3.594028122106048E-003   34.3860768099630     
  -9.01488695009822       4.247962813974412E-003   34.3903247727769     
  -8.97829593789196       4.476449321328547E-003   34.3948012220983     
  -8.94170492568569       4.195355219258216E-003   34.3989965773175     
  -8.90511391347942       3.494728248217798E-003   34.4024913055658     
  -8.86852290127316       2.586508029288916E-003   34.4050778135950     
  -8.83193188906689       1.700963445122779E-003   34.4067787770402     
  -8.79534087686062       9.993928403396149E-004   34.4077781698805     
  -8.75874986465436       5.537385124526007E-004   34.4083319083930     
  -8.72215885244809       4.077258722918411E-004   34.4087396342653     
  -8.68556784024182       7.213354481840283E-004   34.4094609697134     
  -8.64897682803555       2.012086443325271E-003   34.4114730561568     
  -8.61238581582929       5.479122840185834E-003   34.4169521789970     
  -8.57579480362302       1.324300328010760E-002   34.4301951822771     
  -8.53920379141675       2.808003836486134E-002   34.4582752206419     
  -8.50261277921049       5.216378754688771E-002   34.5104390081888     
  -8.46602176700422       8.488693312014235E-002   34.5953259413090     
  -8.42943075479795       0.121007445907574        34.7163333872165     
  -8.39283974259169       0.151109076282040        34.8674424634986     
  -8.35624873038542       0.165306583055680        35.0327490465543     
  -8.31965771817915       0.158431021247149        35.1911800678014     
  -8.28306670597289       0.133049080351099        35.3242291481525     
  -8.24647569376662       9.794705163550625E-002   35.4221761997880     
  -8.20988468156035       6.328327954891293E-002   35.4854594793369     
  -8.17329366935408       3.600366695363789E-002   35.5214631462906     
  -8.13670265714781       1.821058677789203E-002   35.5396737330684     
  -8.10011164494155       8.417411653342369E-003   35.5480911447218     
  -8.06352063273528       3.826025659477795E-003   35.5519171703813     
  -8.02692962052901       1.982652191549522E-003   35.5538998225728     
  -7.99033860832275       1.351389612320085E-003   35.5552512121851     
  -7.95374759611648       1.181491466304694E-003   35.5564327036514     
  -7.91715658391021       1.176418776831911E-003   35.5576091224283     
  -7.88056557170395       1.244077109202032E-003   35.5588531995375     
  -7.84397455949768       1.378567291193943E-003   35.5602317668287     
  -7.80738354729141       1.614218493353067E-003   35.5618459853220     
  -7.77079253508515       1.984360013379208E-003   35.5638303453354     
  -7.73420152287888       2.466199996086671E-003   35.5662965453315     
  -7.69761051067261       2.949066768715608E-003   35.5692456121002     
  -7.66101949846635       3.274913953265063E-003   35.5725205260535     
  -7.62442848626008       3.351977563350636E-003   35.5758725036168     
  -7.58783747405381       3.278047135888597E-003   35.5791505507527     
  -7.55124646184754       3.390133220368775E-003   35.5825406839731     
  -7.51465544964127       4.194597795248295E-003   35.5867352817683     
  -7.47806443743501       6.186241749514746E-003   35.5929215235178     
  -7.44147342522874       9.609165737655603E-003   35.6025306892555     
  -7.40488241302247       1.425493526298310E-002   35.6167856245185     
  -7.36829140081621       1.941774514526302E-002   35.6362033696637     
  -7.33170038860994       2.407156350754581E-002   35.6602749331713     
  -7.29510937640367       2.720303993830528E-002   35.6874779731096     
  -7.25851836419741       2.815111784111531E-002   35.7156290909507     
  -7.22192735199114       2.686935449233388E-002   35.7424984454430     
  -7.18533633978487       2.415604057548876E-002   35.7666544860185     
  -7.14874532757861       2.192270174191397E-002   35.7885771877604     
  -7.11215431537234       2.343473965604236E-002   35.8120119274165     
  -7.07556330316607       3.319968440652722E-002   35.8452116118230     
  -7.03897229095980       5.591707747205422E-002   35.9011286892950     
  -7.00238127875354       9.403144654780374E-002   35.9951601358429     
  -6.96579026654727       0.144478861979971        36.1396389978228     
  -6.92919925434100       0.196877103046880        36.3365161008697     
  -6.89260824213474       0.235868004930133        36.5723841057998     
  -6.85601722992847       0.247871603457732        36.8202557092576     
  -6.81942621772220       0.228434173486390        37.0486898827440     
  -6.78283520551594       0.184781546818978        37.2334714295629     
  -6.74624419330967       0.131536332159676        37.3650077617226     
  -6.70965318110340       8.294155345092838E-002   37.4479493151735     
  -6.67306216889714       4.710015247098631E-002   37.4950494676445     
  -6.63647115669087       2.511001268468830E-002   37.5201594803292     
  -6.59988014448460       1.389961851610897E-002   37.5340590988453     
  -6.56328913227834       9.833055124531255E-003   37.5438921539698     
  -6.52669812007207       1.115759525365499E-002   37.5550497492235     
  -6.49010710786580       1.898365922451819E-002   37.5740334084480     
  -6.45351609565953       3.701207122443882E-002   37.6110454796725     
  -6.41692508345326       6.979444635809415E-002   37.6808399260306     
  -6.38033407124700       0.119269628756644        37.8001095547872     
  -6.34374305904073       0.180662725300157        37.9807722800874     
  -6.30715204683446       0.240764012695981        38.2215362927833     
  -6.27056103462820       0.281583195581690        38.5031194883650     
  -6.23397002242193       0.288817693900937        38.7919371822660     
  -6.19737901021566       0.259889409371171        39.0518265916371     
  -6.16078799800940       0.205490841971330        39.2573174336085     
  -6.12419698580313       0.143401350388256        39.4007187839967     
  -6.08760597359686       8.936828706225583E-002   39.4900870710590     
  -6.05101496139060       5.127254856722081E-002   39.5413596196262     
  -6.01442394918433       2.901309862945576E-002   39.5703727182557     
  -5.97783293697806       1.805726960533209E-002   39.5884299878610     
  -5.94124192477179       1.325526660550509E-002   39.6016852544665     
  -5.90465091256553       1.103590789488159E-002   39.6127211623614     
  -5.86805990035926       1.001200297605256E-002   39.6227331653374     
  -5.83146888815299       1.080873926411719E-002   39.6335419046015     
  -5.79487787594672       1.569390392472416E-002   39.6492358085263     
  -5.75828686374046       2.798318003699673E-002   39.6772189885633     
  -5.72169585153419       5.074773430658045E-002   39.7279667228699     
  -5.68510483932792       8.456258859904303E-002   39.8125293114689     
  -5.64851382712166       0.125132891465466        39.9376622029344     
  -5.61192281491539       0.162836030894340        40.1004982338287     
  -5.57533180270912       0.185846532960345        40.2863447667890     
  -5.53874079050286       0.185903364600704        40.4722481313898     
  -5.50214977829659       0.162974743786815        40.6352228751766     
  -5.46555876609032       0.125246852444598        40.7604697276212     
  -5.42896775388406       8.443610623283059E-002   40.8449058338540     
  -5.39237674167779       5.001325645135137E-002   40.8949190903053     
  -5.35578572947152       2.611838378521033E-002   40.9210374740906     
  -5.31919471726525       1.211837542185936E-002   40.9331558495124     
  -5.28260370505899       5.079661687599301E-003   40.9382355112000     
  -5.24601269285272       1.991090045047978E-003   40.9402266012451     
  -5.20942168064645       7.768176922177501E-004   40.9410034189373     
  -5.17283066844019       3.314264184622472E-004   40.9413348453557     
  -5.13623965623392       1.825793688415638E-004   40.9415174247246     
  -5.09964864402765       1.828301081662630E-004   40.9417002548327     
  -5.06305763182139       3.434518980256487E-004   40.9420437067308     
  -5.02646661961512       7.704968581736463E-004   40.9428142035889     
  -4.98987560740885       1.626019179964659E-003   40.9444402227689     
  -4.95328459520259       3.051782592337290E-003   40.9474920053612     
  -4.91669358299632       5.041857310887732E-003   40.9525338626721     
  -4.88010257079005       7.328307898141802E-003   40.9598621705703     
  -4.84351155858378       9.395952395764783E-003   40.9692581229660     
  -4.80692054637752       1.068678509428736E-002   40.9799449080603     
  -4.77032953417125       1.089629998863016E-002   40.9908412080490     
  -4.73373852196498       1.014657384131790E-002   41.0009877818903     
  -4.69714750975871       8.892380696034147E-003   41.0098801625863     
  -4.66055649755245       7.633058735610990E-003   41.0175132213219     
  -4.62396548534618       6.652116760496509E-003   41.0241653380824     
  -4.58737447313991       5.952194112676952E-003   41.0301175321951     
  -4.55078346093365       5.378286768355241E-003   41.0354958189635     
  -4.51419244872738       4.800513323557448E-003   41.0402963322870     
  -4.47760143652111       4.229442885735332E-003   41.0445257751728     
  -4.44101042431485       3.810525897659726E-003   41.0483363010704     
  -4.40441941210858       3.720046336466355E-003   41.0520563474069     
  -4.36782839990231       4.033156157751327E-003   41.0560895035646     
  -4.33123738769605       4.645523755232805E-003   41.0607350273199     
  -4.29464637548978       5.297944251198095E-003   41.0660329715711     
  -4.25805536328351       5.690258820024446E-003   41.0717232303911     
  -4.22146435107724       5.616828554865803E-003   41.0773400589459     
  -4.18487333887098       5.050043102077214E-003   41.0823901020480     
  -4.14828232666471       4.141454839798662E-003   41.0865315568878     
  -4.11169131445844       3.163702338486087E-003   41.0896952592263     
  -4.07510030225217       2.441204307959476E-003   41.0921364635343     
  -4.03850929004591       2.301213838461265E-003   41.0944376773727     
  -4.00191827783964       3.033119897796113E-003   41.0974707972705     
  -3.96532726563337       4.810028690538095E-003   41.1022808259611     
  -3.92873625342711       7.551538395331740E-003   41.1098323643564     
  -3.89214524122084       1.079853190023577E-002   41.1206308962566     
  -3.85555422901457       1.374559997592654E-002   41.1343764962325     
  -3.81896321680831       1.551438120752643E-002   41.1498908774401     
  -3.78237220460204       1.555429675814311E-002   41.1654451741982     
  -3.74578119239577       1.390826197644458E-002   41.1793534361747     
  -3.70919018018951       1.115663276414416E-002   41.1905100689388     
  -3.67259916798324       8.097375411092601E-003   41.1986074443499     
  -3.63600815577697       5.397467762370942E-003   41.2040049121123     
  -3.59941714357070       3.417274933398061E-003   41.2074221870457     
  -3.56282613136444       2.248891815200665E-003   41.2096710788609     
  -3.52623511915817       1.881221817930659E-003   41.2115523006788     
  -3.48964410695190       2.367743033816930E-003   41.2139200437126     
  -3.45305309474564       3.888936619472554E-003   41.2178089803321     
  -3.41646208253937       6.641429540280183E-003   41.2244504098724     
  -3.37987107033310       1.057173122669384E-002   41.2350221410991     
  -3.34328005812683       1.510902100462279E-002   41.2501311621037     
  -3.30668904592057       1.914525147065129E-002   41.2692764135743     
  -3.27009803371430       2.141247880479386E-002   41.2906888923791     
  -3.23350702150803       2.110451943776178E-002   41.3117934118169     
  -3.19691600930177       1.832784979609263E-002   41.3301212616130     
  -3.16032499709550       1.404136630543130E-002   41.3441626279184     
  -3.12373398488923       9.535929657718316E-003   41.3536985575761     
  -3.08714297268297       5.843126139802294E-003   41.3595416837159     
  -3.05055196047670       3.440909290693591E-003   41.3629825930066     
  -3.01396094827043       2.329754718018193E-003   41.3653123477246     
  -2.97736993606416       2.310340013184809E-003   41.3676226877378     
  -2.94077892385790       3.271352732383018E-003   41.3708940404702     
  -2.90418791165163       5.383963769706644E-003   41.3762780042399     
  -2.86759689944536       9.124678140812021E-003   41.3854026823807     
  -2.83100588723910       1.501591035491161E-002   41.4004185927356     
  -2.79441487503283       2.306257935324142E-002   41.4234811720889     
  -2.75782386282656       3.216477823855954E-002   41.4556459503275     
  -2.72123285062030       4.005711477313122E-002   41.4957030651006     
  -2.68464183841403       4.413476381327334E-002   41.5398378289139     
  -2.64805082620776       4.281817723009437E-002   41.5826560061440     
  -2.61145981400150       3.650016766098543E-002   41.6191561738049     
  -2.57486880179523       2.732656308442967E-002   41.6464827368894     
  -2.53827778958896       1.798926729220450E-002   41.6644720041816     
  -2.50168677738269       1.045245858319748E-002   41.6749244627648     
  -2.46509576517643       5.408137419135262E-003   41.6803326001839     
  -2.42850475297016       2.538961948868094E-003   41.6828715621328     
  -2.39191374076389       1.120094905903293E-003   41.6839916570387     
  -2.35532272855762       4.889999091390553E-004   41.6844806569478     
  -2.31873171635136       2.230386290424673E-004   41.6847036955769     
  -2.28214070414509       1.148298970699934E-004   41.6848185254739     
  -2.24554969193882       8.856620418797212E-005   41.6849070916781     
  -2.20895867973256       1.381942291274196E-004   41.6850452859073     
  -2.17236766752629       2.994088913014835E-004   41.6853446947986     
  -2.13577665532002       6.333332541207327E-004   41.6859780280527     
  -2.09918564311376       1.196165688848732E-003   41.6871741937415     
  -2.06259463090749       1.987532398009126E-003   41.6891617261395     
  -2.02600361870122       2.903914160910758E-003   41.6920656403004     
  -1.98941260649496       3.749355664864824E-003   41.6958149959653     
  -1.95282159428869       4.338729660553852E-003   41.7001537256259     
  -1.91623058208242       4.662960762304564E-003   41.7048166863882     
  -1.87963956987615       5.019607054332134E-003   41.7098362934425     
  -1.84304855766988       6.005769865125393E-003   41.7158420633076     
  -1.80645754546362       8.325782142904902E-003   41.7241678454505     
  -1.76986653325735       1.244082947267503E-002   41.7366086749232     
  -1.73327552105108       1.817047690027123E-002   41.7547791518235     
  -1.69668450884482       2.445889493197287E-002   41.7792380467554     
  -1.66009349663855       2.956245391053898E-002   41.8088005006660     
  -1.62350248443228       3.173877818121307E-002   41.8405392788472     
  -1.58691147222602       3.012634688213194E-002   41.8706656257293     
  -1.55032046001975       2.523394444258916E-002   41.8958995701719     
  -1.51372944781348       1.866850957132568E-002   41.9145680797432     
  -1.47713843560722       1.230581650807638E-002   41.9268738962513     
  -1.44054742340095       7.504313012322197E-003   41.9343782092636     
  -1.40395641119468       4.813810351892264E-003   41.9391920196155     
  -1.36736539898842       4.154502689778011E-003   41.9433465223053     
  -1.33077438678215       5.127586429626344E-003   41.9484741087349     
  -1.29418337457588       7.186187568724301E-003   41.9556602963037     
  -1.25759236236961       9.663618225284720E-003   41.9653239145289     
  -1.22100135016335       1.182323722521802E-002   41.9771471517542     
  -1.18441033795708       1.303025547457499E-002   41.9901774072287     
  -1.14781932575081       1.296515651566798E-002   42.0031425637444     
  -1.11122831354455       1.171411133092195E-002   42.0148566750753     
  -1.07463730133828       9.668499109252528E-003   42.0245251741846     
  -1.03804628913201       7.320371278756227E-003   42.0318455454633     
  -1.00145527692575       5.088596347731934E-003   42.0369341418111     
 -0.964864264719477       3.238420987084843E-003   42.0401725627982     
 -0.928273252513208       1.876415353372834E-003   42.0420489781515     
 -0.891682240306942       9.834932438857376E-004   42.0430324713954     
 -0.855091228100676       4.644207992629086E-004   42.0434968921947     
 -0.818500215894410       2.000732334056425E-004   42.0436969654281     
 -0.781909203688144       8.743005129926792E-005   42.0437843954794     
 -0.745318191481879       5.768436148375312E-005   42.0438420798409     
 -0.708727179275606       7.469949613685428E-005   42.0439167793370     
 -0.672136167069340       1.241332068638647E-004   42.0440409125439     
 -0.635545154863074       2.043727531639029E-004   42.0442452852971     
 -0.598954142656808       3.270652470558392E-004   42.0445723505441     
 -0.562363130450542       5.285478499332913E-004   42.0451008983940     
 -0.525772118244276       8.827923574247648E-004   42.0459836907515     
 -0.489181106038004       1.496707097338015E-003   42.0474803978488     
 -0.452590093831738       2.473656175844191E-003   42.0499540540246     
 -0.415999081625472       3.858273433911577E-003   42.0538123274586     
 -0.379408069419206       5.604246108256632E-003   42.0594165735668     
 -0.342817057212940       7.595983987206711E-003   42.0670125575540     
 -0.306226045006674       9.698199636724199E-003   42.0767107571907     
 -0.269635032800402       1.176810590967741E-002   42.0884788631004     
 -0.233044020594136       1.361151691195790E-002   42.1020903800124     
 -0.196453008387870       1.495561215229870E-002   42.1170459921647     
 -0.159861996181604       1.551931451706795E-002   42.1325653066817     
 -0.123270983975338       1.515276749106584E-002   42.1477180741728     
 -8.667997176907249E-002  1.392738081377736E-002   42.1616454549866     
 -5.008895956279957E-002  1.211030873331861E-002   42.1737557637199     
 -1.349794735653376E-002  1.007511714096482E-002   42.1838308808609     
  2.309306484973206E-002  8.222004012727477E-003   42.1920528848736     
  5.968407705599788E-002  6.901885379556752E-003   42.1989547702532     
  9.627508926226369E-002  6.303940020057552E-003   42.2052587102732     
  0.132866101468530       6.341275530172684E-003   42.2115999858034     
  0.169457113674802       6.646160244109499E-003   42.2182461460475     
  0.206048125881068       6.739038402727693E-003   42.2249851844502     
  0.242639138087334       6.289486095040439E-003   42.2312746705453     
  0.279230150293600       5.292099268455817E-003   42.2365667698137     
  0.315821162499866       4.040222554497997E-003   42.2406069923682     
  0.352412174706139       2.938144955066719E-003   42.2435451373233     
  0.389003186912404       2.295239388384277E-003   42.2458403767117     
  0.425594199118670       2.215053046152804E-003   42.2480554297578     
  0.462185211324936       2.594201060358063E-003   42.2506496308182     
  0.498776223531202       3.187753107354281E-003   42.2538373839255     
  0.535367235737468       3.704104270809723E-003   42.2575414881964     
  0.571958247943741       3.908852091478188E-003   42.2614503402878     
  0.608549260150006       3.707092730956895E-003   42.2651574330188     
  0.645140272356272       3.163274850412598E-003   42.2683207078692     
  0.681731284562538       2.445279844712533E-003   42.2707659877139     
  0.718322296768804       1.730598465422763E-003   42.2724965861793     
  0.754913308975070       1.135192288497434E-003   42.2736317784678     
  0.791504321181343       6.973475101851074E-004   42.2743291259780     
  0.828095333387608       4.028296498206916E-004   42.2747319556278     
  0.864686345593874       2.178593475486835E-004   42.2749498149754     
  0.901277357800140       1.090810587855939E-004   42.2750588960342     
  0.937868370006406       4.987034528688296E-005   42.2751087663795     
  0.974459382212672       2.055546938818671E-005   42.2751293218489     
   1.01105039441894       7.563318483091308E-006   42.2751368851673     
   1.04764140662521       2.468810850931260E-006   42.2751393539782     
   1.08423241883148       7.243329198586519E-007   42.2751400783111     
   1.12082343103774       2.699045084510491E-007   42.2751403482156     
   1.15741444324401       5.355956214160452E-007   42.2751408838112     
   1.19400545545027       2.395157033355674E-006   42.2751432789683     
   1.23059646765655       1.007356823201381E-005   42.2751533525365     
   1.26718747986281       3.722011230390748E-005   42.2751905726488     
   1.30377849206908       1.204690850423987E-004   42.2753110417339     
   1.34036950427534       3.415351702336669E-004   42.2756525769041     
   1.37696051648161       8.481318271588528E-004   42.2765007087313     
   1.41355152868788       1.844873914155982E-003   42.2783455826454     
   1.45014254089415       3.515214507675812E-003   42.2818607971531     
   1.48673355310041       5.867109429036604E-003   42.2877279065821     
   1.52332456530668       8.578040748208787E-003   42.2963059473303     
   1.55991557751295       1.098618313490674E-002   42.3072921304652     
   1.59650658971921       1.232544220144378E-002   42.3196175726667     
   1.63309760192548       1.211312296960719E-002   42.3317306956363     
   1.66968861413175       1.042815634976216E-002   42.3421588519861     
   1.70627962633802       7.864216152127922E-003   42.3500230681382     
   1.74287063854428       5.195142588316048E-003   42.3552182107265     
   1.77946165075055       3.006288982755052E-003   42.3582244997093     
   1.81605266295681       1.523907662804810E-003   42.3597484073721     
   1.85264367516309       6.768260217024035E-004   42.3604252333938     
   1.88923468736935       2.641512925142645E-004   42.3606893846863     
   1.92582569957562       9.390593056126630E-005   42.3607832906168     
   1.96241671178188       4.276562550028293E-005   42.3608260562423     
   1.99900772398815       5.990768952398882E-005   42.3608859639319     
   2.03559873619442       1.552336268475391E-004   42.3610411975587     
   2.07218974840069       3.927634494068254E-004   42.3614339610081     
   2.10878076060695       8.839108634073719E-004   42.3623178718715     
   2.14537177281322       1.760933418538548E-003   42.3640788052901     
   2.18196278501949       3.119333395668714E-003   42.3671981386857     
   2.21855379722575       4.949741121019448E-003   42.3721478798067     
   2.25514480943202       7.108051821422218E-003   42.3792559316282     
   2.29173582163829       9.354974928355594E-003   42.3886109065565     
   2.32832683384456       1.143201033226020E-002   42.4000429168888     
   2.36491784605082       1.310184411152203E-002   42.4131447610003     
   2.40150885825709       1.413323219429039E-002   42.4272779931946     
   2.43809987046335       1.430314006671072E-002   42.4415811332613     
   2.47469088266962       1.349328896942466E-002   42.4550744222307     
   2.51128189487589       1.184404227022723E-002   42.4669184645009     
   2.54787290708216       9.827498570079774E-003   42.4767459630710     
   2.58446391928842       8.140740132470764E-003   42.4848867032035     
   2.62105493149469       7.457164070308678E-003   42.4923438672738     
   2.65764594370096       8.165862660918370E-003   42.5005097299347     
   2.69423695590722       1.021469134988131E-002   42.5107244212846     
   2.73082796811349       1.310847539365022E-002   42.5238328966783     
   2.76741898031976       1.605899079268931E-002   42.5398918874709     
   2.80400999252603       1.823635515310051E-002   42.5581282426240     
   2.84060100473229       1.902830504397244E-002   42.5771565476680     
   2.87719201693856       1.820893017272909E-002   42.5953654778407     
   2.91378302914482       1.596865172513210E-002   42.6113341295659     
   2.95037404135110       1.282154391113741E-002   42.6241556734770     
   2.98696505355736       9.441408036419879E-003   42.6335970815134     
   3.02355606576363       6.488900977194358E-003   42.6400859824906     
   3.06014707796989       4.490189652766857E-003   42.6445761721434     
   3.09673809017616       3.793363643049038E-003   42.6483695357864     
   3.13332910238243       4.560766623606797E-003   42.6529303024100     
   3.16992011458870       6.720515462933678E-003   42.6596508178730     
   3.20651112679496       9.870997065875345E-003   42.6695218149389     
   3.24310213900123       1.326367551933143E-002   42.6827854904582     
   3.27969315120750       1.601501083628399E-002   42.6988005012945     
   3.31628416341376       1.751215707634286E-002   42.7163126583708     
   3.35287517562004       1.772768266316088E-002   42.7340403410340     
   3.38946618782630       1.715152803147649E-002   42.7511918690655     
   3.42605720003257       1.637414503680646E-002   42.7675660141023     
   3.46264821223883       1.569789113742284E-002   42.7832639052397     
   3.49923922444510       1.512112406432999E-002   42.7983850293040     
   3.53583023665136       1.464914841883233E-002   42.8130341777228     
   3.57242124885764       1.456714510131371E-002   42.8276013228242     
   3.60901226106390       1.538608422836172E-002   42.8429874070525     
   3.64560327327017       1.750220486003689E-002   42.8604896119126     
   3.68219428547643       2.082905508976755E-002   42.8813186670023     
   3.71878529768270       2.463574011646910E-002   42.9059544071188     
   3.75537630988897       2.770108742294032E-002   42.9336554945417     
   3.79196732209524       2.877365214854201E-002   42.9624291466903     
   3.82855833430150       2.716379825991057E-002   42.9895929449502     
   3.86514934650777       2.312997939935750E-002   43.0127229243495     
   3.90174035871404       1.777079311652520E-002   43.0304937174661     
   3.93833137092030       1.246508292629920E-002   43.0429588003924     
   3.97492238312657       8.235767945887311E-003   43.0511945683383     
   4.01151339533284       5.427513930793331E-003   43.0566220822690     
   4.04810440753911       3.804007790656058E-003   43.0604260900597     
   4.08469541974537       2.882972553806549E-003   43.0633090626135     
   4.12128643195164       2.251356877175949E-003   43.0655604194907     
   4.15787744415790       1.714008963341449E-003   43.0672744284540     
   4.19446845636417       1.282546755480577E-003   43.0685569752095     
   4.23105946857044       1.098333556393484E-003   43.0696553087659     
   4.26765048077671       1.376912420492978E-003   43.0710322211864     
   4.30424149298297       2.394799982018800E-003   43.0734270211684     
   4.34083250518924       4.473005732901917E-003   43.0779000269013     
   4.37742351739551       7.892431802861413E-003   43.0857924587042     
   4.41401452960177       1.271707385719799E-002   43.0985095325614     
   4.45060554180805       1.858293343815338E-002   43.1170924659995     
   4.48719655401431       2.459068048509134E-002   43.1416831464846     
   4.52378756622058       2.945069922212771E-002   43.1711338457067     
   4.56037857842684       3.191075705699529E-002   43.2030446027637     
   4.59696959063311       3.128575799863995E-002   43.2343303607624     
   4.63356060283938       2.777597248129409E-002   43.2621063332437     
   4.67015161504565       2.236579882800138E-002   43.2844721320717     
   4.70674262725191       1.638385045019865E-002   43.3008559825219     
   4.74333363945818       1.102641141185308E-002   43.3118823939337     
   4.77992465166444       7.123214623257966E-003   43.3190056085570     
   4.81651566387071       5.219027926570164E-003   43.3242246364835     
   4.85310667607698       5.827454849207804E-003   43.3300520913328     
   4.88969768828325       9.584050271183777E-003   43.3396361416039     
   4.92628870048951       1.703323372482508E-002   43.3566693753288     
   4.96287971269578       2.801187009404089E-002   43.3846812454228     
   4.99947072490205       4.103920295733406E-002   43.4257204483801     
   5.03606173710831       5.345849801702914E-002   43.4791789463972     
   5.07265274931459       6.276136962507947E-002   43.5419403160222     
   5.10924376152085       6.846975701751135E-002   43.6104100730398     
   5.14583477372712       7.299534688599275E-002   43.6834054199258     
   5.18242578593338       8.021995063766456E-002   43.7636253705634     
   5.21901679813965       9.231010392567073E-002   43.8559354744891     
   5.25560781034591       0.107103862681246        43.9630393371703     
   5.29219882255219       0.118454931956432        44.0814942691268     
   5.32878983475845       0.119749969360919        44.2012442384877     
   5.36538084696472       0.108132991014454        44.3093772295021     
   5.40197185917098       8.626673241683099E-002   44.3956439619190     
   5.43856287137725       6.050811730282805E-002   44.4561520792218     
   5.47515388358352       3.723509676126401E-002   44.4933871759831     
   5.51174489578979       2.008473439409307E-002   44.5134719103772     
   5.54833590799606       9.492573141444414E-003   44.5229644835186     
   5.58492692020232       3.930337828972161E-003   44.5268948213476     
   5.62151793240859       1.425499642897420E-003   44.5283203209905     
   5.65810894461485       4.528715573074884E-004   44.5287731925478     
   5.69469995682112       1.260199913072120E-004   44.5288992125391     
   5.73129096902739       3.071484591098419E-005   44.5289299273850     
   5.76788198123366       6.556775774314973E-006   44.5289364841608     
   5.80447299343992       1.225896817746377E-006   44.5289377100576     
   5.84106400564619       2.007369194436065E-007   44.5289379107945     
   5.87765501785245       2.878711233948726E-008   44.5289379395816     
   5.91424603005872       3.615379057887477E-009   44.5289379431970     
   5.95083704226499       3.976321452424827E-010   44.5289379435946     
   5.98742805447126       3.829728683292376E-011   44.5289379436329     
   6.02401906667752       3.229975123559166E-012   44.5289379436362     
   6.06061007888379       2.385273357793725E-013   44.5289379436364     
   6.09720109109006       1.540590207098652E-014   44.5289379436364     
   6.13379210329633       8.741663232846523E-016   44.5289379436364     
   6.17038311550260       4.515191159787167E-017   44.5289379436364     
   6.20697412770886       0.000000000000000E+000   44.5289379436364     
   6.24356513991513       0.000000000000000E+000   44.5289379436364     
   6.28015615212139       0.000000000000000E+000   44.5289379436364     
   6.31674716432766       0.000000000000000E+000   44.5289379436364     
   6.35333817653393       0.000000000000000E+000   44.5289379436364     
   6.38992918874020       0.000000000000000E+000   44.5289379436364     
   6.42652020094646       0.000000000000000E+000   44.5289379436364     
   6.46311121315273       0.000000000000000E+000   44.5289379436364     
   6.49970222535899       0.000000000000000E+000   44.5289379436364     
   6.53629323756526       0.000000000000000E+000   44.5289379436364     
   6.57288424977153       0.000000000000000E+000   44.5289379436364     
   6.60947526197780       0.000000000000000E+000   44.5289379436364     
   6.64606627418407       0.000000000000000E+000   44.5289379436364     
   6.68265728639033       0.000000000000000E+000   44.5289379436364     
   6.71924829859660       0.000000000000000E+000   44.5289379436364     
   6.75583931080286       0.000000000000000E+000   44.5289379436364     
   6.79243032300914       0.000000000000000E+000   44.5289379436364     
   6.82902133521540       0.000000000000000E+000   44.5289379436364     
   6.86561234742167       0.000000000000000E+000   44.5289379436364     
   6.90220335962793       0.000000000000000E+000   44.5289379436364     
   6.93879437183420       0.000000000000000E+000   44.5289379436364     
   6.97538538404046       0.000000000000000E+000   44.5289379436364     
   7.01197639624674       0.000000000000000E+000   44.5289379436364     
   7.04856740845300       0.000000000000000E+000   44.5289379436364     
   7.08515842065927       0.000000000000000E+000   44.5289379436364     
   7.12174943286553       0.000000000000000E+000   44.5289379436364     
   7.15834044507180       0.000000000000000E+000   44.5289379436364     
   7.19493145727807       0.000000000000000E+000   44.5289379436364     
   7.23152246948434       0.000000000000000E+000   44.5289379436364     
   7.26811348169061       0.000000000000000E+000   44.5289379436364     
   7.30470449389687       0.000000000000000E+000   44.5289379436364     
