#
#
   1   1  1 -20.545 -22.585
   2   1  1 -20.138 -23.427
   3   1  1 -17.815 -20.327
   4   1  1 -15.711 -18.218
   5   1  1 -14.966 -17.127
   6   1  1 -12.631 -14.539
   7   1  1 -12.114 -13.794
   8   1  1 -10.981 -10.577
   9   1  1 -10.428 -11.771
  10   1  1 -10.381 -11.773
  11   1  1  -9.939  -9.603
  12   1  1  -9.852  -9.543
  13   1  1  -9.840  -9.521
  14   1  1  -9.698 -10.800
  15   1  1  -9.477  -9.193
  16   1  1  -9.463  -9.175
  17   1  1  -9.348 -10.764
  18   1  1  -8.827  -8.559
  19   1  1  -8.794  -8.524
  20   1  1  -8.459  -8.249
  21   1  1  -8.431  -8.205
  22   1  1  -8.422  -8.186
  23   1  1  -8.358  -8.132
  24   1  1  -8.347  -8.123
  25   1  1  -8.342  -8.116
  26   1  1  -8.333  -8.105
  27   1  1  -7.946  -9.384
  28   1  1  -7.656  -8.595
  29   1  1  -7.608  -7.941
  30   1  1  -7.382  -8.478
  31   1  1  -7.336  -7.164
  32   1  1  -7.309  -7.149
  33   1  1  -7.307  -7.131
  34   1  1  -7.297  -7.131
  35   1  1  -7.278  -7.229
  36   1  1  -7.259  -7.312
  37   1  1  -6.956  -6.921
  38   1  1  -6.920  -6.807
  39   1  1  -6.834  -7.667
  40   1  1  -6.500  -6.350
  41   1  1  -6.494  -6.377
  42   1  1  -6.437  -6.678
  43   1  1  -6.209  -6.529
  44   1  1  -5.878  -5.860
  45   1  1  -5.832  -5.757
  46   1  1  -5.806  -5.734
  47   1  1  -5.799  -5.727
  48   1  1  -5.544  -6.480
  49   1  1  -5.500  -5.393
  50   1  1  -5.472  -5.358
  51   1  1  -5.298  -5.292
  52   1  1  -5.149  -5.125
  53   1  1  -5.065  -4.934
  54   1  1  -5.056  -4.925
  55   1  1  -5.049  -4.920
  56   1  1  -5.025  -4.901
  57   1  1  -5.016  -4.884
  58   1  1  -5.012  -4.881
  59   1  1  -4.873  -4.888
  60   1  1  -4.797  -4.780
  61   1  1  -4.587  -5.118
  62   1  1  -4.183  -4.199
  63   1  1  -4.068  -3.984
  64   1  1  -4.052  -3.973
  65   1  1  -4.046  -3.944
  66   1  1  -4.037  -3.950
  67   1  1  -4.026  -3.936
  68   1  1  -4.025  -3.915
  69   1  1  -4.010  -3.953
  70   1  1  -3.974  -3.844
  71   1  1  -3.963  -3.837
  72   1  1  -3.945  -3.830
  73   1  1  -3.930  -3.806
  74   1  1  -3.864  -3.827
  75   1  1  -3.733  -3.713
  76   1  1  -3.703  -3.678
  77   1  1  -3.692  -3.694
  78   1  1  -3.682  -3.660
  79   1  1  -3.565  -4.093
  80   1  1  -3.104  -3.064
  81   1  1  -2.997  -2.909
  82   1  1  -2.969  -2.874
  83   1  1  -2.947  -2.863
  84   1  1  -2.935  -2.826
  85   1  1  -2.779  -2.722
  86   1  1  -2.765  -2.707
  87   1  1  -2.718  -2.680
  88   1  1  -2.678  -2.667
  89   1  1  -2.436  -2.430
  90   1  1  -2.388  -2.362
  91   1  1  -2.263  -2.207
  92   1  1  -2.232  -2.152
  93   1  1  -2.222  -2.133
  94   1  1  -2.153  -2.333
  95   1  1  -2.053  -1.991
  96   1  1  -2.013  -1.978
  97   1  1  -1.800  -1.713
  98   1  1  -1.759  -1.663
  99   1  1  -1.564  -1.508
 100   1  1  -1.430  -1.372
 101   1  1  -1.315  -1.253
 102   1  1  -1.264  -1.205
 103   1  1  -1.225  -1.092
 104   1  1  -1.210  -1.067
 105   1  1  -1.116  -0.966
 106   1  1  -1.098  -0.981
 107   1  1  -1.076  -1.012
 108   1  1  -0.834  -0.655
 109   1  1  -0.831  -0.651
 110   1  1  -0.702  -0.585
 111   1  1  -0.653  -0.484
 112   1  1  -0.604  -0.479
 113   1  1  -0.564  -0.461
 114   1  1  -0.536  -0.419
 115   1  1  -0.414  -0.299
 116   1  1  -0.326  -0.173
 117   1  1  -0.273  -0.117
 118   1  1  -0.259  -0.098
 119   1  1  -0.252  -0.093
 120   1  1  -0.239  -0.049
 121   1  1   0.040   0.202
 122   1  1   0.123   0.322
 123   1  1   0.171   0.403
 124   1  1   0.207   0.420
 125   1  1   0.244   0.435
 126   1  1   0.281   0.547
 127   1  1   0.322   0.587
 128   1  1   0.334   0.564
 129   1  1   0.340   0.589
 130   1  1   0.385   0.645
 131   1  1   0.402   0.641
 132   1  1   0.535   0.738
 133   1  1   0.641   0.886
 134   1  1   0.747   0.966
 135   1  1   0.792   1.025
 136   1  1   0.846   1.086
 137   1  1   0.864   1.105
 138   1  1   0.949   1.180
 139   1  1   1.190   1.463
 140   1  1   1.210   1.509
 141   1  1   1.285   1.553
 142   1  1   1.307   1.588
 143   1  1   1.408   2.405
 144   1  1   1.449   2.106
 145   1  1   1.505   2.421
 146   1  1   1.527   1.837
 147   1  1   1.578   1.895
 148   1  1   1.613   1.894
 149   1  1   1.644   1.951
 150   1  1   1.678   1.959
 151   1  1   1.721   1.985
 152   1  1   1.767   2.059
 153   1  1   1.775   2.033
 154   1  1   1.803   2.062
 155   1  1   1.830   2.321
 156   1  1   1.981   2.867
 157   1  1   2.028   2.323
 158   1  1   2.054   2.373
 159   1  1   2.083   2.530
 160   1  1   2.112   2.536
 161   1  1   2.125   2.430
 162   1  1   2.145   2.484
 163   1  1   2.160   2.556
 164   1  1   2.192   2.766
 165   1  1   2.435   2.725
 166   1  1   2.557   2.837
 167   1  1   2.592   2.893
 168   1  1   2.685   2.935
 169   1  1   2.720   3.062
 170   1  1   2.733   3.083
 171   1  1   2.738   3.086
 172   1  1   2.762   3.114
 173   1  1   2.888   3.194
 174   1  1   2.952   3.223
 175   1  1   3.080   3.406
 176   1  1   3.088   3.393
 177   1  1   3.122   3.454
 178   1  1   3.144   3.486
 179   1  1   3.162   3.480
 180   1  1   3.166   3.498
