   1   2   1   real      0.063  -0.522   0.188  -0.271   0.111
   1   2   1   imag      0.000   0.000   0.000   0.000   0.000
   1   3   1   real     -0.598   0.376  -0.141  -0.363  -0.621
   1   3   1   imag      0.000   0.000   0.000   0.000   0.000
   2   3   2   real     -0.481  -0.350   0.109  -0.722  -0.445
   2   3   2   imag      0.000   0.000   0.000   0.000   0.000
  31  94  94   real      0.017  -0.025   0.018   0.010   0.015
  31  94  94   imag      0.000   0.000   0.000   0.000   0.000
  32  94  94   real      0.007  -0.010  -0.001  -0.003  -0.010
  32  94  94   imag      0.000   0.000   0.000   0.000   0.000
  33  94  94   real     -0.005   0.009  -0.003   0.001   0.005
  33  94  94   imag      0.000   0.000   0.000   0.000   0.000
  34  94  94   real      0.012  -0.042   0.031   0.002   0.010
  34  94  94   imag      0.000   0.000   0.000   0.000   0.000
  35  94  94   real      0.010   0.049  -0.029   0.030   0.030
  35  94  94   imag      0.000   0.000   0.000   0.000   0.000
  36  94  94   real     -0.026   0.081  -0.041   0.014   0.017
  36  94  94   imag      0.000   0.000   0.000   0.000   0.000
  37  94  94   real     -0.005   0.051  -0.077  -0.031  -0.086
  37  94  94   imag      0.000   0.000   0.000   0.000   0.000
  38  94  94   real     -0.001   0.006  -0.008  -0.003  -0.009
  38  94  94   imag      0.000   0.000   0.000   0.000   0.000
  39  94  94   real      0.635  -0.201   0.007   0.441   0.354
  39  94  94   imag      0.001   0.000   0.000   0.001   0.001
  40  94  94   real     -0.032   0.000   0.011  -0.021  -0.011
  40  94  94   imag      0.000   0.000   0.000   0.000   0.000
  41  94  94   real     -0.162   0.057  -0.003  -0.109  -0.082
  41  94  94   imag      0.000   0.000   0.000   0.000   0.000
  42  94  94   real      0.562  -0.156  -0.035   0.371   0.286
  42  94  94   imag      0.000   0.000   0.000   0.000   0.000
  43  94  94   real      0.720  -0.328   0.076   0.468   0.412
  43  94  94   imag      0.000   0.000   0.000   0.000   0.000
  44  94  94   real      0.343  -0.207   0.074   0.211   0.198
  44  94  94   imag      0.000   0.000   0.000   0.000   0.000
  45  94  94   real      0.008  -0.005   0.002   0.005   0.005
  45  94  94   imag      0.000   0.000   0.000   0.000   0.000
  46  94  94   real      0.052  -0.026   0.003   0.029   0.023
  46  94  94   imag      0.000   0.000   0.000   0.000   0.000
  47  94  94   real      0.059  -0.030   0.005   0.034   0.029
  47  94  94   imag      0.000   0.000   0.000   0.000   0.000
  48  94  94   real      0.007  -0.002  -0.001   0.004   0.001
  48  94  94   imag      0.000   0.000   0.000   0.000   0.000
  49  94  94   real     -0.104   0.071  -0.028  -0.061  -0.064
  49  94  94   imag      0.000   0.000   0.000   0.000   0.000
  50  94  94   real      0.104  -0.086   0.041   0.060   0.073
  50  94  94   imag      0.000   0.000   0.000   0.000   0.000
  51  94  94   real      0.255  -0.119   0.016   0.152   0.123
  51  94  94   imag      0.000   0.000   0.000   0.000   0.000
  52  94  94   real      0.043  -0.011  -0.007   0.025   0.013
  52  94  94   imag      0.000   0.000   0.000   0.000   0.000
  53  94  94   real     -0.003   0.013  -0.010   0.000  -0.014
  53  94  94   imag      0.000   0.000   0.000   0.000   0.000
  54  94  94   real      0.008   0.002  -0.004   0.005  -0.002
  54  94  94   imag      0.000   0.000   0.000   0.000   0.000
  55  94  94   real      0.010  -0.010   0.005   0.005   0.008
  55  94  94   imag      0.000   0.000   0.000   0.000   0.000
  56  94  94   real      0.030  -0.005  -0.010   0.016   0.004
  56  94  94   imag      0.003   0.000  -0.001   0.001   0.000
  57  94  94   real     -0.001  -0.003   0.003  -0.001   0.000
  57  94  94   imag      0.000   0.000   0.000   0.000   0.000
  58  94  94   real      0.031  -0.001  -0.012   0.019   0.008
  58  94  94   imag      0.000   0.000   0.000   0.000   0.000
  59  94  94   real      0.251  -0.045  -0.049   0.157   0.109
  59  94  94   imag      0.000   0.000   0.000   0.000   0.000
  60  94  94   real      0.002  -0.002   0.001   0.002   0.001
  60  94  94   imag      0.000   0.000   0.000   0.000   0.000
  61  94  94   real     -0.980  -0.074   0.349  -0.706  -0.468
  61  94  94   imag      0.003   0.000  -0.001   0.002   0.001
  62  94  94   real      0.500   0.134  -0.223   0.411   0.294
  62  94  94   imag      0.000   0.000   0.000   0.000   0.000
  63  94  94   real      0.088   0.025  -0.039   0.075   0.055
  63  94  94   imag      0.000   0.000   0.000   0.000   0.000
  64  94  94   real      0.119   0.047  -0.066   0.100   0.067
  64  94  94   imag      0.001   0.000   0.000   0.000   0.000
  65  94  94   real     -0.068  -0.013   0.021  -0.060  -0.044
  65  94  94   imag      0.000   0.000   0.000   0.000   0.000
  66  94  94   real     -0.074  -0.039   0.048  -0.066  -0.042
  66  94  94   imag     -0.001   0.000   0.000   0.000   0.000
  67  94  94   real      0.066   0.023  -0.034   0.054   0.042
  67  94  94   imag      0.000   0.000   0.000   0.000   0.000
  68  94  94   real      0.007   0.001   0.000   0.008   0.008
  68  94  94   imag      0.000   0.000   0.000   0.000   0.000
  69  94  94   real      0.153   0.053  -0.075   0.131   0.096
  69  94  94   imag      0.000   0.000   0.000   0.000   0.000
  70  94  94   real      0.020   0.006  -0.009   0.016   0.012
  70  94  94   imag      0.000   0.000   0.000   0.000   0.000
  71  94  94   real      0.000   0.001   0.000   0.000   0.000
  71  94  94   imag      0.000   0.000   0.000   0.000   0.000
  72  94  94   real      0.109   0.033  -0.048   0.094   0.068
  72  94  94   imag      0.004   0.001  -0.002   0.004   0.003
  73  94  94   real      0.005   0.001  -0.003   0.003   0.001
  73  94  94   imag      0.000   0.000   0.000   0.000   0.000
  74  94  94   real     -0.230  -0.077   0.107  -0.200  -0.152
  74  94  94   imag      0.002   0.001  -0.001   0.001   0.001
  75  94  94   real      0.016   0.006  -0.007   0.015   0.012
  75  94  94   imag      0.000   0.000   0.000   0.000   0.000
  76  94  94   real     -0.036  -0.006   0.009  -0.033  -0.029
  76  94  94   imag      0.001   0.000   0.000   0.001   0.000
  77  94  94   real      0.034   0.014  -0.016   0.032   0.026
  77  94  94   imag      0.000   0.000   0.000   0.000   0.000
  78  94  94   real      0.002  -0.004   0.002   0.000   0.001
  78  94  94   imag      0.000   0.000   0.000   0.000   0.000
  79  94  94   real     -0.004   0.004  -0.003  -0.003  -0.004
  79  94  94   imag      0.000   0.000   0.000   0.000   0.000
  80  94  94   real      0.540   0.108  -0.159   0.489   0.423
  80  94  94   imag     -0.002   0.000   0.001  -0.002  -0.002
  81  94  94   real     -0.012  -0.002   0.005  -0.009  -0.009
  81  94  94   imag      0.000   0.000   0.000   0.000   0.000
  82  94  94   real     -0.242  -0.047   0.067  -0.222  -0.194
  82  94  94   imag      0.001   0.000   0.000   0.000   0.000
  83  94  94   real     -0.295  -0.049   0.076  -0.268  -0.235
  83  94  94   imag      0.023   0.004  -0.006   0.021   0.018
  84  94  94   real      0.163   0.026  -0.047   0.143   0.124
  84  94  94   imag      0.000   0.000   0.000   0.000   0.000
  85  94  94   real      0.090   0.024  -0.030   0.083   0.075
  85  94  94   imag      0.000   0.000   0.000   0.000   0.000
  86  94  94   real      0.124   0.021  -0.032   0.113   0.101
  86  94  94   imag      0.000   0.000   0.000   0.000   0.000
  87  94  94   real      0.418   0.041  -0.085   0.375   0.338
  87  94  94   imag      0.000   0.000   0.000   0.000   0.000
  88  94  94   real      0.182   0.030  -0.049   0.163   0.146
  88  94  94   imag      0.000   0.000   0.000   0.000   0.000
  89  94  94   real     -1.055  -0.063   0.204  -0.914  -0.835
  89  94  94   imag      0.000   0.000   0.000   0.000   0.000
  90  94  94   real     -0.196  -0.019   0.042  -0.173  -0.159
  90  94  94   imag      0.000   0.000   0.000   0.000   0.000
  91  94  94   real     -1.437  -0.114   0.354  -1.197  -1.077
  91  94  94   imag     -0.001   0.000   0.000   0.000   0.000
  92  94  94   real     -0.212  -0.041   0.100  -0.153  -0.120
  92  94  94   imag      0.000   0.000   0.000   0.000   0.000
  93  94  94   real     -0.300   0.002   0.036  -0.263  -0.250
  93  94  94   imag      0.000   0.000   0.000   0.000   0.000
  95  94  94   real     -0.300   0.006   0.033  -0.261  -0.251
  95  94  94   imag      0.000   0.000   0.000   0.000   0.000
  96  94  94   real      1.990   0.082  -0.376   1.696   1.580
  96  94  94   imag      0.000   0.000   0.000   0.000   0.000
  97  94  94   real     -0.887   0.017   0.125  -0.745  -0.708
  97  94  94   imag      0.000   0.000   0.000   0.000   0.000
  98  94  94   real     -0.008   0.013  -0.014  -0.010  -0.014
  98  94  94   imag      0.000   0.000   0.000   0.000   0.000
  99  94  94   real      1.388  -0.100  -0.145   1.143   1.104
  99  94  94   imag      0.000   0.000   0.000   0.000   0.000
 100  94  94   real     -0.065   0.007   0.000  -0.058  -0.060
 100  94  94   imag      0.000   0.000   0.000   0.000   0.000
 101  94  94   real     -0.185   0.027   0.023  -0.135  -0.126
 101  94  94   imag      0.001   0.000   0.000   0.001   0.001
 102  94  94   real      0.013   0.004  -0.002   0.015   0.015
 102  94  94   imag      0.000   0.000   0.000   0.000   0.000
 103  94  94   real      0.075  -0.010  -0.005   0.059   0.058
 103  94  94   imag      0.000   0.000   0.000   0.000   0.000
 104  94  94   real     -0.013   0.006   0.000  -0.007  -0.007
 104  94  94   imag      0.000   0.000   0.000   0.000   0.000
 105  94  94   real      0.013   0.002  -0.013   0.002  -0.003
 105  94  94   imag      0.000   0.000   0.000   0.000   0.000
 106  94  94   real     -0.196   0.026   0.007  -0.164  -0.163
 106  94  94   imag      0.000   0.000   0.000   0.000   0.000
 107  94  94   real     -0.379   0.048   0.021  -0.310  -0.307
 107  94  94   imag      0.000   0.000   0.000   0.000   0.000
 108  94  94   real     -0.018   0.002  -0.002  -0.018  -0.019
 108  94  94   imag      0.000   0.000   0.000   0.000   0.000
 109  94  94   real      0.006   0.002  -0.005   0.003   0.001
 109  94  94   imag      0.000   0.000   0.000   0.000   0.000
 110  94  94   real      0.130  -0.013  -0.014   0.102   0.104
 110  94  94   imag      0.000   0.000   0.000   0.000   0.000
 111  94  94   real      0.088  -0.028   0.011   0.072   0.078
 111  94  94   imag      0.000   0.000   0.000   0.000   0.000
 112  94  94   real     -0.037   0.001   0.010  -0.027  -0.025
 112  94  94   imag      0.000   0.000   0.000   0.000   0.000
 113  94  94   real      0.238  -0.045  -0.020   0.172   0.168
 113  94  94   imag      0.000   0.000   0.000   0.000   0.000
 114  94  94   real      0.474  -0.074  -0.042   0.358   0.350
 114  94  94   imag      0.000   0.000   0.000   0.000   0.000
 115  94  94   real      0.301  -0.052  -0.025   0.225   0.223
 115  94  94   imag      0.000   0.000   0.000   0.000   0.000
 116  94  94   real      0.085   0.015  -0.020   0.081   0.086
 116  94  94   imag      0.000   0.000   0.000   0.000   0.000
 117  94  94   real      0.001  -0.010   0.003  -0.006  -0.011
 117  94  94   imag      0.000   0.000   0.000   0.000   0.000
 118  94  94   real      0.024  -0.001   0.000   0.023   0.026
 118  94  94   imag      0.000   0.000   0.000   0.000   0.000
 119  94  94   real      0.165  -0.049  -0.004   0.113   0.109
 119  94  94   imag      0.000   0.000   0.000   0.000   0.000
 120  94  94   real     -0.322   0.044   0.019  -0.260  -0.267
 120  94  94   imag      0.000   0.000   0.000   0.000   0.000
 121  94  94   real     -0.202   0.063   0.009  -0.130  -0.125
 121  94  94   imag      0.000   0.000   0.000   0.000   0.000
 122  94  94   real     -0.114   0.034  -0.003  -0.083  -0.084
 122  94  94   imag      0.000   0.000   0.000   0.000   0.000
 123  94  94   real      0.130  -0.034  -0.007   0.089   0.088
 123  94  94   imag      0.000   0.000   0.000   0.000   0.000
 124  94  94   real     -0.045   0.016   0.004  -0.026  -0.024
 124  94  94   imag      0.000   0.000   0.000   0.000   0.000
 125  94  94   real     -0.102   0.007   0.017  -0.079  -0.078
 125  94  94   imag      0.000   0.000   0.000   0.000   0.000
 126  94  94   real      0.026  -0.003  -0.008   0.015   0.013
 126  94  94   imag      0.000   0.000   0.000   0.000   0.000
 127  94  94   real     -0.077   0.024  -0.001  -0.054  -0.054
 127  94  94   imag      0.000   0.000   0.000   0.000   0.000
 128  94  94   real     -0.046   0.003   0.010  -0.034  -0.034
 128  94  94   imag      0.000   0.000   0.000   0.000   0.000
 129  94  94   real      0.070  -0.019   0.000   0.051   0.051
 129  94  94   imag      0.000   0.000   0.000   0.000   0.000
 130  94  94   real      0.165  -0.076   0.016   0.105   0.107
 130  94  94   imag      0.000   0.000   0.000   0.000   0.000
 131  94  94   real     -0.032  -0.003   0.009  -0.026  -0.023
 131  94  94   imag      0.000   0.000   0.000   0.000   0.000
 132  94  94   real      0.017  -0.004   0.004   0.017   0.025
 132  94  94   imag      0.000   0.000   0.000   0.000   0.000
 133  94  94   real      0.361  -0.074  -0.039   0.248   0.245
 133  94  94   imag      0.000   0.000   0.000   0.000   0.000
 134  94  94   real      0.137  -0.028  -0.011   0.098   0.100
 134  94  94   imag      0.000   0.000   0.000   0.000   0.000
 135  94  94   real      0.259  -0.058  -0.019   0.182   0.184
 135  94  94   imag      0.000   0.000   0.000   0.000   0.000
 136  94  94   real      0.002   0.005  -0.007   0.000  -0.001
 136  94  94   imag      0.000   0.000   0.000   0.000   0.000
 137  94  94   real     -0.002   0.014  -0.015  -0.003  -0.007
 137  94  94   imag      0.000   0.000   0.000   0.000   0.000
 138  94  94   real      0.076  -0.009  -0.016   0.051   0.048
 138  94  94   imag      0.000   0.000   0.000   0.000   0.000
 139  94  94   real     -0.169   0.041   0.029  -0.099  -0.091
 139  94  94   imag      0.000   0.000   0.000   0.000   0.000
 140  94  94   real     -0.069   0.011   0.019  -0.039  -0.034
 140  94  94   imag      0.000   0.000   0.000   0.000   0.000
 141  94  94   real     -0.011  -0.020   0.017  -0.014  -0.008
 141  94  94   imag      0.000   0.000   0.000   0.000   0.000
 142  94  94   real      0.008  -0.004   0.000   0.003   0.003
 142  94  94   imag      0.000   0.000   0.000   0.000   0.000
 143  94  94   real      0.171  -0.061  -0.003   0.107   0.105
 143  94  94   imag      0.000   0.000   0.000   0.000   0.000
 144  94  94   real      0.208  -0.067  -0.026   0.115   0.106
 144  94  94   imag      0.000   0.000   0.000   0.000   0.000
  36  91  91   real      0.061  -0.028   0.025   0.058   0.077
  36  91  91   imag      0.000   0.000   0.000   0.000   0.000
  37  91  91   real     -0.045   0.069  -0.070  -0.047  -0.085
  37  91  91   imag      0.000   0.000   0.000   0.000   0.000
  38  91  91   real      0.040  -0.074   0.070   0.037   0.071
  38  91  91   imag      0.000   0.000   0.000   0.000   0.000
  39  91  91   real      0.222  -0.072   0.007   0.158   0.135
  39  91  91   imag      0.000   0.000   0.000   0.000   0.000
  40  91  91   real     -0.011   0.000   0.004  -0.007  -0.006
  40  91  91   imag      0.000   0.000   0.000   0.000   0.000
  41  91  91   real     -0.045   0.014   0.002  -0.029  -0.019
  41  91  91   imag      0.000   0.000   0.000   0.000   0.000
  42  91  91   real      0.160  -0.053  -0.002   0.104   0.080
  42  91  91   imag      0.000   0.000   0.000   0.000   0.000
  43  91  91   real      0.160  -0.082   0.015   0.093   0.065
  43  91  91   imag      0.000   0.000   0.000   0.000   0.000
  44  91  91   real      0.073  -0.050   0.015   0.038   0.029
  44  91  91   imag      0.000   0.000   0.000   0.000   0.000
  45  91  91   real      0.002   0.004  -0.008  -0.002  -0.006
  45  91  91   imag      0.000   0.000   0.000   0.000   0.000
  46  91  91   real      0.011  -0.018   0.017   0.010   0.017
  46  91  91   imag      0.000   0.000   0.000   0.000   0.000
  47  91  91   real      0.017  -0.021   0.016   0.012   0.016
  47  91  91   imag      0.000   0.000   0.000   0.000   0.000
  48  91  91   real      0.001   0.002  -0.003   0.000  -0.001
  48  91  91   imag      0.000   0.000   0.000   0.000   0.000
  49  91  91   real     -0.023   0.007   0.005  -0.011   0.000
  49  91  91   imag      0.000   0.000   0.000   0.000   0.000
  50  91  91   real      0.030  -0.028   0.016   0.018   0.030
  50  91  91   imag      0.000   0.000   0.000   0.000   0.000
  51  91  91   real      0.064  -0.026  -0.005   0.033   0.017
  51  91  91   imag      0.000   0.000   0.000   0.000   0.000
  52  91  91   real      0.018  -0.016   0.007   0.008   0.014
  52  91  91   imag      0.000   0.000   0.000   0.000   0.000
  53  91  91   real      0.020  -0.027   0.016   0.009   0.033
  53  91  91   imag      0.000   0.000   0.000   0.000   0.000
  54  91  91   real      0.031  -0.037   0.020   0.014   0.042
  54  91  91   imag      0.000   0.000   0.000   0.000   0.000
  55  91  91   real     -0.012   0.013  -0.006  -0.006  -0.012
  55  91  91   imag      0.000   0.000   0.000   0.000   0.000
  56  91  91   real      0.013  -0.004   0.000   0.008   0.005
  56  91  91   imag      0.001   0.000   0.000   0.001   0.000
  57  91  91   real     -0.003   0.002   0.000  -0.001  -0.006
  57  91  91   imag      0.000   0.000   0.000   0.000   0.000
  58  91  91   real      0.014  -0.009   0.004   0.009   0.016
  58  91  91   imag      0.000   0.000   0.000   0.000   0.000
  59  91  91   real      0.087  -0.007  -0.026   0.054   0.035
  59  91  91   imag      0.000   0.000   0.000   0.000   0.000
  60  91  91   real      0.005   0.000  -0.001   0.005   0.002
  60  91  91   imag      0.000   0.000   0.000   0.000   0.000
  61  91  91   real     -0.421  -0.025   0.131  -0.315  -0.233
  61  91  91   imag      0.001   0.000   0.000   0.001   0.001
  62  91  91   real      0.239   0.022  -0.063   0.198   0.165
  62  91  91   imag      0.000   0.000   0.000   0.000   0.000
  63  91  91   real      0.033   0.017  -0.024   0.025   0.019
  63  91  91   imag      0.000   0.000   0.000   0.000   0.000
  64  91  91   real      0.066   0.000  -0.012   0.054   0.050
  64  91  91   imag      0.000   0.000   0.000   0.000   0.000
  65  91  91   real     -0.025  -0.029   0.039  -0.015  -0.010
  65  91  91   imag      0.000   0.000   0.000   0.000   0.000
  66  91  91   real     -0.058  -0.001   0.011  -0.049  -0.049
  66  91  91   imag      0.000   0.000   0.000   0.000   0.000
  67  91  91   real      0.029   0.009  -0.017   0.021   0.016
  67  91  91   imag      0.000   0.000   0.000   0.000   0.000
  68  91  91   real     -0.009   0.015  -0.015  -0.009  -0.011
  68  91  91   imag      0.000   0.000   0.000   0.000   0.000
  69  91  91   real      0.079   0.003  -0.020   0.062   0.054
  69  91  91   imag      0.000   0.000   0.000   0.000   0.000
  70  91  91   real      0.012  -0.004   0.002   0.010   0.007
  70  91  91   imag      0.000   0.000   0.000   0.000   0.000
  71  91  91   real     -0.007   0.006  -0.005  -0.005  -0.005
  71  91  91   imag      0.000   0.000   0.000   0.000   0.000
  72  91  91   real      0.048   0.009  -0.017   0.041   0.033
  72  91  91   imag      0.002   0.000  -0.001   0.002   0.001
  73  91  91   real      0.004   0.001  -0.003   0.003   0.000
  73  91  91   imag      0.000   0.000   0.000   0.000   0.000
  74  91  91   real     -0.115  -0.012   0.030  -0.097  -0.086
  74  91  91   imag      0.001   0.000   0.000   0.001   0.001
  75  91  91   real      0.009  -0.002   0.000   0.007   0.006
  75  91  91   imag      0.000   0.000   0.000   0.000   0.000
  76  91  91   real     -0.027   0.005  -0.001  -0.023  -0.021
  76  91  91   imag      0.000   0.000   0.000   0.000   0.000
  77  91  91   real      0.010   0.006  -0.008   0.008   0.006
  77  91  91   imag      0.000   0.000   0.000   0.000   0.000
  78  91  91   real     -0.007   0.004  -0.001  -0.004  -0.003
  78  91  91   imag      0.000   0.000   0.000   0.000   0.000
  79  91  91   real      0.012   0.002  -0.003   0.011   0.011
  79  91  91   imag      0.000   0.000   0.000   0.000   0.000
  80  91  91   real      0.208   0.024  -0.040   0.192   0.177
  80  91  91   imag     -0.001   0.000   0.000  -0.001  -0.001
  81  91  91   real     -0.004  -0.002   0.000  -0.007  -0.004
  81  91  91   imag      0.000   0.000   0.000   0.000   0.000
  82  91  91   real     -0.106  -0.002   0.013  -0.094  -0.089
  82  91  91   imag      0.000   0.000   0.000   0.000   0.000
  83  91  91   real     -0.115  -0.006   0.018  -0.103  -0.098
  83  91  91   imag      0.009   0.001  -0.001   0.008   0.008
  84  91  91   real      0.057   0.010  -0.015   0.051   0.046
  84  91  91   imag      0.000   0.000   0.000   0.000   0.000
  85  91  91   real      0.043   0.001  -0.007   0.037   0.033
  85  91  91   imag      0.000   0.000   0.000   0.000   0.000
  86  91  91   real      0.054  -0.003  -0.006   0.045   0.041
  86  91  91   imag      0.000   0.000   0.000   0.000   0.000
  87  91  91   real      0.137   0.020  -0.033   0.124   0.115
  87  91  91   imag      0.000   0.000   0.000   0.000   0.000
  88  91  91   real      0.124  -0.037   0.034   0.121   0.128
  88  91  91   imag      0.000   0.000   0.000   0.000   0.000
  89  91  91   real     -0.383   0.008   0.035  -0.340  -0.326
  89  91  91   imag      0.000   0.000   0.000   0.000   0.000
  90  91  91   real     -0.137   0.052  -0.047  -0.131  -0.143
  90  91  91   imag      0.000   0.000   0.000   0.000   0.000
  91  91  91   real    -10.666   8.225  -7.073  -9.514  -9.497
  91  91  91   imag      0.000   0.000   0.000   0.000   0.000
  92  91  91   real     -0.076  -0.004   0.015  -0.065  -0.059
  92  91  91   imag      0.000   0.000   0.000   0.000   0.000
  93  91  91   real     -0.104   0.006  -0.009  -0.107  -0.107
  93  91  91   imag      0.000   0.000   0.000   0.000   0.000
  94  91  91   real     -1.437  -0.114   0.354  -1.197  -1.077
  94  91  91   imag      0.001   0.000   0.000   0.000   0.000
  95  91  91   real     -0.114   0.009   0.029  -0.076  -0.062
  95  91  91   imag      0.000   0.000   0.000   0.000   0.000
  96  91  91   real      0.616   0.043  -0.120   0.539   0.502
  96  91  91   imag      0.000   0.000   0.000   0.000   0.000
  97  91  91   real     -0.276   0.003   0.043  -0.229  -0.213
  97  91  91   imag      0.000   0.000   0.000   0.000   0.000
  98  91  91   real     -0.013   0.009  -0.001  -0.006  -0.003
  98  91  91   imag      0.000   0.000   0.000   0.000   0.000
  99  91  91   real      0.387   0.005  -0.072   0.319   0.291
  99  91  91   imag      0.000   0.000   0.000   0.000   0.000
 100  91  91   real     -0.040   0.011   0.023  -0.005   0.007
 100  91  91   imag      0.000   0.000   0.000   0.000   0.000
  36  96  96   real      0.122  -0.098   0.058   0.082   0.097
  36  96  96   imag      0.000   0.000   0.000   0.000   0.000
  37  96  96   real     -0.086   0.080  -0.056  -0.063  -0.080
  37  96  96   imag      0.000   0.000   0.000   0.000   0.000
  38  96  96   real     -0.011   0.008  -0.006  -0.009  -0.010
  38  96  96   imag      0.000   0.000   0.000   0.000   0.000
  39  96  96   real     -0.305   0.078   0.014  -0.213  -0.167
  39  96  96   imag     -0.001   0.000   0.000   0.000   0.000
  40  96  96   real      0.016  -0.003  -0.002   0.012   0.012
  40  96  96   imag      0.000   0.000   0.000   0.000   0.000
  41  96  96   real      0.087   0.047  -0.071   0.062   0.058
  41  96  96   imag      0.000   0.000   0.000   0.000   0.000
  42  96  96   real     -0.317   0.145  -0.051  -0.223  -0.216
  42  96  96   imag      0.000   0.000   0.000   0.000   0.000
  43  96  96   real     -0.420   0.174  -0.037  -0.282  -0.265
  43  96  96   imag      0.000   0.000   0.000   0.000   0.000
  44  96  96   real     -0.192   0.080  -0.010  -0.122  -0.105
  44  96  96   imag      0.000   0.000   0.000   0.000   0.000
  45  96  96   real     -0.008   0.003  -0.001  -0.005  -0.004
  45  96  96   imag      0.000   0.000   0.000   0.000   0.000
  46  96  96   real     -0.031   0.010   0.002  -0.019  -0.013
  46  96  96   imag      0.000   0.000   0.000   0.000   0.000
  47  96  96   real     -0.032   0.011   0.001  -0.020  -0.014
  47  96  96   imag      0.000   0.000   0.000   0.000   0.000
  48  96  96   real     -0.004   0.000   0.001  -0.002  -0.001
  48  96  96   imag      0.000   0.000   0.000   0.000   0.000
  49  96  96   real      0.028   0.040  -0.051   0.017  -0.029
  49  96  96   imag      0.000   0.000   0.000   0.000   0.000
  50  96  96   real      0.014  -0.114   0.114   0.014   0.098
  50  96  96   imag      0.000   0.000   0.000   0.000   0.000
  51  96  96   real     -0.147   0.104  -0.048  -0.092  -0.103
  51  96  96   imag      0.000   0.000   0.000   0.000   0.000
  52  96  96   real     -0.023   0.013  -0.003  -0.013  -0.010
  52  96  96   imag      0.000   0.000   0.000   0.000   0.000
  53  96  96   real      0.000   0.002  -0.001   0.001  -0.001
  53  96  96   imag      0.000   0.000   0.000   0.000   0.000
  54  96  96   real     -0.007   0.005   0.001  -0.002  -0.001
  54  96  96   imag      0.000   0.000   0.000   0.000   0.000
  55  96  96   real     -0.002   0.000   0.000  -0.002  -0.003
  55  96  96   imag      0.000   0.000   0.000   0.000   0.000
  56  96  96   real     -0.018   0.009  -0.003  -0.012  -0.009
  56  96  96   imag     -0.002   0.001   0.000  -0.001  -0.001
  57  96  96   real      0.002  -0.005   0.004   0.001   0.001
  57  96  96   imag      0.000   0.000   0.000   0.000   0.000
  58  96  96   real     -0.018   0.010  -0.001  -0.009  -0.005
  58  96  96   imag      0.000   0.000   0.000   0.000   0.000
  59  96  96   real     -0.100   0.035   0.002  -0.064  -0.048
  59  96  96   imag      0.000   0.000   0.000   0.000   0.000
  60  96  96   real     -0.002   0.000  -0.002  -0.004  -0.005
  60  96  96   imag      0.000   0.000   0.000   0.000   0.000
  61  96  96   real      0.244   0.032  -0.118   0.158   0.061
  61  96  96   imag     -0.001   0.000   0.000   0.000   0.000
  62  96  96   real     -0.076  -0.099   0.110  -0.066  -0.006
  62  96  96   imag      0.000   0.000   0.000   0.000   0.000
  63  96  96   real     -0.014  -0.023   0.024  -0.013   0.002
  63  96  96   imag      0.000   0.000   0.000   0.000   0.000
  64  96  96   real     -0.024  -0.024   0.026  -0.023  -0.008
  64  96  96   imag      0.000   0.000   0.000   0.000   0.000
  65  96  96   real      0.015   0.013  -0.014   0.014   0.009
  65  96  96   imag      0.000   0.000   0.000   0.000   0.000
  66  96  96   real      0.022   0.018  -0.020   0.020   0.012
  66  96  96   imag      0.000   0.000   0.000   0.000   0.000
  67  96  96   real     -0.007  -0.019   0.014  -0.011   0.002
  67  96  96   imag      0.000   0.000   0.000   0.000   0.000
  68  96  96   real     -0.001  -0.002   0.000  -0.002  -0.001
  68  96  96   imag      0.000   0.000   0.000   0.000   0.000
  69  96  96   real     -0.029  -0.037   0.035  -0.031  -0.011
  69  96  96   imag      0.000   0.000   0.000   0.000   0.000
  70  96  96   real     -0.002  -0.003   0.002  -0.003  -0.002
  70  96  96   imag      0.000   0.000   0.000   0.000   0.000
  71  96  96   real     -0.003  -0.001   0.000  -0.004  -0.003
  71  96  96   imag      0.000   0.000   0.000   0.000   0.000
  72  96  96   real     -0.015  -0.022   0.020  -0.018  -0.011
  72  96  96   imag     -0.001  -0.001   0.001  -0.001   0.000
  73  96  96   real     -0.011  -0.001  -0.001  -0.013  -0.011
  73  96  96   imag      0.000   0.000   0.000   0.000   0.000
  74  96  96   real      0.030   0.052  -0.056   0.026   0.001
  74  96  96   imag      0.000   0.000   0.000   0.000   0.000
  75  96  96   real     -0.001  -0.007   0.004  -0.005  -0.003
  75  96  96   imag      0.000   0.000   0.000   0.000   0.000
  76  96  96   real     -0.005   0.016  -0.010   0.001  -0.001
  76  96  96   imag      0.000   0.000   0.000   0.000   0.000
  77  96  96   real     -0.010  -0.006   0.003  -0.013  -0.010
  77  96  96   imag      0.000   0.000   0.000   0.000   0.000
  78  96  96   real     -0.002  -0.002   0.002  -0.002   0.001
  78  96  96   imag      0.000   0.000   0.000   0.000   0.000
  79  96  96   real     -0.001  -0.002   0.002  -0.001  -0.001
  79  96  96   imag      0.000   0.000   0.000   0.000   0.000
  80  96  96   real     -0.156  -0.073   0.088  -0.140  -0.105
  80  96  96   imag      0.001   0.000   0.000   0.001   0.000
  81  96  96   real      0.008  -0.002   0.002   0.008   0.007
  81  96  96   imag      0.000   0.000   0.000   0.000   0.000
  82  96  96   real      0.081   0.029  -0.042   0.068   0.052
  82  96  96   imag      0.000   0.000   0.000   0.000   0.000
  83  96  96   real      0.095   0.034  -0.052   0.077   0.060
  83  96  96   imag     -0.007  -0.003   0.004  -0.006  -0.005
  84  96  96   real     -0.044  -0.023   0.023  -0.044  -0.035
  84  96  96   imag      0.000   0.000   0.000   0.000   0.000
  85  96  96   real     -0.042  -0.002   0.009  -0.035  -0.031
  85  96  96   imag      0.000   0.000   0.000   0.000   0.000
  86  96  96   real     -0.050  -0.013   0.023  -0.040  -0.032
  86  96  96   imag      0.000   0.000   0.000   0.000   0.000
  87  96  96   real     -0.129  -0.047   0.065  -0.110  -0.089
  87  96  96   imag      0.000   0.000   0.000   0.000   0.000
  88  96  96   real     -0.054  -0.025   0.029  -0.049  -0.041
  88  96  96   imag      0.000   0.000   0.000   0.000   0.000
  89  96  96   real      0.378   0.070  -0.122   0.327   0.289
  89  96  96   imag      0.000   0.000   0.000   0.000   0.000
  90  96  96   real      0.077   0.013  -0.021   0.069   0.062
  90  96  96   imag      0.000   0.000   0.000   0.000   0.000
  91  96  96   real      0.616   0.043  -0.120   0.539   0.502
  91  96  96   imag      0.000   0.000   0.000   0.000   0.000
  92  96  96   real      0.122  -0.009  -0.002   0.111   0.110
  92  96  96   imag      0.000   0.000   0.000   0.000   0.000
  93  96  96   real      0.110   0.014  -0.035   0.090   0.080
  93  96  96   imag      0.000   0.000   0.000   0.000   0.000
  94  96  96   real      1.990   0.082  -0.376   1.696   1.580
  94  96  96   imag      0.000   0.000   0.000   0.000   0.000
  95  96  96   real      0.109   0.014  -0.027   0.096   0.089
  95  96  96   imag      0.000   0.000   0.000   0.000   0.000
  96  96  96   real    -11.095   8.175  -6.906  -9.826  -9.867
  96  96  96   imag      0.000   0.000   0.000   0.000   0.000
  97  96  96   real      0.388   0.000  -0.066   0.322   0.308
  97  96  96   imag      0.000   0.000   0.000   0.000   0.000
  98  96  96   real     -0.015   0.012  -0.014  -0.017  -0.018
  98  96  96   imag      0.000   0.000   0.000   0.000   0.000
  99  96  96   real     -0.597   0.011   0.089  -0.497  -0.481
  99  96  96   imag      0.000   0.000   0.000   0.000   0.000
 100  96  96   real      0.020   0.008  -0.007   0.020   0.018
 100  96  96   imag      0.000   0.000   0.000   0.000   0.000
