# nkptgw: 4 neig: 272
# E(DFT) pulse
-11.05844938 1.0 
-10.76301738 1.0 
-10.28327738 1.0 
-10.20545638 1.0 
-9.92229238 1.0 
-9.91160638 1.0 
-9.63970238 1.0 
-9.62896638 1.0 
-9.61746138 1.0 
-9.43442638 1.0 
-9.34689538 1.0 
-9.16998738 1.0 
-9.15264838 1.0 
-9.07622838 1.0 
-8.87800638 1.0 
-8.87140538 1.0 
-8.78442538 1.0 
-8.77326838 1.0 
-8.77204738 1.0 
-8.51491638 1.0 
-8.49140938 1.0 
-8.40392338 1.0 
-8.32838738 1.0 
-8.31063438 1.0 
-8.22420238 1.0 
-8.21137038 1.0 
-8.03796438 1.0 
-7.93210138 1.0 
-7.77001438 1.0 
-7.75732338 1.0 
-7.75229038 1.0 
-7.74597438 1.0 
-7.65308438 1.0 
-7.65292438 1.0 
-7.56662038 1.0 
-7.48078638 1.0 
-7.37444138 1.0 
-7.12151438 1.0 
-7.09735338 1.0 
-7.01146138 1.0 
-6.92115038 1.0 
-6.91255738 1.0 
-6.91176738 1.0 
-6.83375738 1.0 
-6.81938838 1.0 
-6.64381538 1.0 
-6.57879838 1.0 
-6.36717138 1.0 
-6.36681938 1.0 
-6.36026538 1.0 
-6.26716438 1.0 
-6.08355138 1.0 
-6.01811238 1.0 
-6.01738938 1.0 
-5.90793238 1.0 
-5.83518138 1.0 
-5.81620138 1.0 
-5.74806938 1.0 
-5.73341338 1.0 
-5.73226038 1.0 
-5.71921538 1.0 
-5.55115138 1.0 
-5.53532738 1.0 
-5.47289238 1.0 
-5.28847238 1.0 
-5.27259638 1.0 
-5.27011738 1.0 
-5.26885138 1.0 
-5.20983338 1.0 
-5.19846938 1.0 
-5.09186138 1.0 
-5.08662638 1.0 
-5.01426638 1.0 
-5.00798638 1.0 
-4.92666938 1.0 
-4.89961138 1.0 
-4.74383838 1.0 
-4.73257538 1.0 
-4.65924038 1.0 
-4.65286138 1.0 
-4.63915638 1.0 
-4.63044638 1.0 
-4.54488338 1.0 
-4.53555438 1.0 
-4.47558038 1.0 
-4.47038838 1.0 
-4.37988138 1.0 
-4.37014038 1.0 
-4.27795438 1.0 
-4.20828038 1.0 
-4.19073338 1.0 
-4.18709238 1.0 
-4.11313338 1.0 
-4.10609538 1.0 
-4.09862238 1.0 
-3.93631838 1.0 
-3.93257838 1.0 
-3.91805338 1.0 
-3.91580038 1.0 
-3.90447138 1.0 
-3.83358638 1.0 
-3.82505138 1.0 
-3.81247638 1.0 
-3.74031038 1.0 
-3.69167438 1.0 
-3.67263538 1.0 
-3.61563438 1.0 
-3.56570338 1.0 
-3.55701638 1.0 
-3.47526538 1.0 
-3.40349838 1.0 
-3.38559138 1.0 
-3.29513138 1.0 
-3.28833438 1.0 
-3.19564238 1.0 
-3.14309738 1.0 
-3.10601638 1.0 
-3.10601238 1.0 
-3.04427938 1.0 
-3.02033438 1.0 
-2.89136038 1.0 
-2.87703738 1.0 
-2.84115738 1.0 
-2.81388838 1.0 
-2.79499738 1.0 
-2.77309738 1.0 
-2.76868938 1.0 
-2.75457838 1.0 
-2.73737438 1.0 
-2.71272238 1.0 
-2.59268938 1.0 
-2.57665938 1.0 
-2.37763638 1.0 
-2.31644538 1.0 
-2.29398638 1.0 
-2.26717538 1.0 
-2.14144638 1.0 
-2.11039838 1.0 
-2.07014638 1.0 
-2.06295038 1.0 
-2.05272838 1.0 
-2.05247238 1.0 
-1.98249638 1.0 
-1.96813738 1.0 
-1.93519938 1.0 
-1.86011238 1.0 
-1.81992838 1.0 
-1.77003238 1.0 
-1.67690238 1.0 
-1.57593338 1.0 
-1.55128238 1.0 
-1.49620838 1.0 
-1.47326038 1.0 
-1.46152838 1.0 
-1.41147438 1.0 
-1.36899238 1.0 
-1.36085538 1.0 
-1.31770938 1.0 
-1.29029438 1.0 
-1.28141338 1.0 
-1.21449638 1.0 
-1.04918138 1.0 
-1.02996338 1.0 
-1.01082238 1.0 
-0.95706238 1.0 
-0.88545338 1.0 
-0.88276538 1.0 
-0.85260738 1.0 
-0.81222738 1.0 
-0.76543338 1.0 
-0.76170038 1.0 
-0.66600038 1.0 
-0.65285038 1.0 
-0.61793438 1.0 
-0.60642138 1.0 
-0.56896638 1.0 
-0.51320938 1.0 
-0.48044038 1.0 
-0.48043038 1.0 
-0.47797438 1.0 
-0.47245938 1.0 
-0.37211638 1.0 
-0.33834438 1.0 
-0.27484538 1.0 
-0.20542638 1.0 
-0.17314238 1.0 
-0.16199938 1.0 
-0.14790838 1.0 
-0.04583638 1.0 
-0.03426838 1.0 
-0.01533038 1.0 
0.05105262 1.0 
0.05917662 1.0 
0.06838162 1.0 
0.16756562 1.0 
0.16819462 1.0 
0.18863162 1.0 
0.21542762 1.0 
0.37872762 1.0 
0.39458662 1.0 
0.40812762 1.0 
0.40892362 1.0 
0.43404562 1.0 
0.49886462 1.0 
0.50390762 1.0 
0.52662062 1.0 
0.57486662 1.0 
0.64895262 1.0 
0.67188462 1.0 
0.68515262 1.0 
0.72642562 1.0 
0.76677362 1.0 
0.77091862 1.0 
0.81237462 1.0 
0.85449362 1.0 
0.91972162 1.0 
0.93405362 1.0 
0.95677062 1.0 
1.06048362 1.0 
1.06797662 1.0 
1.08579262 1.0 
1.10205862 1.0 
1.15931862 1.0 
1.16891262 1.0 
1.17980462 1.0 
1.24399262 1.0 
1.25458862 1.0 
1.28400962 1.0 
1.34111162 1.0 
1.37758962 1.0 
1.47522862 1.0 
1.49652662 1.0 
1.52377362 1.0 
1.52501262 1.0 
1.54712262 1.0 
1.54956862 1.0 
1.61677162 1.0 
1.63327662 1.0 
1.64766562 1.0 
1.67086762 1.0 
1.67261262 1.0 
1.80259662 1.0 
1.83085762 1.0 
1.84838062 1.0 
1.85726262 1.0 
1.95479562 1.0 
1.97626662 1.0 
1.97809062 1.0 
2.00324662 1.0 
2.01647262 1.0 
2.02508962 1.0 
2.03203662 1.0 
2.04272162 1.0 
2.13619062 1.0 
2.13780562 1.0 
2.15745162 1.0 
2.23800562 1.0 
2.25464962 1.0 
2.28086162 1.0 
2.44727962 1.0 
2.48294862 1.0 
2.49349962 1.0 
2.49720062 1.0 
2.51795062 1.0 
2.53718062 1.0 
2.55424662 1.0 
2.56140962 1.0 
2.56776662 1.0 
2.58611862 1.0 
2.69648662 1.0 
2.73769162 1.0 
2.88230462 1.0 
