  31  94  94   real      0.017  -0.025   0.017   0.010   0.015
  31  94  94   imag      0.000   0.000   0.000   0.000   0.000
  32  94  94   real      0.007  -0.014   0.002  -0.005  -0.010
  32  94  94   imag      0.000   0.000   0.000   0.000   0.000
  33  94  94   real     -0.005   0.011  -0.004   0.002   0.005
  33  94  94   imag      0.000   0.000   0.000   0.000   0.000
  34  94  94   real      0.012  -0.044   0.032   0.000   0.010
  34  94  94   imag      0.000   0.000   0.000   0.000   0.000
  35  94  94   real      0.010   0.061  -0.037   0.034   0.030
  35  94  94   imag      0.000   0.000   0.000   0.000   0.000
  36  94  94   real     -0.026   0.095  -0.051   0.018   0.017
  36  94  94   imag      0.000   0.000   0.000   0.000   0.000
  37  94  94   real     -0.005   0.033  -0.064  -0.036  -0.086
  37  94  94   imag      0.000   0.000   0.000   0.000   0.000
  38  94  94   real     -0.001   0.004  -0.007  -0.004  -0.009
  38  94  94   imag      0.000   0.000   0.000   0.000   0.000
  39  94  94   real      0.635  -0.184  -0.011   0.439   0.354
  39  94  94   imag      0.001   0.000   0.000   0.001   0.001
  40  94  94   real     -0.032   0.000   0.011  -0.021  -0.011
  40  94  94   imag      0.000   0.000   0.000   0.000   0.000
  41  94  94   real     -0.162   0.048   0.007  -0.107  -0.082
  41  94  94   imag      0.000   0.000   0.000   0.000   0.000
  42  94  94   real      0.562  -0.143  -0.051   0.367   0.286
  42  94  94   imag      0.000   0.000   0.000   0.000   0.000
  43  94  94   real      0.720  -0.309   0.051   0.462   0.412
  43  94  94   imag      0.000   0.000   0.000   0.000   0.000
  44  94  94   real      0.343  -0.198   0.061   0.207   0.198
  44  94  94   imag      0.000   0.000   0.000   0.000   0.000
  45  94  94   real      0.008  -0.004   0.001   0.005   0.005
  45  94  94   imag      0.000   0.000   0.000   0.000   0.000
  46  94  94   real      0.052  -0.026   0.002   0.028   0.023
  46  94  94   imag      0.000   0.000   0.000   0.000   0.000
  47  94  94   real      0.059  -0.029   0.003   0.033   0.029
  47  94  94   imag      0.000   0.000   0.000   0.000   0.000
  48  94  94   real      0.007  -0.001  -0.002   0.004   0.001
  48  94  94   imag      0.000   0.000   0.000   0.000   0.000
  49  94  94   real     -0.104   0.067  -0.023  -0.061  -0.064
  49  94  94   imag      0.000   0.000   0.000   0.000   0.000
  50  94  94   real      0.104  -0.079   0.035   0.060   0.073
  50  94  94   imag      0.000   0.000   0.000   0.000   0.000
  51  94  94   real      0.255  -0.118   0.011   0.148   0.123
  51  94  94   imag      0.000   0.000   0.000   0.000   0.000
  52  94  94   real      0.043  -0.012  -0.007   0.024   0.013
  52  94  94   imag      0.000   0.000   0.000   0.000   0.000
  53  94  94   real     -0.003   0.004  -0.005  -0.003  -0.014
  53  94  94   imag      0.000   0.000   0.000   0.000   0.000
  54  94  94   real      0.008  -0.002  -0.002   0.004  -0.002
  54  94  94   imag      0.000   0.000   0.000   0.000   0.000
  55  94  94   real      0.010  -0.006   0.003   0.006   0.008
  55  94  94   imag      0.000   0.000   0.000   0.000   0.000
  56  94  94   real      0.030  -0.007  -0.009   0.014   0.004
  56  94  94   imag      0.003  -0.001  -0.001   0.001   0.000
  57  94  94   real     -0.001  -0.002   0.002  -0.001   0.000
  57  94  94   imag      0.000   0.000   0.000   0.000   0.000
  58  94  94   real      0.031  -0.004  -0.010   0.017   0.008
  58  94  94   imag      0.000   0.000   0.000   0.000   0.000
  59  94  94   real      0.251  -0.048  -0.047   0.157   0.109
  59  94  94   imag      0.000   0.000   0.000   0.000   0.000
  60  94  94   real      0.002  -0.002   0.002   0.002   0.001
  60  94  94   imag      0.000   0.000   0.000   0.000   0.000
  61  94  94   real     -0.980  -0.061   0.333  -0.709  -0.468
  61  94  94   imag      0.003   0.000  -0.001   0.002   0.001
  62  94  94   real      0.500   0.120  -0.200   0.420   0.294
  62  94  94   imag      0.000   0.000   0.000   0.000   0.000
  63  94  94   real      0.088   0.024  -0.035   0.077   0.055
  63  94  94   imag      0.000   0.000   0.000   0.000   0.000
  64  94  94   real      0.119   0.044  -0.061   0.102   0.067
  64  94  94   imag      0.001   0.000   0.000   0.000   0.000
  65  94  94   real     -0.068  -0.018   0.027  -0.060  -0.044
  65  94  94   imag      0.000   0.000   0.000   0.000   0.000
  66  94  94   real     -0.074  -0.039   0.047  -0.067  -0.042
  66  94  94   imag     -0.001   0.000   0.000   0.000   0.000
  67  94  94   real      0.066   0.016  -0.024   0.057   0.042
  67  94  94   imag      0.000   0.000   0.000   0.000   0.000
  68  94  94   real      0.007   0.002  -0.001   0.008   0.008
  68  94  94   imag      0.000   0.000   0.000   0.000   0.000
  69  94  94   real      0.153   0.046  -0.065   0.135   0.096
  69  94  94   imag      0.000   0.000   0.000   0.000   0.000
  70  94  94   real      0.020   0.005  -0.008   0.017   0.012
  70  94  94   imag      0.000   0.000   0.000   0.000   0.000
  71  94  94   real      0.000   0.002  -0.002   0.000   0.000
  71  94  94   imag      0.000   0.000   0.000   0.000   0.000
  72  94  94   real      0.109   0.030  -0.044   0.096   0.068
  72  94  94   imag      0.004   0.001  -0.002   0.004   0.003
  73  94  94   real      0.005   0.000  -0.002   0.003   0.001
  73  94  94   imag      0.000   0.000   0.000   0.000   0.000
  74  94  94   real     -0.230  -0.071   0.094  -0.206  -0.152
  74  94  94   imag      0.002   0.000  -0.001   0.001   0.001
  75  94  94   real      0.016   0.005  -0.006   0.015   0.012
  75  94  94   imag      0.000   0.000   0.000   0.000   0.000
  76  94  94   real     -0.036  -0.005   0.007  -0.034  -0.029
  76  94  94   imag      0.001   0.000   0.000   0.001   0.000
  77  94  94   real      0.034   0.012  -0.013   0.033   0.026
  77  94  94   imag      0.000   0.000   0.000   0.000   0.000
  78  94  94   real      0.002  -0.004   0.002   0.000   0.001
  78  94  94   imag      0.000   0.000   0.000   0.000   0.000
  79  94  94   real     -0.004   0.004  -0.003  -0.003  -0.004
  79  94  94   imag      0.000   0.000   0.000   0.000   0.000
  80  94  94   real      0.540   0.095  -0.131   0.504   0.423
  80  94  94   imag     -0.002   0.000   0.000  -0.002  -0.002
  81  94  94   real     -0.012  -0.001   0.004  -0.010  -0.009
  81  94  94   imag      0.000   0.000   0.000   0.000   0.000
  82  94  94   real     -0.242  -0.041   0.055  -0.228  -0.194
  82  94  94   imag      0.001   0.000   0.000   0.000   0.000
  83  94  94   real     -0.295  -0.043   0.063  -0.275  -0.235
  83  94  94   imag      0.023   0.003  -0.005   0.021   0.018
  84  94  94   real      0.163   0.023  -0.039   0.147   0.124
  84  94  94   imag      0.000   0.000   0.000   0.000   0.000
  85  94  94   real      0.090   0.019  -0.022   0.086   0.075
  85  94  94   imag      0.000   0.000   0.000   0.000   0.000
  86  94  94   real      0.124   0.017  -0.024   0.117   0.101
  86  94  94   imag      0.000   0.000   0.000   0.000   0.000
  87  94  94   real      0.418   0.033  -0.066   0.385   0.338
  87  94  94   imag      0.000   0.000   0.000   0.000   0.000
  88  94  94   real      0.182   0.026  -0.041   0.168   0.146
  88  94  94   imag      0.000   0.000   0.000   0.000   0.000
  89  94  94   real     -1.055  -0.042   0.160  -0.937  -0.835
  89  94  94   imag      0.000   0.000   0.000   0.000   0.000
  90  94  94   real     -0.196  -0.015   0.033  -0.178  -0.159
  90  94  94   imag      0.000   0.000   0.000   0.000   0.000
  91  94  94   real     -1.437  -0.081   0.288  -1.231  -1.077
  91  94  94   imag     -0.001   0.000   0.000   0.000   0.000
  92  94  94   real     -0.212  -0.033   0.086  -0.159  -0.120
  92  94  94   imag      0.000   0.000   0.000   0.000   0.000
  93  94  94   real     -0.300   0.006   0.025  -0.269  -0.250
  93  94  94   imag      0.000   0.000   0.000   0.000   0.000
  95  94  94   real     -0.300   0.010   0.023  -0.267  -0.251
  95  94  94   imag      0.000   0.000   0.000   0.000   0.000
  96  94  94   real      1.990   0.043  -0.294   1.739   1.580
  96  94  94   imag      0.000   0.000   0.000   0.000   0.000
  97  94  94   real     -0.887   0.032   0.093  -0.763  -0.708
  97  94  94   imag      0.000   0.000   0.000   0.000   0.000
  98  94  94   real     -0.008   0.012  -0.013  -0.010  -0.014
  98  94  94   imag      0.000   0.000   0.000   0.000   0.000
  99  94  94   real      1.388  -0.121  -0.100   1.167   1.104
  99  94  94   imag      0.000   0.000   0.000   0.000   0.000
 100  94  94   real     -0.065   0.007  -0.002  -0.059  -0.060
 100  94  94   imag      0.000   0.000   0.000   0.000   0.000
 101  94  94   real     -0.185   0.031   0.017  -0.137  -0.126
 101  94  94   imag      0.001   0.000   0.000   0.001   0.001
 102  94  94   real      0.013   0.004  -0.002   0.015   0.015
 102  94  94   imag      0.000   0.000   0.000   0.000   0.000
 103  94  94   real      0.075  -0.012  -0.003   0.060   0.058
 103  94  94   imag      0.000   0.000   0.000   0.000   0.000
 104  94  94   real     -0.013   0.007   0.000  -0.007  -0.007
 104  94  94   imag      0.000   0.000   0.000   0.000   0.000
 105  94  94   real      0.013   0.001  -0.012   0.002  -0.003
 105  94  94   imag      0.000   0.000   0.000   0.000   0.000
 106  94  94   real     -0.196   0.028   0.002  -0.167  -0.163
 106  94  94   imag      0.000   0.000   0.000   0.000   0.000
 107  94  94   real     -0.379   0.053   0.010  -0.316  -0.307
 107  94  94   imag      0.000   0.000   0.000   0.000   0.000
 108  94  94   real     -0.018   0.002  -0.001  -0.018  -0.019
 108  94  94   imag      0.000   0.000   0.000   0.000   0.000
 109  94  94   real      0.006   0.002  -0.006   0.002   0.001
 109  94  94   imag      0.000   0.000   0.000   0.000   0.000
 110  94  94   real      0.130  -0.014  -0.011   0.105   0.104
 110  94  94   imag      0.000   0.000   0.000   0.000   0.000
 111  94  94   real      0.088  -0.028   0.013   0.074   0.078
 111  94  94   imag      0.000   0.000   0.000   0.000   0.000
 112  94  94   real     -0.037   0.001   0.009  -0.026  -0.025
 112  94  94   imag      0.000   0.000   0.000   0.000   0.000
 113  94  94   real      0.238  -0.049  -0.014   0.175   0.168
 113  94  94   imag      0.000   0.000   0.000   0.000   0.000
 114  94  94   real      0.474  -0.084  -0.025   0.365   0.350
 114  94  94   imag      0.000   0.000   0.000   0.000   0.000
 115  94  94   real      0.301  -0.055  -0.018   0.228   0.223
 115  94  94   imag      0.000   0.000   0.000   0.000   0.000
 116  94  94   real      0.085   0.014  -0.017   0.083   0.086
 116  94  94   imag      0.000   0.000   0.000   0.000   0.000
 117  94  94   real      0.001  -0.010   0.003  -0.007  -0.011
 117  94  94   imag      0.000   0.000   0.000   0.000   0.000
 118  94  94   real      0.024  -0.001   0.001   0.023   0.026
 118  94  94   imag      0.000   0.000   0.000   0.000   0.000
 119  94  94   real      0.165  -0.051   0.000   0.114   0.109
 119  94  94   imag      0.000   0.000   0.000   0.000   0.000
 120  94  94   real     -0.322   0.047   0.010  -0.265  -0.267
 120  94  94   imag      0.000   0.000   0.000   0.000   0.000
 121  94  94   real     -0.202   0.065   0.005  -0.132  -0.125
 121  94  94   imag      0.000   0.000   0.000   0.000   0.000
 122  94  94   real     -0.114   0.034  -0.005  -0.085  -0.084
 122  94  94   imag      0.000   0.000   0.000   0.000   0.000
 123  94  94   real      0.130  -0.036  -0.004   0.090   0.088
 123  94  94   imag      0.000   0.000   0.000   0.000   0.000
 124  94  94   real     -0.045   0.016   0.003  -0.026  -0.024
 124  94  94   imag      0.000   0.000   0.000   0.000   0.000
 125  94  94   real     -0.102   0.009   0.013  -0.080  -0.078
 125  94  94   imag      0.000   0.000   0.000   0.000   0.000
 126  94  94   real      0.026  -0.003  -0.008   0.015   0.013
 126  94  94   imag      0.000   0.000   0.000   0.000   0.000
 127  94  94   real     -0.077   0.024  -0.003  -0.055  -0.054
 127  94  94   imag      0.000   0.000   0.000   0.000   0.000
 128  94  94   real     -0.046   0.004   0.007  -0.035  -0.034
 128  94  94   imag      0.000   0.000   0.000   0.000   0.000
 129  94  94   real      0.070  -0.020   0.002   0.052   0.051
 129  94  94   imag      0.000   0.000   0.000   0.000   0.000
 130  94  94   real      0.165  -0.076   0.016   0.106   0.107
 130  94  94   imag      0.000   0.000   0.000   0.000   0.000
 131  94  94   real     -0.032  -0.002   0.008  -0.027  -0.023
 131  94  94   imag      0.000   0.000   0.000   0.000   0.000
 132  94  94   real      0.017  -0.004   0.004   0.016   0.025
 132  94  94   imag      0.000   0.000   0.000   0.000   0.000
 133  94  94   real      0.361  -0.079  -0.032   0.249   0.245
 133  94  94   imag      0.000   0.000   0.000   0.000   0.000
 134  94  94   real      0.137  -0.030  -0.008   0.099   0.100
 134  94  94   imag      0.000   0.000   0.000   0.000   0.000
 135  94  94   real      0.259  -0.062  -0.013   0.184   0.184
 135  94  94   imag      0.000   0.000   0.000   0.000   0.000
 136  94  94   real      0.002   0.005  -0.007   0.000  -0.001
 136  94  94   imag      0.000   0.000   0.000   0.000   0.000
 137  94  94   real     -0.002   0.014  -0.015  -0.003  -0.007
 137  94  94   imag      0.000   0.000   0.000   0.000   0.000
 138  94  94   real      0.076  -0.010  -0.014   0.051   0.048
 138  94  94   imag      0.000   0.000   0.000   0.000   0.000
 139  94  94   real     -0.169   0.045   0.024  -0.100  -0.091
 139  94  94   imag      0.000   0.000   0.000   0.000   0.000
 140  94  94   real     -0.069   0.013   0.018  -0.039  -0.034
 140  94  94   imag      0.000   0.000   0.000   0.000   0.000
 141  94  94   real     -0.011  -0.019   0.016  -0.014  -0.008
 141  94  94   imag      0.000   0.000   0.000   0.000   0.000
 142  94  94   real      0.008  -0.005   0.000   0.003   0.003
 142  94  94   imag      0.000   0.000   0.000   0.000   0.000
 143  94  94   real      0.171  -0.064   0.000   0.107   0.105
 143  94  94   imag      0.000   0.000   0.000   0.000   0.000
 144  94  94   real      0.208  -0.071  -0.022   0.115   0.106
 144  94  94   imag      0.000   0.000   0.000   0.000   0.000
