73 74 94 real -0.025 0.038 -0.033 -0.02 -0.032
73 74 94 imag -0.017 0.026 -0.022 -0.013 -0.022
73 75 94 real 0 -0.005 0.003 -0.001 0
73 75 94 imag 0 -0.003 0.002 -0.001 0
73 76 94 real -0.004 0.013 -0.017 -0.007 -0.009
73 76 94 imag -0.001 0.003 -0.004 -0.002 -0.002
73 77 94 real 0.01 -0.002 0.007 0.015 0.016
73 77 94 imag 0.007 -0.002 0.005 0.01 0.011
73 78 94 real -0.003 0.002 -0.002 -0.002 -0.004
73 78 94 imag -0.001 0.001 -0.001 -0.001 -0.002
73 79 94 real 0 0 0 0 0
73 79 94 imag 0 0 0 0 0
73 80 94 real -0.004 0.001 -0.003 -0.005 -0.005
73 80 94 imag 0.011 -0.004 0.007 0.014 0.014
73 81 94 real 0 -0.002 0.002 0 0
73 81 94 imag 0.008 -0.076 0.074 0.006 0.006
73 82 94 real -0.002 0 0.001 -0.001 -0.001
73 82 94 imag 0.007 -0.001 -0.002 0.003 0.003
73 83 94 real 0.016 -0.016 0.005 0.005 0.003
73 83 94 imag -0.003 0.003 -0.001 -0.001 -0.001
73 84 94 real 0.033 -0.028 -0.008 -0.003 -0.003
73 84 94 imag -0.019 0.016 0.004 0.002 0.001
73 85 94 real 0.006 -0.001 -0.001 0.003 0.005
73 85 94 imag -0.002 0 0 -0.001 -0.002
73 86 94 real 0.002 -0.001 -0.001 0.001 0
73 86 94 imag -0.007 0.003 0.003 -0.002 -0.002
73 87 94 real 0 0 0 0 0
73 87 94 imag 0.002 -0.001 0.001 0.002 0.003
73 88 94 real 0.003 0 -0.001 0.002 0.004
73 88 94 imag 0.005 0 -0.002 0.003 0.006
73 89 94 real 0.002 -0.001 0.003 0.004 0.004
73 89 94 imag -0.001 0 -0.001 -0.002 -0.001
73 90 94 real -0.005 0.002 -0.003 -0.005 -0.008
73 90 94 imag 0.002 -0.001 0.001 0.002 0.003
73 91 94 real -0.003 0.002 0 -0.001 -0.002
73 91 94 imag 0.017 -0.011 0 0.006 0.008
73 92 94 real 0 -0.001 0.001 0.001 0.001
73 92 94 imag 0 0 -0.001 -0.001 -0.001
73 93 94 real 0.002 -0.002 0 0 0.001
73 93 94 imag 0.001 0 0 0 0
73 94 94 real -0.007 -0.003 0.003 -0.007 -0.005
73 94 94 imag 0.009 0.003 -0.004 0.008 0.006
73 95 94 real -0.011 0.013 -0.008 -0.006 -0.012
73 95 94 imag -0.001 0.001 -0.001 -0.001 -0.001
73 96 94 real 0.007 -0.005 0.004 0.006 0.006
73 96 94 imag 0.014 -0.01 0.008 0.011 0.013
73 97 94 real 0.007 -0.007 0.004 0.004 0.007
73 97 94 imag -0.01 0.011 -0.006 -0.006 -0.012
73 98 94 real 0.105 -0.107 0.055 0.053 0.095
73 98 94 imag -0.056 0.057 -0.03 -0.028 -0.051
73 99 94 real 0.019 -0.015 0.003 0.007 0.012
73 99 94 imag 0.006 -0.004 0.001 0.002 0.004
73 100 94 real 0.01 -0.008 0.002 0.003 0.003
73 100 94 imag -0.003 0.003 -0.001 -0.001 -0.001
73 101 94 real 0.004 -0.01 0.003 -0.002 -0.002
73 101 94 imag 0.003 -0.008 0.003 -0.002 -0.002
73 102 94 real 0 0.002 0 0.003 0.002
73 102 94 imag 0 -0.001 0 -0.001 -0.001
73 103 94 real 0.005 -0.006 0.004 0.003 0.003
73 103 94 imag -0.006 0.007 -0.004 -0.003 -0.003
73 104 94 real -0.002 -0.003 0.004 -0.002 -0.001
73 104 94 imag 0 0 0 0 0
73 105 94 real 0.001 -0.001 -0.003 -0.002 -0.004
73 105 94 imag 0.001 0 -0.001 -0.001 -0.002
73 106 94 real 0 -0.004 0.003 0 0.001
73 106 94 imag 0 -0.004 0.003 0 0.001
73 107 94 real -0.005 0.012 -0.009 -0.002 -0.001
73 107 94 imag -0.002 0.006 -0.005 -0.001 0
73 108 94 real 0.005 -0.004 0.003 0.004 0.005
73 108 94 imag -0.001 0 0 0 -0.001
74 75 94 real 0.019 -0.007 0.007 0.019 0.02
74 75 94 imag 0 0.001 0 0 0
74 76 94 real -0.011 -0.001 0.022 0.01 0.011
74 76 94 imag 0.004 0.001 -0.008 -0.003 -0.004
74 77 94 real -0.082 0.046 -0.078 -0.114 -0.126
74 77 94 imag -0.001 0.001 -0.001 -0.001 -0.001
74 78 94 real -0.006 0.004 -0.005 -0.007 -0.006
74 78 94 imag 0.001 -0.001 0.001 0.001 0.001
74 79 94 real 0.002 0.001 -0.001 0.002 0.002
74 79 94 imag 0 0 0 -0.001 -0.001
74 80 94 real -0.041 0.023 -0.021 -0.039 -0.041
74 80 94 imag -0.177 0.098 -0.089 -0.168 -0.177
74 81 94 real -0.003 -0.004 0.004 -0.003 -0.003
74 81 94 imag -0.005 -0.005 0.006 -0.004 -0.004
74 82 94 real -0.019 -0.003 0.001 -0.021 -0.022
74 82 94 imag -0.059 -0.009 0.002 -0.066 -0.068
74 83 94 real -0.07 0.003 0.019 -0.048 -0.051
74 83 94 imag 0.072 -0.003 -0.019 0.05 0.052
74 84 94 real 0.017 0.002 -0.01 0.01 0.01
74 84 94 imag -0.034 -0.005 0.019 -0.02 -0.021
74 85 94 real -0.015 0.003 0 -0.012 -0.016
74 85 94 imag 0.02 -0.003 0 0.016 0.02
74 86 94 real -0.006 -0.002 0.004 -0.004 -0.003
74 86 94 imag -0.017 -0.006 0.011 -0.011 -0.009
74 87 94 real 0.031 0.005 -0.014 0.022 0.024
74 87 94 imag 0.041 0.007 -0.019 0.03 0.032
74 88 94 real -0.052 0.021 -0.009 -0.039 -0.044
74 88 94 imag -0.023 0.009 -0.004 -0.017 -0.019
74 89 94 real -0.072 0.014 -0.002 -0.059 -0.059
74 89 94 imag 0.109 -0.022 0.003 0.09 0.09
74 90 94 real 0.016 -0.005 -0.002 0.01 0.01
74 90 94 imag -0.023 0.007 0.003 -0.014 -0.014
74 91 94 real -0.041 -0.001 0.01 -0.033 -0.03
74 91 94 imag -0.102 -0.003 0.024 -0.081 -0.073
74 92 94 real -0.006 -0.001 0 -0.007 -0.006
74 92 94 imag 0.015 0.003 0 0.018 0.015
74 93 94 real 0.005 0.013 -0.013 0.005 0.003
74 93 94 imag -0.002 -0.004 0.004 -0.002 -0.001
74 94 94 real 0.018 0.004 -0.007 0.014 0.011
74 94 94 imag -0.167 -0.04 0.07 -0.137 -0.107
74 95 94 real 0.014 -0.005 0.004 0.012 0.012
74 95 94 imag -0.008 0.003 -0.002 -0.007 -0.007
74 96 94 real 0.001 0.035 -0.034 0.002 -0.011
74 96 94 imag 0 0.02 -0.019 0.001 -0.006
74 97 94 real -0.003 0.002 -0.001 -0.002 -0.003
74 97 94 imag -0.099 0.092 -0.051 -0.058 -0.094
74 98 94 real -0.001 0 -0.002 -0.002 -0.003
74 98 94 imag 0.003 -0.001 0.003 0.005 0.005
74 99 94 real -0.033 0.006 -0.003 -0.03 -0.029
74 99 94 imag 0.01 -0.002 0.001 0.009 0.009
74 100 94 real 0.007 -0.008 0.003 0.001 0.003
74 100 94 imag -0.009 0.011 -0.004 -0.002 -0.005
74 101 94 real 0.045 -0.033 0.024 0.037 0.048
74 101 94 imag 0.003 -0.002 0.002 0.003 0.003
74 102 94 real 0 -0.002 0.004 0.002 0.002
74 102 94 imag 0 0.003 -0.006 -0.004 -0.004
74 103 94 real 0.002 -0.002 0.001 0.001 0.001
74 103 94 imag -0.014 0.014 -0.004 -0.004 -0.005
74 104 94 real -0.001 0 -0.002 -0.003 -0.002
74 104 94 imag 0.001 0 0.001 0.003 0.002
74 105 94 real -0.021 -0.006 0.012 -0.015 -0.013
74 105 94 imag 0.004 0.001 -0.002 0.003 0.002
74 106 94 real 0.017 0.001 -0.006 0.013 0.013
74 106 94 imag 0.004 0 -0.001 0.003 0.003
74 107 94 real 0.008 -0.005 0.002 0.004 0.001
74 107 94 imag -0.001 0.001 0 0 0
74 108 94 real -0.008 0.007 -0.004 -0.006 -0.007
74 108 94 imag 0.007 -0.006 0.004 0.005 0.007
75 76 94 real 0.013 -0.008 0.009 0.014 0.015
75 76 94 imag -0.004 0.003 -0.003 -0.005 -0.005
75 77 94 real -0.028 0.019 -0.025 -0.034 -0.038
75 77 94 imag -0.001 0 -0.001 -0.001 -0.001
75 78 94 real 0.002 -0.002 -0.001 0 0
75 78 94 imag 0 0 0 0 0
75 79 94 real -0.181 -0.059 0.066 -0.175 -0.163
75 79 94 imag 0.044 0.014 -0.016 0.042 0.039
75 80 94 real 0 0.001 -0.002 -0.001 -0.001
75 80 94 imag 0 0.007 -0.01 -0.003 -0.004
75 81 94 real 0 0 -0.002 -0.002 -0.003
75 81 94 imag -0.001 0 -0.002 -0.003 -0.004
75 82 94 real 0.003 -0.006 0.003 0 0
75 82 94 imag 0.009 -0.02 0.011 -0.001 0
75 83 94 real -0.005 0.01 -0.007 -0.002 -0.003
75 83 94 imag 0.005 -0.01 0.007 0.002 0.003
75 84 94 real -0.001 -0.002 0.002 0 0
75 84 94 imag 0.001 0.004 -0.005 0.001 0.001
75 85 94 real 0.009 -0.004 0.001 0.005 0.004
75 85 94 imag -0.01 0.005 -0.001 -0.006 -0.005
75 86 94 real -0.001 0 -0.001 -0.001 -0.001
75 86 94 imag -0.003 0.001 -0.003 -0.005 -0.002
75 87 94 real -0.006 0.003 0 -0.003 -0.004
75 87 94 imag -0.009 0.004 0 -0.005 -0.005
75 88 94 real 0.01 -0.005 0.001 0.006 0.004
75 88 94 imag 0.005 -0.002 0 0.003 0.002
75 89 94 real 0.003 0.001 -0.002 0.003 0.003
75 89 94 imag -0.005 -0.002 0.003 -0.004 -0.004
75 90 94 real -0.007 0.003 0.005 0 0.002
75 90 94 imag 0.01 -0.004 -0.006 0 -0.003
75 91 94 real 0.004 -0.001 0 0.002 0.002
75 91 94 imag 0.01 -0.003 0 0.007 0.006
75 92 94 real -0.002 0.003 -0.003 -0.002 -0.001
75 92 94 imag 0.005 -0.008 0.007 0.004 0.003
75 93 94 real 0.014 -0.013 -0.001 0 0.001
75 93 94 imag -0.004 0.004 0 0 0
75 94 94 real -0.002 0 0.001 -0.002 -0.001
75 94 94 imag 0.015 0.003 -0.005 0.014 0.011
75 95 94 real -0.007 0.004 0 -0.003 -0.002
75 95 94 imag 0.004 -0.002 0 0.002 0.001
75 96 94 real -0.003 -0.003 0.003 -0.003 -0.002
75 96 94 imag -0.002 -0.002 0.002 -0.002 -0.001
75 97 94 real 0 0 0 0 0
75 97 94 imag 0.003 -0.003 0.006 0.005 0.006
75 98 94 real -0.003 0.002 -0.001 -0.002 -0.003
75 98 94 imag 0.004 -0.004 0.002 0.003 0.005
75 99 94 real 0.009 -0.008 0.005 0.007 0.009
75 99 94 imag -0.003 0.002 -0.002 -0.002 -0.003
75 100 94 real -0.008 0.005 0.01 0.007 0.013
75 100 94 imag 0.011 -0.007 -0.013 -0.009 -0.016
75 101 94 real -0.014 0.01 -0.004 -0.007 -0.005
75 101 94 imag -0.001 0.001 0 -0.001 -0.001
75 102 94 real -0.004 0.002 -0.002 -0.004 -0.005
75 102 94 imag 0.006 -0.003 0.003 0.006 0.007
75 103 94 real -0.001 0 0.002 0.001 0.001
75 103 94 imag 0.003 0.003 -0.01 -0.004 -0.004
75 104 94 real 0.003 -0.001 0 0.002 0.002
75 104 94 imag -0.003 0.001 0 -0.002 -0.002
75 105 94 real -0.009 0.008 -0.002 -0.003 -0.001
75 105 94 imag 0.001 -0.001 0 0 0
75 106 94 real -0.013 0.007 0.003 -0.002 -0.003
75 106 94 imag -0.003 0.002 0.001 -0.001 -0.001
75 107 94 real -0.004 0.002 0.001 -0.001 0.001
75 107 94 imag 0 0 0 0 0
75 108 94 real -0.002 0.004 0.001 0.002 0.002
75 108 94 imag 0.002 -0.003 -0.001 -0.002 -0.002
76 77 94 real -0.051 0.036 -0.055 -0.07 -0.079
76 77 94 imag -0.018 0.013 -0.019 -0.025 -0.028
76 78 94 real -0.003 0.001 -0.004 -0.006 -0.006
76 78 94 imag 0 0 0 -0.001 -0.001
76 79 94 real 0.019 0.006 -0.007 0.019 0.017
76 79 94 imag 0.001 0 0 0.001 0.001
76 80 94 real 0.006 -0.002 0.003 0.006 0.007
76 80 94 imag -0.055 0.023 -0.024 -0.057 -0.064
76 81 94 real -0.003 0.002 0.001 0.001 0.001
76 81 94 imag -0.009 0.007 0.005 0.002 0.004
76 82 94 real 0.001 0 0 0 0.001
76 82 94 imag -0.024 0.009 -0.007 -0.022 -0.025
76 83 94 real -0.022 0.012 -0.016 -0.026 -0.031
76 83 94 imag 0.011 -0.006 0.008 0.013 0.016
76 84 94 real 0.011 -0.007 0 0.004 0.004
76 84 94 imag -0.011 0.007 0 -0.004 -0.004
76 85 94 real -0.003 0.001 -0.005 -0.007 -0.01
76 85 94 imag 0.002 0 0.003 0.004 0.006
76 86 94 real 0 0 0 0 0
76 86 94 imag -0.007 0.005 -0.004 -0.006 -0.006
76 87 94 real 0.011 -0.007 0.003 0.008 0.009
76 87 94 imag 0.034 -0.02 0.011 0.025 0.028
76 88 94 real -0.015 0.006 -0.004 -0.013 -0.015
76 88 94 imag -0.014 0.006 -0.004 -0.012 -0.014
76 89 94 real -0.03 0.011 -0.008 -0.027 -0.032
76 89 94 imag 0.023 -0.008 0.006 0.021 0.024
76 90 94 real 0.015 -0.009 0.005 0.011 0.011
76 90 94 imag -0.011 0.006 -0.003 -0.008 -0.008
76 91 94 real -0.001 0 0 -0.001 -0.001
76 91 94 imag -0.022 0.001 -0.004 -0.024 -0.021
76 92 94 real 0.002 -0.002 0.001 0.001 0.004
76 92 94 imag -0.003 0.002 -0.001 -0.001 -0.005
76 93 94 real 0.012 -0.007 0.003 0.008 0.01
76 93 94 imag 0 0 0 0 0
76 94 94 real 0.011 0.001 -0.003 0.01 0.009
76 94 94 imag -0.024 -0.003 0.006 -0.021 -0.018
76 95 94 real 0.016 -0.01 0.003 0.009 0.01
76 95 94 imag -0.003 0.002 0 -0.002 -0.002
76 96 94 real -0.004 0.006 -0.006 -0.004 -0.004
76 96 94 imag -0.005 0.007 -0.007 -0.004 -0.004
76 97 94 real 0.007 -0.005 0.003 0.006 0.007
76 97 94 imag -0.023 0.016 -0.011 -0.018 -0.021
76 98 94 real 0.003 -0.004 0.005 0.004 0.007
76 98 94 imag -0.003 0.003 -0.005 -0.004 -0.006
76 99 94 real -0.044 0.028 -0.024 -0.04 -0.048
76 99 94 imag -0.001 0.001 -0.001 -0.001 -0.001
76 100 94 real 0.012 -0.009 0.001 0.003 0.001
76 100 94 imag -0.008 0.006 -0.001 -0.002 -0.001
76 101 94 real 0.03 -0.022 0.01 0.017 0.023
76 101 94 imag 0.013 -0.01 0.004 0.007 0.01
76 102 94 real -0.015 0.012 -0.006 -0.008 -0.007
76 102 94 imag 0.012 -0.01 0.005 0.007 0.005
76 103 94 real -0.004 0.002 -0.001 -0.002 -0.003
76 103 94 imag 0.007 -0.005 0.002 0.005 0.005
76 104 94 real -0.009 0.007 -0.003 -0.004 -0.003
76 104 94 imag 0.004 -0.003 0.001 0.002 0.001
76 105 94 real -0.027 0.018 -0.02 -0.029 -0.036
76 105 94 imag -0.004 0.003 -0.003 -0.004 -0.005
76 106 94 real 0.009 -0.004 0.001 0.006 0.008
76 106 94 imag 0.006 -0.003 0 0.004 0.005
76 107 94 real -0.012 0.01 -0.005 -0.007 -0.009
76 107 94 imag -0.003 0.002 -0.001 -0.002 -0.002
76 108 94 real -0.004 0.001 -0.002 -0.004 -0.005
76 108 94 imag 0.001 -0.001 0.001 0.002 0.002
77 78 94 real 0.01 -0.007 0.008 0.011 0.012
77 78 94 imag -0.002 0.001 -0.001 -0.002 -0.003
77 79 94 real -0.034 -0.011 0.012 -0.033 -0.031
77 79 94 imag 0.01 0.003 -0.003 0.009 0.009
77 80 94 real 0.003 -0.003 0.011 0.01 0.012
77 80 94 imag 0.01 -0.014 0.044 0.041 0.049
77 81 94 real 0.002 -0.002 0.003 0.003 0.003
77 81 94 imag 0.002 -0.002 0.004 0.004 0.004
77 82 94 real -0.003 0 0.005 0.002 0.003
77 82 94 imag -0.009 0 0.014 0.005 0.008
77 83 94 real 0.007 -0.011 0.016 0.012 0.015
77 83 94 imag -0.007 0.011 -0.017 -0.012 -0.016
77 84 94 real 0.005 -0.004 0.002 0.003 0.004
77 84 94 imag -0.01 0.008 -0.005 -0.007 -0.008
77 85 94 real 0.005 -0.004 0.002 0.003 0.003
77 85 94 imag -0.006 0.005 -0.003 -0.004 -0.003
77 86 94 real 0 -0.001 0 -0.002 -0.001
77 86 94 imag -0.001 -0.003 0 -0.005 -0.003
77 87 94 real 0.009 -0.001 0 0.008 0.007
77 87 94 imag 0.011 -0.001 0 0.011 0.009
77 88 94 real 0.005 -0.011 0.006 -0.001 0.004
77 88 94 imag 0.002 -0.005 0.003 0 0.002
77 89 94 real 0.005 -0.012 0.01 0.003 0.002
77 89 94 imag -0.007 0.018 -0.015 -0.004 -0.003
77 90 94 real 0.002 0 -0.001 0.001 0.001
77 90 94 imag -0.003 0 0.001 -0.002 -0.001
77 91 94 real -0.007 -0.001 0.002 -0.006 -0.005
77 91 94 imag -0.016 -0.003 0.006 -0.013 -0.012
77 92 94 real -0.002 0.001 0.001 0 0
77 92 94 imag 0.005 -0.003 -0.002 0 0
77 93 94 real -0.001 0.004 0 0.004 0.005
77 93 94 imag 0 -0.001 0 -0.001 -0.001
77 94 94 real 0.004 0.001 -0.001 0.003 0.003
77 94 94 imag -0.04 -0.008 0.013 -0.035 -0.031
77 95 94 real -0.001 0.003 -0.005 -0.003 -0.006
77 95 94 imag 0 -0.001 0.003 0.002 0.004
77 96 94 real -0.002 0.012 -0.003 0.007 0.007
77 96 94 imag -0.001 0.007 -0.001 0.004 0.004
77 97 94 real 0.001 0 0 0 0
77 97 94 imag 0.022 -0.011 -0.001 0.01 0.007
77 98 94 real 0.006 -0.004 0.002 0.004 0.004
77 98 94 imag -0.011 0.009 -0.004 -0.007 -0.008
77 99 94 real 0.001 0.002 -0.013 -0.01 -0.02
77 99 94 imag 0 -0.001 0.004 0.003 0.006
77 100 94 real -0.007 0.005 -0.003 -0.005 -0.005
77 100 94 imag 0.01 -0.007 0.004 0.007 0.007
77 101 94 real -0.012 0.005 -0.008 -0.015 -0.016
77 101 94 imag -0.001 0 0 -0.001 -0.001
77 102 94 real -0.006 0.005 -0.004 -0.005 -0.006
77 102 94 imag 0.011 -0.009 0.007 0.009 0.009
77 103 94 real 0.001 -0.001 0 0 0
77 103 94 imag -0.007 0.007 -0.003 -0.003 -0.002
77 104 94 real 0.002 -0.001 -0.002 0 0
77 104 94 imag -0.002 0 0.002 0 0
77 105 94 real -0.024 0.007 -0.007 -0.024 -0.028
77 105 94 imag 0.005 -0.001 0.001 0.005 0.006
77 106 94 real 0.016 -0.012 0.005 0.009 0.011
77 106 94 imag 0.003 -0.003 0.001 0.002 0.002
77 107 94 real -0.014 0.006 -0.002 -0.009 -0.012
77 107 94 imag 0.002 -0.001 0 0.001 0.002
77 108 94 real 0.013 -0.01 0.007 0.01 0.01
77 108 94 imag -0.011 0.009 -0.006 -0.009 -0.009
78 79 94 real -0.031 -0.01 0.011 -0.03 -0.028
78 79 94 imag 0.002 0.001 -0.001 0.002 0.002
78 80 94 real 0 0 0 0 0
78 80 94 imag 0.006 -0.004 0.004 0.006 0.007
78 81 94 real -0.002 0 0 -0.002 -0.001
78 81 94 imag -0.004 0 0 -0.003 -0.003
78 82 94 real 0 0 0 0 0
78 82 94 imag -0.003 0 0.001 -0.001 -0.002
78 83 94 real 0.001 -0.001 -0.003 -0.004 -0.003
78 83 94 imag -0.001 0.001 0.002 0.003 0.002
78 84 94 real 0.003 -0.007 0 -0.004 -0.004
78 84 94 imag -0.004 0.009 0 0.005 0.006
78 85 94 real 0.005 -0.004 0.001 0.002 0.002
78 85 94 imag -0.004 0.003 -0.001 -0.001 -0.002
78 86 94 real 0 0 0 0 0
78 86 94 imag -0.001 -0.002 -0.001 -0.003 -0.004
78 87 94 real -0.002 0 0.002 0 0
78 87 94 imag -0.004 0 0.003 0 0.001
78 88 94 real -0.009 0.008 -0.003 -0.004 -0.004
78 88 94 imag -0.006 0.005 -0.002 -0.003 -0.003
78 89 94 real 0.001 0.002 -0.003 0 0
78 89 94 imag -0.001 -0.002 0.003 0 0
78 90 94 real 0.003 0 -0.002 0.001 0.003
78 90 94 imag -0.002 0 0.002 -0.001 -0.003
78 91 94 real -0.001 0.001 0 0 0
78 91 94 imag -0.003 0.003 -0.002 -0.002 -0.001
78 92 94 real -0.001 0.002 -0.003 -0.001 -0.002
78 92 94 imag 0.001 -0.004 0.004 0.001 0.003
78 93 94 real 0 0 0 0 -0.002
78 93 94 imag 0 0 0 0 0
78 94 94 real -0.002 0.001 0 -0.001 -0.001
78 94 94 imag 0.007 -0.005 0.001 0.004 0.003
78 95 94 real 0.002 -0.002 0.001 0.002 0.002
78 95 94 imag -0.001 0.001 0 -0.001 -0.001
78 96 94 real 0.002 -0.005 0.002 -0.001 0.001
78 96 94 imag 0.002 -0.004 0.002 -0.001 0.001
78 97 94 real -0.001 0.001 0 -0.001 -0.001
78 97 94 imag 0.007 -0.004 0 0.003 0.004
78 98 94 real -0.002 0 0.002 0 0.002
78 98 94 imag 0.003 -0.001 -0.002 0 -0.002
78 99 94 real 0.002 0 -0.003 -0.001 -0.003
78 99 94 imag 0 0 0 0 0
78 100 94 real 0.01 -0.006 0.002 0.006 0.007
78 100 94 imag -0.009 0.005 -0.001 -0.006 -0.006
78 101 94 real 0.017 -0.013 0.007 0.01 0.009
78 101 94 imag 0.005 -0.004 0.002 0.003 0.002
78 102 94 real 0.003 -0.008 0.005 0.001 0.001
78 102 94 imag -0.004 0.008 -0.006 -0.001 -0.001
78 103 94 real 0 0 -0.001 0 -0.001
78 103 94 imag -0.001 0 0.002 0.001 0.002
78 104 94 real 0.008 -0.005 -0.002 0 -0.002
78 104 94 imag -0.005 0.003 0.001 0 0.001
78 105 94 real -0.002 0.005 -0.009 -0.006 -0.008
78 105 94 imag 0 0 0 0 0
78 106 94 real 0 0.001 0 0 0
78 106 94 imag 0 0 0 0 0
78 107 94 real 0.014 -0.011 0.004 0.007 0.007
78 107 94 imag 0.001 -0.001 0 0.001 0.001
78 108 94 real 0.009 -0.01 0.006 0.005 0.005
78 108 94 imag -0.005 0.006 -0.003 -0.003 -0.003
79 80 94 real 0 0 0 0 0
79 80 94 imag 0.012 0.001 -0.002 0.012 0.011
79 81 94 real -0.002 0 0.001 -0.002 -0.002
79 81 94 imag -0.006 -0.001 0.001 -0.005 -0.005
79 82 94 real -0.001 0 0 -0.001 -0.001
79 82 94 imag -0.027 -0.003 0.005 -0.025 -0.025
79 83 94 real 0.008 0.001 -0.001 0.007 0.007
79 83 94 imag -0.005 0 0.001 -0.004 -0.004
79 84 94 real -0.001 0 0 -0.001 -0.001
79 84 94 imag 0.001 0 0 0.001 0.001
79 85 94 real 0.014 0 -0.002 0.013 0.013
79 85 94 imag -0.011 0 0.001 -0.01 -0.01
79 86 94 real 0 0 0 0 0
79 86 94 imag 0.003 0 0 0.003 0.003
79 87 94 real 0 0 0 0 0
79 87 94 imag -0.001 0 0 -0.001 -0.001
79 88 94 real -0.004 0 0.001 -0.003 -0.003
79 88 94 imag -0.003 0 0.001 -0.003 -0.003
79 89 94 real 0.001 -0.001 0.001 0.001 0.001
79 89 94 imag -0.001 0.001 -0.001 -0.001 -0.001
79 90 94 real 0.031 -0.001 -0.001 0.028 0.029
79 90 94 imag -0.026 0.001 0.001 -0.024 -0.025
79 91 94 real -0.001 0 0 -0.001 -0.001
79 91 94 imag -0.011 -0.001 0.002 -0.01 -0.01
79 92 94 real 0.004 0 0 0.004 0.004
79 92 94 imag -0.005 0.001 0 -0.005 -0.005
79 93 94 real -0.004 0 0 -0.003 -0.004
79 93 94 imag 0 0 0 0 0
79 94 94 real -0.002 0.001 -0.001 -0.002 -0.002
79 94 94 imag 0.004 -0.003 0.003 0.004 0.005
79 95 94 real -0.003 0.001 0 -0.002 -0.002
79 95 94 imag 0.001 0 0 0.001 0.001
79 96 94 real 0.001 0.001 -0.001 0.001 0.001
79 96 94 imag 0.001 0.001 -0.001 0.001 0.001
79 97 94 real -0.001 0 0 -0.001 -0.001
79 97 94 imag 0.005 0 -0.001 0.005 0.005
79 98 94 real 0.001 0 0 0 0.001
79 98 94 imag -0.001 0 0 0 -0.001
79 99 94 real -0.001 0.001 -0.001 -0.001 -0.001
79 99 94 imag 0 0 0 0 0
79 100 94 real 0.052 -0.011 0.004 0.045 0.048
79 100 94 imag -0.041 0.009 -0.003 -0.036 -0.038
79 101 94 real -0.002 0 0 -0.002 -0.002
79 101 94 imag -0.001 0 0 -0.001 -0.001
79 102 94 real -0.013 0.004 -0.002 -0.011 -0.012
79 102 94 imag 0.013 -0.004 0.002 0.011 0.011
79 103 94 real -0.002 0.001 -0.001 -0.002 -0.002
79 103 94 imag 0.006 -0.003 0.002 0.005 0.005
79 104 94 real 0.004 -0.002 0.001 0.003 0.003
79 104 94 imag -0.002 0.001 0 -0.001 -0.001
79 105 94 real 0.003 0 0 0.002 0.002
79 105 94 imag 0 0 0 0 0
79 106 94 real 0.004 -0.001 0 0.003 0.003
79 106 94 imag 0.002 0 0 0.002 0.002
79 107 94 real 0.002 0 0 0.002 0.002
79 107 94 imag 0 0 0 0 0
79 108 94 real 0.005 -0.001 0 0.004 0.005
79 108 94 imag -0.003 0.001 0 -0.002 -0.002
80 81 94 real -0.014 0.012 -0.013 -0.016 -0.02
80 81 94 imag 0.006 -0.004 0.005 0.007 0.008
80 82 94 real -0.045 -0.059 0.107 0.003 0.021
80 82 94 imag 0.004 0.004 -0.008 0 -0.002
80 83 94 real 0.039 0.026 -0.068 -0.002 -0.013
80 83 94 imag 0.061 0.04 -0.106 -0.004 -0.021
80 84 94 real -0.026 -0.011 0.03 -0.008 -0.003
80 84 94 imag -0.022 -0.009 0.024 -0.006 -0.002
80 85 94 real 0.033 -0.012 -0.001 0.02 0.021
80 85 94 imag 0.041 -0.015 -0.001 0.025 0.026
80 86 94 real 0.003 -0.037 0.051 0.016 0.021
80 86 94 imag 0 0.003 -0.005 -0.001 -0.002
80 87 94 real -0.023 0.099 -0.13 -0.054 -0.069
80 87 94 imag 0.01 -0.044 0.058 0.024 0.031
80 88 94 real -0.027 -0.003 0.007 -0.023 -0.023
80 88 94 imag 0.037 0.004 -0.01 0.031 0.031
80 89 94 real 0.159 -0.014 -0.018 0.127 0.12
80 89 94 imag 0.167 -0.015 -0.019 0.134 0.126
80 90 94 real -0.024 0 0.001 -0.023 -0.023
80 90 94 imag -0.027 0 0.001 -0.026 -0.026
80 91 94 real -0.251 -0.005 0.034 -0.222 -0.21
80 91 94 imag 0.04 0.001 -0.006 0.035 0.033
80 92 94 real 0.045 0 0.013 0.057 0.056
80 92 94 imag 0.03 0 0.009 0.038 0.038
80 93 94 real -0.003 0 0.002 -0.001 0
80 93 94 imag -0.041 -0.005 0.035 -0.01 -0.004
80 94 94 real -0.469 -0.052 0.107 -0.413 -0.372
80 94 94 imag -0.162 -0.018 0.037 -0.143 -0.129
80 95 94 real -0.009 0.001 0.001 -0.007 -0.007
80 95 94 imag -0.03 0.003 0.003 -0.024 -0.024
80 96 94 real 0.079 0.025 -0.042 0.062 0.047
80 96 94 imag -0.087 -0.028 0.047 -0.068 -0.052
80 97 94 real -0.018 0.056 -0.053 -0.016 -0.028
80 97 94 imag -0.004 0.011 -0.011 -0.003 -0.006
80 98 94 real 0.001 -0.002 0.006 0.005 0.007
80 98 94 imag 0.001 -0.001 0.005 0.004 0.006
80 99 94 real 0 -0.002 0.001 -0.001 0
80 99 94 imag 0.002 -0.027 0.012 -0.013 -0.002
80 100 94 real -0.002 0.008 -0.007 -0.002 -0.003
80 100 94 imag -0.002 0.009 -0.009 -0.002 -0.004
80 101 94 real 0.011 -0.009 0.007 0.009 0.012
80 101 94 imag -0.035 0.03 -0.024 -0.029 -0.039
80 102 94 real 0.009 -0.007 0.004 0.005 0.006
80 102 94 imag 0.009 -0.007 0.004 0.005 0.006
80 103 94 real 0.005 0.002 0.008 0.014 0.015
80 103 94 imag 0.002 0.001 0.003 0.005 0.006
80 104 94 real -0.005 0.005 -0.003 -0.002 -0.002
80 104 94 imag -0.009 0.01 -0.005 -0.004 -0.004
80 105 94 real -0.001 0 0 -0.001 -0.001
80 105 94 imag 0.026 0.001 -0.009 0.017 0.013
80 106 94 real -0.008 0.012 0.002 0.005 0.003
80 106 94 imag 0.016 -0.024 -0.003 -0.011 -0.005
80 107 94 real -0.002 0.002 0 -0.001 -0.001
80 107 94 imag 0.017 -0.013 0.003 0.007 0.009
80 108 94 real 0.002 -0.001 0.001 0.001 0.001
80 108 94 imag 0.003 -0.003 0.001 0.001 0.003
81 82 94 real -0.015 0.014 -0.01 -0.012 -0.015
81 82 94 imag -0.005 0.005 -0.003 -0.004 -0.005
81 83 94 real 0.001 0 0 0.002 0.002
81 83 94 imag 0.007 -0.002 0.005 0.01 0.011
81 84 94 real 0.001 0.002 -0.004 -0.001 -0.001
81 84 94 imag 0.002 0.001 -0.006 -0.003 -0.002
81 85 94 real -0.001 0 -0.001 -0.002 -0.001
81 85 94 imag -0.003 0 -0.002 -0.006 -0.005
81 86 94 real -0.003 0.004 -0.003 -0.002 -0.002
81 86 94 imag -0.001 0.001 -0.001 -0.001 -0.001
81 87 94 real 0.011 -0.009 0.013 0.015 0.017
81 87 94 imag 0 0 0 0 0
81 88 94 real 0.001 -0.008 0.02 0.013 0.016
81 88 94 imag -0.001 0.005 -0.012 -0.008 -0.01
81 89 94 real 0.002 -0.001 0 0.002 0.003
81 89 94 imag 0.005 -0.002 0.001 0.004 0.007
81 90 94 real -0.002 0 0.004 0.003 0.004
81 90 94 imag -0.004 0.001 0.012 0.009 0.013
81 91 94 real -0.006 -0.002 0.001 -0.008 -0.005
81 91 94 imag -0.001 -0.001 0 -0.002 -0.001
81 92 94 real -0.002 0.002 -0.003 -0.004 -0.005
81 92 94 imag -0.003 0.002 -0.005 -0.006 -0.007
81 93 94 real 0.001 0 0 0.001 0.001
81 93 94 imag -0.002 -0.001 0 -0.002 -0.003
81 94 94 real -0.009 0 0.002 -0.006 -0.006
81 94 94 imag -0.008 0 0.002 -0.006 -0.005
81 95 94 real 0.001 0 -0.001 0 0
81 95 94 imag -0.005 -0.002 0.005 -0.002 0
81 96 94 real -0.002 0.004 0.002 0.004 0.005
81 96 94 imag 0.001 -0.002 -0.001 -0.002 -0.002
81 97 94 real 0.007 -0.004 -0.002 0.001 -0.001
81 97 94 imag 0.005 -0.003 -0.001 0 -0.001
81 98 94 real 0.002 -0.001 0.002 0.002 0.001
81 98 94 imag 0.003 -0.002 0.003 0.004 0.002
81 99 94 real -0.004 0.004 -0.004 -0.004 -0.006
81 99 94 imag 0.013 -0.012 0.012 0.014 0.017
81 100 94 real -0.004 0.002 0.002 0 0.002
81 100 94 imag -0.012 0.007 0.006 0 0.005
81 101 94 real -0.001 0.006 -0.005 0 -0.001
81 101 94 imag 0.001 -0.007 0.006 0 0.002
81 102 94 real -0.001 0 0.001 -0.001 -0.001
81 102 94 imag -0.003 -0.001 0.002 -0.003 -0.002
81 103 94 real -0.009 0.008 -0.007 -0.009 -0.007
81 103 94 imag -0.009 0.007 -0.007 -0.008 -0.007
81 104 94 real 0 0 -0.003 -0.003 -0.003
81 104 94 imag -0.003 -0.003 -0.025 -0.032 -0.032
81 105 94 real -0.007 0.008 -0.004 -0.003 -0.007
81 105 94 imag 0.015 -0.017 0.009 0.007 0.015
81 106 94 real -0.008 0.015 -0.005 0.002 -0.003
81 106 94 imag 0.007 -0.013 0.004 -0.002 0.003
81 107 94 real 0.015 -0.019 0.004 0 0.007
81 107 94 imag -0.028 0.035 -0.008 -0.001 -0.013
81 108 94 real 0 0 0 0 0
81 108 94 imag -0.003 0.003 -0.003 -0.002 -0.002
82 83 94 real 0 0.036 -0.044 -0.008 -0.022
82 83 94 imag -0.001 0.07 -0.084 -0.015 -0.042
82 84 94 real -0.008 -0.015 0.022 -0.001 0.005
82 84 94 imag -0.008 -0.015 0.022 -0.001 0.005
82 85 94 real 0.016 -0.007 0.003 0.013 0.015
82 85 94 imag 0.024 -0.01 0.005 0.019 0.021
82 86 94 real 0.006 -0.008 0.02 0.018 0.017
82 86 94 imag 0 0 0 0 0
82 87 94 real -0.03 0.062 -0.078 -0.046 -0.053
82 87 94 imag 0.011 -0.022 0.027 0.016 0.019
82 88 94 real -0.031 0.013 -0.012 -0.03 -0.033
82 88 94 imag 0.036 -0.015 0.013 0.034 0.037
82 89 94 real 0.077 -0.003 -0.003 0.071 0.068
82 89 94 imag 0.095 -0.004 -0.004 0.087 0.085
82 90 94 real -0.015 -0.003 0.027 0.009 0.015
82 90 94 imag -0.02 -0.004 0.036 0.012 0.019
82 91 94 real -0.166 0.009 0.014 -0.143 -0.137
82 91 94 imag 0.013 -0.001 -0.001 0.011 0.011
82 92 94 real 0.028 -0.002 0 0.027 0.029
82 92 94 imag 0.022 -0.002 0 0.021 0.023
82 93 94 real 0 0 0 0 0
82 93 94 imag -0.012 -0.016 0.025 -0.002 0
82 94 94 real -0.275 -0.025 0.058 -0.242 -0.22
82 94 94 imag -0.121 -0.011 0.025 -0.106 -0.096
82 95 94 real -0.006 0.002 -0.001 -0.005 -0.005
82 95 94 imag -0.032 0.012 -0.003 -0.023 -0.022
82 96 94 real 0.063 0.011 -0.029 0.045 0.035
82 96 94 imag -0.059 -0.01 0.027 -0.042 -0.033
82 97 94 real 0.066 -0.022 -0.02 0.024 0.009
82 97 94 imag 0.019 -0.006 -0.006 0.007 0.003
82 98 94 real -0.003 0.003 0.002 0.002 0.003
82 98 94 imag -0.003 0.003 0.002 0.002 0.003
82 99 94 real 0 0 0 0 0
82 99 94 imag 0.012 -0.036 0.011 -0.013 -0.011
82 100 94 real -0.006 -0.004 0.008 -0.001 0.003
82 100 94 imag -0.008 -0.005 0.011 -0.001 0.004
82 101 94 real 0.008 -0.009 0.007 0.006 0.009
82 101 94 imag -0.019 0.022 -0.019 -0.016 -0.023
82 102 94 real 0 -0.001 -0.002 -0.003 -0.004
82 102 94 imag 0 -0.001 -0.003 -0.004 -0.005
82 103 94 real -0.016 0.009 -0.018 -0.025 -0.019
82 103 94 imag -0.008 0.005 -0.009 -0.012 -0.009
82 104 94 real 0.001 0 0.003 0.004 0.004
82 104 94 imag 0.002 0 0.006 0.009 0.01
82 105 94 real 0.001 -0.002 0.002 0.001 0.002
82 105 94 imag -0.01 0.012 -0.013 -0.011 -0.013
82 106 94 real 0.009 -0.007 0.001 0.003 0.005
82 106 94 imag -0.015 0.011 -0.001 -0.005 -0.009
82 107 94 real 0.001 0 0 0 0.001
82 107 94 imag -0.003 0.001 0.001 -0.002 -0.003
82 108 94 real 0.004 -0.005 0.004 0.003 0.005
82 108 94 imag 0.009 -0.012 0.009 0.007 0.011
83 84 94 real 0.008 0.025 -0.033 0 -0.013
83 84 94 imag -0.003 -0.008 0.01 0 0.004
83 85 94 real -0.025 0.009 0.004 -0.012 -0.013
83 85 94 imag 0.003 -0.001 -0.001 0.001 0.002
83 86 94 real -0.002 0.005 -0.012 -0.009 -0.011
83 86 94 imag 0.004 -0.009 0.024 0.018 0.021
83 87 94 real 0.006 -0.01 0.013 0.009 0.01
83 87 94 imag -0.037 0.064 -0.087 -0.06 -0.066
83 88 94 real -0.005 -0.004 0.004 -0.005 -0.005
83 88 94 imag -0.014 -0.01 0.011 -0.013 -0.014
83 89 94 real -0.139 0.018 -0.003 -0.124 -0.119
83 89 94 imag 0.027 -0.004 0.001 0.024 0.023
83 90 94 real 0.012 0.008 0.006 0.026 0.028
83 90 94 imag -0.002 -0.001 -0.001 -0.004 -0.005
83 91 94 real 0.066 -0.002 -0.007 0.056 0.055
83 91 94 imag -0.152 0.005 0.017 -0.129 -0.125
83 92 94 real -0.035 0.003 -0.013 -0.044 -0.044
83 92 94 imag 0.015 -0.001 0.005 0.019 0.019
83 93 94 real 0.009 0.012 -0.017 0.005 0.001
83 93 94 imag 0.005 0.006 -0.009 0.002 0
83 94 94 real 0.257 0.014 -0.05 0.221 0.202
83 94 94 imag -0.204 -0.011 0.04 -0.175 -0.16
83 95 94 real 0.005 0.014 -0.008 0.01 0.012
83 95 94 imag 0.001 0.004 -0.002 0.003 0.003
83 96 94 real 0.021 0.007 -0.012 0.016 0.013
83 96 94 imag 0.078 0.025 -0.043 0.06 0.047
83 97 94 real 0.036 -0.048 0.022 0.01 0.013
83 97 94 imag -0.037 0.05 -0.023 -0.01 -0.014
83 98 94 real -0.029 0.022 -0.004 -0.012 -0.011
83 98 94 imag 0.009 -0.006 0.001 0.003 0.003
83 99 94 real 0.026 0.012 -0.016 0.022 0.014
83 99 94 imag 0.014 0.006 -0.008 0.012 0.008
83 100 94 real 0.018 -0.025 0.025 0.017 0.025
83 100 94 imag -0.002 0.004 -0.003 -0.002 -0.003
83 101 94 real 0.012 -0.013 0.012 0.01 0.014
83 101 94 imag 0.014 -0.015 0.014 0.012 0.017
83 102 94 real -0.007 0.007 0.001 0.002 0.001
83 102 94 imag 0.001 -0.002 0 0 0
83 103 94 real 0.009 -0.008 0.012 0.013 0.017
83 103 94 imag -0.007 0.006 -0.009 -0.01 -0.013
83 104 94 real 0.014 -0.012 0.002 0.004 0.002
83 104 94 imag 0.001 -0.001 0 0 0
83 105 94 real 0.017 -0.022 0.014 0.009 0.012
83 105 94 imag 0.012 -0.016 0.01 0.006 0.009
83 106 94 real 0.004 -0.01 0.005 -0.001 0.005
83 106 94 imag 0.007 -0.016 0.007 -0.002 0.008
83 107 94 real 0.009 -0.009 0.003 0.002 0.004
83 107 94 imag 0.007 -0.008 0.002 0.002 0.003
83 108 94 real -0.002 0.001 -0.001 -0.002 -0.004
83 108 94 imag 0 0 0 0 0
84 85 94 real 0.01 0.002 -0.003 0.009 0.008
84 85 94 imag 0.002 0 -0.001 0.002 0.002
84 86 94 real -0.002 0.002 0.004 0.005 0.002
84 86 94 imag 0.002 -0.002 -0.004 -0.004 -0.002
84 87 94 real -0.002 0.006 -0.01 -0.006 -0.005
84 87 94 imag 0.003 -0.013 0.021 0.011 0.011
84 88 94 real 0.001 0 0 0.001 0.001
84 88 94 imag 0.015 -0.006 0.007 0.016 0.017
84 89 94 real 0.058 -0.009 0.004 0.053 0.053
84 89 94 imag 0.007 -0.001 0.001 0.006 0.006
84 90 94 real -0.007 0 -0.006 -0.013 -0.018
84 90 94 imag -0.001 0 -0.001 -0.002 -0.003
84 91 94 real -0.044 0 0.009 -0.035 -0.033
84 91 94 imag 0.05 0.001 -0.01 0.04 0.037
84 92 94 real 0.018 -0.003 0.001 0.015 0.015
84 92 94 imag -0.002 0 0 -0.002 -0.001
84 93 94 real -0.006 0 0.002 -0.005 -0.003
84 93 94 imag -0.007 0 0.002 -0.005 -0.004
84 94 94 real -0.124 -0.01 0.028 -0.105 -0.095
84 94 94 imag 0.046 0.004 -0.011 0.039 0.036
84 95 94 real 0.002 -0.006 0 -0.004 -0.005
84 95 94 imag 0.001 -0.004 0 -0.003 -0.004
84 96 94 real 0.002 0 -0.001 0.001 0.001
84 96 94 imag -0.034 -0.007 0.013 -0.028 -0.023
84 97 94 real -0.021 0.026 -0.01 -0.005 -0.005
84 97 94 imag 0.011 -0.014 0.005 0.003 0.003
84 98 94 real -0.09 0.068 -0.006 -0.028 -0.02
84 98 94 imag -0.002 0.002 0 -0.001 0
84 99 94 real -0.014 0 0.005 -0.009 -0.005
84 99 94 imag -0.015 0 0.005 -0.01 -0.006
84 100 94 real -0.01 0.008 -0.006 -0.008 -0.009
84 100 94 imag -0.002 0.001 -0.001 -0.001 -0.002
84 101 94 real -0.003 0.004 -0.003 -0.003 -0.003
84 101 94 imag -0.008 0.009 -0.007 -0.007 -0.008
84 102 94 real 0 0.002 0.001 0.002 0
84 102 94 imag 0 0 0 0 0
84 103 94 real -0.003 0.001 -0.006 -0.008 -0.007
84 103 94 imag 0.001 0 0.002 0.003 0.002
84 104 94 real -0.002 0.004 0.001 0.004 0
84 104 94 imag -0.001 0.002 0.001 0.001 0
84 105 94 real -0.004 0.004 0 0 -0.001
84 105 94 imag -0.005 0.005 -0.001 0 -0.001
84 106 94 real -0.002 0.002 0 0 -0.002
84 106 94 imag -0.008 0.009 -0.002 -0.001 -0.006
84 107 94 real -0.008 0.011 -0.005 -0.002 -0.004
84 107 94 imag -0.012 0.017 -0.008 -0.003 -0.006
84 108 94 real 0.004 -0.003 0.003 0.004 0.005
84 108 94 imag 0.002 -0.001 0.001 0.002 0.002
85 86 94 real -0.004 0.006 -0.006 -0.005 -0.005
85 86 94 imag 0.006 -0.009 0.01 0.007 0.007
85 87 94 real -0.005 -0.001 -0.001 -0.006 -0.007
85 87 94 imag 0.019 0.002 0.003 0.024 0.025
85 88 94 real 0.017 -0.015 0.02 0.022 0.023
85 88 94 imag 0.067 -0.058 0.079 0.088 0.09
85 89 94 real -0.059 0.016 -0.011 -0.053 -0.056
85 89 94 imag 0.005 -0.002 0.001 0.004 0.004
85 90 94 real 0.019 -0.01 0.016 0.025 0.027
85 90 94 imag -0.001 0 -0.001 -0.001 -0.001
85 91 94 real 0.039 -0.007 -0.004 0.027 0.025
85 91 94 imag -0.067 0.014 0.006 -0.047 -0.044
85 92 94 real 0.003 -0.013 0.005 -0.006 -0.003
85 92 94 imag -0.001 0.003 -0.001 0.001 0.001
85 93 94 real 0.024 -0.012 0.003 0.014 0.016
85 93 94 imag 0.017 -0.009 0.003 0.01 0.011
85 94 94 real 0.086 0.018 -0.023 0.081 0.076
85 94 94 imag -0.053 -0.012 0.015 -0.051 -0.048
85 95 94 real 0 0.008 -0.007 0.001 0.001
85 95 94 imag 0 0.004 -0.003 0 0.001
85 96 94 real 0.006 0 -0.001 0.005 0.005
85 96 94 imag 0.04 0 -0.007 0.033 0.03
85 97 94 real -0.002 -0.011 0.008 -0.005 0
85 97 94 imag 0.002 0.009 -0.007 0.004 0
85 98 94 real -0.002 0.004 0 0.002 0
85 98 94 imag 0 -0.001 0 0 0
85 99 94 real 0.006 0.008 -0.023 -0.009 -0.017
85 99 94 imag 0.004 0.006 -0.016 -0.006 -0.012
85 100 94 real -0.004 0.006 0.01 0.011 0.011
85 100 94 imag 0 0 0 0 0
85 101 94 real 0.005 -0.002 -0.002 0.001 0.004
85 101 94 imag 0.007 -0.003 -0.003 0.002 0.006
85 102 94 real -0.01 0.01 -0.003 -0.003 -0.004
85 102 94 imag 0.001 -0.001 0 0 0
85 103 94 real -0.033 0.033 -0.001 -0.002 0
85 103 94 imag 0.019 -0.019 0.001 0.001 0
85 104 94 real 0.049 -0.044 0.001 0.005 0.003
85 104 94 imag 0.009 -0.008 0 0.001 0.001
85 105 94 real -0.019 0.015 -0.011 -0.015 -0.019
85 105 94 imag -0.017 0.013 -0.01 -0.013 -0.017
85 106 94 real 0.01 -0.011 0.002 0.002 0.002
85 106 94 imag 0.022 -0.023 0.005 0.003 0.004
85 107 94 real -0.009 0.006 -0.004 -0.006 -0.007
85 107 94 imag -0.009 0.006 -0.004 -0.006 -0.007
85 108 94 real 0.011 -0.01 0.002 0.003 0.002
85 108 94 imag 0.002 -0.002 0 0.001 0
86 87 94 real -0.029 0.04 -0.038 -0.027 -0.033
86 87 94 imag 0.01 -0.013 0.013 0.009 0.011
86 88 94 real 0.018 -0.017 0.02 0.02 0.021
86 88 94 imag -0.019 0.019 -0.022 -0.022 -0.024
86 89 94 real 0.046 -0.011 0.014 0.05 0.049
86 89 94 imag 0.059 -0.013 0.017 0.063 0.062
86 90 94 real -0.01 0.004 0 -0.006 -0.006
86 90 94 imag -0.013 0.005 0 -0.008 -0.009
86 91 94 real -0.08 0.019 0.005 -0.057 -0.054
86 91 94 imag 0.005 -0.001 0 0.004 0.003
86 92 94 real 0.015 -0.007 0.004 0.012 0.013
86 92 94 imag 0.012 -0.005 0.003 0.01 0.011
86 93 94 real 0 0.001 -0.001 0 0
86 93 94 imag 0.005 -0.014 0.006 -0.003 -0.003
86 94 94 real -0.119 -0.003 0.022 -0.1 -0.093
86 94 94 imag -0.054 -0.001 0.01 -0.045 -0.042
86 95 94 real 0 -0.002 0.001 -0.001 -0.001
86 95 94 imag 0 -0.008 0.006 -0.003 -0.003
86 96 94 real 0.028 0.006 -0.013 0.022 0.018
86 96 94 imag -0.026 -0.006 0.012 -0.02 -0.016
86 97 94 real -0.011 0.018 -0.017 -0.009 -0.009
86 97 94 imag -0.003 0.006 -0.005 -0.003 -0.003
86 98 94 real -0.008 0.011 -0.001 0.001 0
86 98 94 imag -0.009 0.011 -0.001 0.001 0
86 99 94 real 0 0 0 0 0
86 99 94 imag -0.011 -0.009 0.006 -0.015 -0.012
86 100 94 real 0.003 -0.001 -0.003 -0.002 -0.004
86 100 94 imag 0.004 -0.002 -0.004 -0.002 -0.006
86 101 94 real 0.004 -0.005 0.003 0.001 0.002
86 101 94 imag -0.011 0.013 -0.006 -0.003 -0.006
86 102 94 real 0 -0.001 -0.002 -0.003 -0.004
86 102 94 imag 0 -0.001 -0.003 -0.004 -0.005
86 103 94 real -0.004 0.001 -0.001 -0.004 -0.003
86 103 94 imag -0.002 0.001 0 -0.002 -0.002
86 104 94 real -0.003 0.004 -0.003 -0.002 -0.002
86 104 94 imag -0.008 0.01 -0.006 -0.004 -0.005
86 105 94 real 0.004 -0.003 0.001 0.002 0.002
86 105 94 imag -0.028 0.023 -0.007 -0.012 -0.015
86 106 94 real -0.003 0.002 0.002 0.001 0.002
86 106 94 imag 0.006 -0.003 -0.004 -0.001 -0.004
86 107 94 real 0.003 -0.003 0 0 0.001
86 107 94 imag -0.014 0.013 0 -0.002 -0.004
86 108 94 real 0.003 -0.002 0 0.001 0
86 108 94 imag 0.007 -0.006 0.001 0.002 0.001
87 88 94 real 0.079 -0.042 0.043 0.08 0.086
87 88 94 imag -0.044 0.023 -0.024 -0.045 -0.048
87 89 94 real -0.075 0.021 -0.023 -0.077 -0.077
87 89 94 imag -0.21 0.058 -0.064 -0.216 -0.216
87 90 94 real 0.013 -0.004 0.002 0.011 0.011
87 90 94 imag 0.04 -0.012 0.005 0.033 0.034
87 91 94 real 0.173 0.011 -0.027 0.156 0.148
87 91 94 imag 0.046 0.003 -0.008 0.042 0.04
87 92 94 real -0.034 0.008 -0.01 -0.036 -0.036
87 92 94 imag -0.055 0.013 -0.015 -0.058 -0.057
87 93 94 real -0.006 -0.004 0.009 0 0.001
87 93 94 imag 0.016 0.009 -0.025 0.001 -0.003
87 94 94 real 0.31 -0.002 -0.043 0.264 0.246
87 94 94 imag 0.289 -0.003 -0.04 0.246 0.23
87 95 94 real -0.003 0 0.002 0 -0.001
87 95 94 imag 0.018 0.003 -0.018 0.003 0.004
87 96 94 real -0.102 -0.015 0.047 -0.071 -0.06
87 96 94 imag 0.045 0.007 -0.02 0.031 0.027
87 97 94 real -0.007 -0.026 0.039 0.005 0.011
87 97 94 imag -0.005 -0.019 0.028 0.004 0.008
87 98 94 real 0 0.001 0.002 0.003 0.002
87 98 94 imag -0.001 0.002 0.004 0.006 0.005
87 99 94 real -0.023 0.002 0.014 -0.007 -0.005
87 99 94 imag 0.064 -0.005 -0.038 0.021 0.014
87 100 94 real 0 0.001 0.002 0.003 0.003
87 100 94 imag 0.001 0.002 0.007 0.009 0.012
87 101 94 real -0.002 0.002 -0.01 -0.011 -0.014
87 101 94 imag 0.003 -0.002 0.012 0.012 0.016
87 102 94 real 0.003 -0.003 0.001 0.001 0.001
87 102 94 imag 0.008 -0.009 0.003 0.002 0.003
87 103 94 real 0.01 -0.004 0.002 0.008 0.008
87 103 94 imag 0.009 -0.004 0.002 0.008 0.008
87 104 94 real -0.001 0.001 0 0 0
87 104 94 imag -0.01 0.015 -0.007 -0.002 -0.005
87 105 94 real -0.002 0 0 -0.003 -0.004
87 105 94 imag 0.005 0.001 0.001 0.006 0.007
87 106 94 real -0.003 0.006 -0.003 0 -0.002
87 106 94 imag 0.003 -0.005 0.002 0 0.002
87 107 94 real -0.001 -0.001 0.001 -0.002 -0.001
87 107 94 imag 0.002 0.002 -0.001 0.003 0.002
87 108 94 real -0.001 0 0 -0.001 -0.001
87 108 94 imag -0.008 0.007 -0.007 -0.008 -0.009
88 89 94 real -0.015 0.003 -0.002 -0.014 -0.015
88 89 94 imag 0.087 -0.018 0.012 0.082 0.087
88 90 94 real 0.011 -0.006 0.003 0.008 0.008
88 90 94 imag -0.054 0.029 -0.015 -0.04 -0.041
88 91 94 real -0.106 0.03 -0.026 -0.102 -0.102
88 91 94 imag -0.103 0.029 -0.026 -0.099 -0.1
88 92 94 real 0 0 0 0 0
88 92 94 imag 0.006 0.005 -0.007 0.004 -0.001
88 93 94 real 0.036 -0.016 0.02 0.04 0.044
88 93 94 imag -0.031 0.014 -0.017 -0.034 -0.038
88 94 94 real -0.053 -0.005 0.013 -0.045 -0.042
88 94 94 imag -0.165 -0.017 0.04 -0.141 -0.131
88 95 94 real 0.026 -0.012 0.009 0.023 0.025
88 95 94 imag -0.034 0.016 -0.012 -0.031 -0.033
88 96 94 real 0.043 0.014 -0.025 0.032 0.028
88 96 94 imag 0.004 0.001 -0.002 0.003 0.003
88 97 94 real 0.005 0.003 -0.006 0.002 -0.001
88 97 94 imag 0.011 0.006 -0.014 0.004 -0.002
88 98 94 real -0.002 0.001 -0.001 -0.002 -0.002
88 98 94 imag 0.027 -0.018 0.013 0.022 0.026
88 99 94 real -0.003 0.016 -0.027 -0.014 -0.025
88 99 94 imag 0.003 -0.014 0.023 0.012 0.022
88 100 94 real 0.005 -0.003 0 0.002 0.001
88 100 94 imag -0.023 0.015 -0.001 -0.009 -0.006
88 101 94 real 0.035 -0.023 0.02 0.032 0.041
88 101 94 imag -0.012 0.008 -0.007 -0.011 -0.015
88 102 94 real 0.001 -0.001 0.001 0.001 0.001
88 102 94 imag -0.008 0.009 -0.007 -0.006 -0.005
88 103 94 real 0 0 0 0 0.001
88 103 94 imag 0 0 0.001 0.001 0.002
88 104 94 real -0.005 0.004 -0.001 -0.002 -0.003
88 104 94 imag 0.01 -0.008 0.002 0.004 0.005
88 105 94 real -0.008 0.002 -0.013 -0.019 -0.028
88 105 94 imag 0.005 -0.001 0.009 0.013 0.019
88 106 94 real 0.008 -0.006 0.004 0.006 0.01
88 106 94 imag -0.001 0.001 -0.001 -0.001 -0.002
88 107 94 real -0.012 0.009 -0.007 -0.011 -0.014
88 107 94 imag 0.007 -0.005 0.004 0.006 0.008
88 108 94 real 0.002 -0.002 0.002 0.002 0.001
88 108 94 imag -0.004 0.005 -0.004 -0.004 -0.002
89 90 94 real 0.088 -0.016 -0.005 0.067 0.064
89 90 94 imag 0.003 0 0 0.002 0.002
89 91 94 real 0.314 -0.027 -0.017 0.27 0.262
89 91 94 imag -0.456 0.039 0.025 -0.392 -0.38
89 92 94 real -0.156 0.039 -0.045 -0.162 -0.166
89 92 94 imag 0.034 -0.009 0.01 0.035 0.036
89 93 94 real 0.044 0.021 -0.056 0.009 0
89 93 94 imag 0.036 0.018 -0.047 0.007 0
89 94 94 real 1.05 -0.049 -0.133 0.867 0.821
89 94 94 imag -0.543 0.025 0.069 -0.448 -0.425
89 95 94 real 0.053 0.008 -0.013 0.048 0.049
89 95 94 imag 0.028 0.004 -0.007 0.025 0.025
89 96 94 real 0.026 0.002 -0.006 0.021 0.02
89 96 94 imag 0.349 0.024 -0.086 0.287 0.269
89 97 94 real -0.085 -0.044 0.051 -0.077 -0.069
89 97 94 imag 0.059 0.031 -0.036 0.054 0.048
89 98 94 real 0.006 -0.007 -0.001 -0.002 -0.004
89 98 94 imag -0.001 0.001 0 0 0
89 99 94 real 0.192 -0.016 -0.002 0.174 0.17
89 99 94 imag 0.157 -0.013 -0.002 0.142 0.139
89 100 94 real 0.023 -0.01 0.015 0.028 0.03
89 100 94 imag 0.001 0 0.001 0.002 0.002
89 101 94 real 0 -0.011 0.01 -0.001 0.004
89 101 94 imag -0.001 -0.019 0.018 -0.002 0.007
89 102 94 real 0.001 0.003 0 0.004 0.003
89 102 94 imag 0 0 0 0 0
89 103 94 real 0.013 -0.003 0.008 0.018 0.018
89 103 94 imag -0.006 0.002 -0.004 -0.009 -0.009
89 104 94 real 0.001 0.004 0 0.005 0.004
89 104 94 imag 0 0.001 0 0.001 0.001
89 105 94 real 0.037 -0.008 0.008 0.037 0.039
89 105 94 imag 0.038 -0.008 0.008 0.038 0.04
89 106 94 real -0.008 -0.001 0.002 -0.007 -0.006
89 106 94 imag -0.02 -0.002 0.004 -0.018 -0.016
89 107 94 real 0.02 -0.009 0.003 0.014 0.014
89 107 94 imag 0.024 -0.01 0.003 0.017 0.017
89 108 94 real -0.002 0.003 -0.001 0 -0.002
89 108 94 imag -0.001 0.001 0 0 -0.001
90 91 94 real -0.105 0.035 -0.028 -0.098 -0.1
90 91 94 imag 0.163 -0.054 0.043 0.152 0.155
90 92 94 real -0.074 0.081 -0.116 -0.109 -0.126
90 92 94 imag 0.019 -0.02 0.029 0.028 0.032
90 93 94 real 0.04 -0.048 0.054 0.046 0.053
90 93 94 imag 0.031 -0.037 0.042 0.036 0.042
90 94 94 real -0.221 0.002 0.032 -0.188 -0.179
90 94 94 imag 0.123 -0.001 -0.018 0.105 0.1
90 95 94 real -0.043 0.018 0 -0.025 -0.022
90 95 94 imag -0.021 0.009 0 -0.012 -0.011
90 96 94 real -0.008 -0.001 0.002 -0.007 -0.007
90 96 94 imag -0.081 -0.005 0.017 -0.069 -0.065
90 97 94 real 0.028 0.005 -0.008 0.025 0.022
90 97 94 imag -0.021 -0.003 0.006 -0.018 -0.016
90 98 94 real 0.03 -0.025 0.013 0.017 0.018
90 98 94 imag -0.004 0.003 -0.002 -0.002 -0.002
90 99 94 real -0.038 -0.005 0.018 -0.025 -0.02
90 99 94 imag -0.029 -0.004 0.014 -0.019 -0.015
90 100 94 real -0.124 0.086 -0.001 -0.039 -0.032
90 100 94 imag -0.003 0.002 0 -0.001 -0.001
90 101 94 real -0.012 0.012 -0.004 -0.004 -0.004
90 101 94 imag -0.02 0.019 -0.007 -0.007 -0.007
90 102 94 real -0.016 0.013 -0.007 -0.01 -0.016
90 102 94 imag 0.001 -0.001 0 0.001 0.001
90 103 94 real -0.047 0.034 -0.019 -0.031 -0.028
90 103 94 imag 0.025 -0.018 0.01 0.016 0.014
90 104 94 real 0.021 -0.014 0.01 0.016 0.018
90 104 94 imag 0.005 -0.003 0.002 0.004 0.004
90 105 94 real -0.012 -0.001 0.006 -0.007 -0.002
90 105 94 imag -0.011 -0.001 0.005 -0.007 -0.002
90 106 94 real -0.01 0.008 -0.004 -0.006 -0.006
90 106 94 imag -0.024 0.02 -0.011 -0.015 -0.014
90 107 94 real -0.01 0.006 -0.006 -0.011 -0.009
90 107 94 imag -0.012 0.007 -0.007 -0.012 -0.01
90 108 94 real 0 0 0.003 0.002 0.003
90 108 94 imag 0 0 0.001 0.001 0.001
91 92 94 real 0.135 -0.008 -0.02 0.108 0.102
91 92 94 imag 0.126 -0.007 -0.018 0.101 0.095
91 93 94 real 0.018 -0.004 0.001 0.015 0.014
91 93 94 imag -0.198 0.045 -0.008 -0.162 -0.159
91 94 94 real -1.664 0.051 0.283 -1.331 -1.256
91 94 94 imag -0.888 0.027 0.151 -0.711 -0.67
91 95 94 real -0.02 0.003 0.003 -0.014 -0.012
91 95 94 imag -0.164 0.025 0.025 -0.114 -0.102
91 96 94 real 0.539 -0.027 -0.061 0.451 0.437
91 96 94 imag -0.433 0.021 0.049 -0.363 -0.351
91 97 94 real 0.308 -0.028 -0.025 0.255 0.247
91 97 94 imag 0.116 -0.01 -0.01 0.096 0.092
91 98 94 real 0.019 -0.016 0.002 0.005 0.004
91 98 94 imag 0.022 -0.019 0.003 0.006 0.005
91 99 94 real 0.042 -0.005 -0.004 0.032 0.031
91 99 94 imag -0.516 0.063 0.052 -0.401 -0.385
91 100 94 real -0.041 0.024 0.011 -0.006 0
91 100 94 imag -0.067 0.039 0.019 -0.009 0
91 101 94 real -0.01 -0.011 -0.008 -0.028 -0.03
91 101 94 imag 0.02 0.022 0.016 0.058 0.062
91 102 94 real -0.012 0.006 0 -0.006 -0.004
91 102 94 imag -0.017 0.008 0.001 -0.008 -0.006
91 103 94 real -0.044 0.024 0.003 -0.017 -0.017
91 103 94 imag -0.025 0.014 0.002 -0.01 -0.01
91 104 94 real 0.002 -0.004 0.001 -0.001 -0.001
91 104 94 imag 0.006 -0.011 0.003 -0.003 -0.003
91 105 94 real 0.021 0.001 -0.005 0.017 0.015
91 105 94 imag -0.103 -0.005 0.024 -0.085 -0.075
91 106 94 real -0.024 -0.006 0.006 -0.024 -0.023
91 106 94 imag 0.034 0.009 -0.008 0.034 0.033
91 107 94 real 0.005 0.004 -0.003 0.005 0.005
91 107 94 imag -0.018 -0.014 0.012 -0.02 -0.019
91 108 94 real -0.005 0.003 -0.001 -0.003 -0.002
91 108 94 imag -0.014 0.008 -0.002 -0.008 -0.007
92 93 94 real 0.007 0.012 0 0.02 0.019
92 93 94 imag 0.009 0.016 0 0.026 0.024
92 94 94 real 0.387 -0.004 -0.1 0.284 0.259
92 94 94 imag -0.104 0.001 0.027 -0.076 -0.069
92 95 94 real 0.024 -0.003 0.013 0.034 0.037
92 95 94 imag 0.02 -0.002 0.011 0.028 0.031
92 96 94 real -0.025 0.003 0 -0.021 -0.021
92 96 94 imag 0.173 -0.024 0.001 0.149 0.148
92 97 94 real -0.086 0.021 -0.024 -0.089 -0.094
92 97 94 imag 0.036 -0.009 0.01 0.037 0.039
92 98 94 real 0.009 -0.011 -0.001 -0.003 -0.002
92 98 94 imag 0.001 -0.001 0 0 0
92 99 94 real 0.082 -0.016 0.011 0.076 0.08
92 99 94 imag 0.103 -0.021 0.014 0.096 0.101
92 100 94 real -0.023 0.022 0.025 0.023 0.037
92 100 94 imag -0.006 0.006 0.007 0.007 0.01
92 101 94 real -0.009 0.004 -0.001 -0.006 -0.007
92 101 94 imag -0.029 0.012 -0.005 -0.021 -0.025
92 102 94 real -0.004 0.004 -0.001 -0.002 -0.001
92 102 94 imag -0.001 0.001 0 0 0
92 103 94 real -0.021 0.024 0.003 0.005 0.005
92 103 94 imag 0.005 -0.006 -0.001 -0.001 -0.001
92 104 94 real -0.018 0.013 0.001 -0.004 -0.002
92 104 94 imag -0.009 0.007 0.001 -0.002 -0.001
92 105 94 real 0.018 -0.002 0.006 0.022 0.024
92 105 94 imag 0.029 -0.004 0.009 0.035 0.038
92 106 94 real -0.004 0.002 0 -0.002 -0.002
92 106 94 imag -0.026 0.012 0.002 -0.013 -0.013
92 107 94 real 0.007 -0.003 0.002 0.006 0.007
92 107 94 imag 0.014 -0.006 0.003 0.012 0.013
92 108 94 real -0.003 0.003 0.003 0.003 0.003
92 108 94 imag -0.002 0.002 0.001 0.001 0.002
93 94 94 real -0.144 0.011 0.008 -0.125 -0.122
93 94 94 imag 0.34 -0.027 -0.018 0.296 0.289
93 95 94 real -0.037 0.007 0.025 -0.006 0.004
93 95 94 imag 0.008 -0.001 -0.005 0.001 -0.001
93 96 94 real -0.079 -0.003 0.022 -0.06 -0.055
93 96 94 imag -0.082 -0.003 0.023 -0.062 -0.058
93 97 94 real 0.008 0.005 -0.008 0.005 0.003
93 97 94 imag -0.028 -0.018 0.027 -0.018 -0.011
93 98 94 real 0.001 -0.001 -0.003 -0.003 -0.003
93 98 94 imag -0.001 0.001 0.003 0.003 0.003
93 99 94 real -0.095 0.009 0.044 -0.042 -0.029
93 99 94 imag 0.001 0 0 0 0
93 100 94 real 0.008 -0.004 -0.014 -0.011 -0.017
93 100 94 imag -0.006 0.003 0.011 0.008 0.012
93 101 94 real -0.016 0.018 0.006 0.009 0.009
93 101 94 imag -0.006 0.007 0.002 0.003 0.004
93 102 94 real -0.007 0.009 -0.006 -0.003 -0.003
93 102 94 imag 0.006 -0.008 0.005 0.003 0.002
93 103 94 real -0.003 0 -0.002 -0.005 -0.004
93 103 94 imag 0.007 -0.001 0.004 0.01 0.009
93 104 94 real 0.005 -0.002 -0.002 0 -0.002
93 104 94 imag -0.002 0.001 0.001 0 0.001
93 105 94 real -0.018 -0.001 0.011 -0.008 -0.003
93 105 94 imag -0.002 0 0.001 -0.001 0
93 106 94 real 0.019 -0.011 -0.006 0.002 0.001
93 106 94 imag 0.011 -0.006 -0.004 0.001 0.001
93 107 94 real -0.009 0.005 -0.007 -0.011 -0.012
93 107 94 imag -0.002 0.001 -0.001 -0.002 -0.002
93 108 94 real 0.012 -0.009 0.006 0.009 0.008
93 108 94 imag -0.005 0.004 -0.002 -0.004 -0.004
94 95 94 real -0.196 0.023 0.009 -0.164 -0.162
94 95 94 imag -0.279 0.033 0.012 -0.234 -0.23
94 96 94 real 0.653 -0.053 -0.073 0.527 0.51
94 96 94 imag -1.528 0.124 0.171 -1.233 -1.193
94 97 94 real 0.8 -0.103 -0.054 0.644 0.633
94 97 94 imag -0.106 0.014 0.007 -0.085 -0.084
94 98 94 real 0.014 -0.012 0.011 0.014 0.015
94 98 94 imag 0.006 -0.005 0.005 0.006 0.006
94 99 94 real -0.519 0.084 0.02 -0.415 -0.413
94 99 94 imag -1.195 0.194 0.046 -0.955 -0.95
94 100 94 real -0.046 0 -0.004 -0.05 -0.052
94 100 94 imag -0.027 0 -0.002 -0.029 -0.031
94 101 94 real 0.007 -0.002 0 0.004 0.004
94 101 94 imag 0.197 -0.059 -0.014 0.125 0.122
94 102 94 real -0.009 -0.007 0.002 -0.014 -0.015
94 102 94 imag -0.004 -0.003 0.001 -0.007 -0.007
94 103 94 real -0.053 0.004 0.001 -0.049 -0.049
94 103 94 imag -0.002 0 0 -0.001 -0.001
94 104 94 real -0.027 0.014 0 -0.013 -0.013
94 104 94 imag -0.025 0.013 0 -0.012 -0.012
94 105 94 real -0.105 0.023 -0.003 -0.086 -0.087
94 105 94 imag -0.35 0.075 -0.011 -0.286 -0.288
94 106 94 real -0.02 0.004 0.001 -0.015 -0.015
94 106 94 imag 0.159 -0.029 -0.007 0.123 0.122
94 107 94 real -0.024 0.004 0 -0.019 -0.019
94 107 94 imag -0.104 0.02 0.002 -0.083 -0.082
94 108 94 real -0.002 0 -0.002 -0.005 -0.006
94 108 94 imag -0.002 0 -0.002 -0.005 -0.006
95 96 94 real -0.049 -0.006 0.01 -0.044 -0.044
95 96 94 imag -0.078 -0.009 0.016 -0.071 -0.071
95 97 94 real 0.013 0.007 -0.012 0.008 0.007
95 97 94 imag -0.026 -0.012 0.022 -0.016 -0.013
95 98 94 real 0.011 -0.01 0.001 0.002 0.005
95 98 94 imag -0.007 0.006 -0.001 -0.002 -0.003
95 99 94 real 0.012 -0.073 0.076 0.014 0.025
95 99 94 imag 0.002 -0.015 0.016 0.003 0.005
95 100 94 real 0.004 -0.012 0.012 0.004 0.007
95 100 94 imag -0.002 0.005 -0.006 -0.002 -0.003
95 101 94 real 0.042 -0.032 0.016 0.026 0.026
95 101 94 imag 0.027 -0.021 0.01 0.017 0.017
95 102 94 real -0.012 0.008 0.002 -0.002 -0.001
95 102 94 imag 0.007 -0.004 -0.001 0.001 0
95 103 94 real -0.001 -0.003 0.005 0.001 0.002
95 103 94 imag 0.001 0.004 -0.006 -0.001 -0.002
95 104 94 real -0.001 0.001 -0.002 -0.002 -0.001
95 104 94 imag 0 0 0 0 0
95 105 94 real 0.04 -0.046 0.05 0.044 0.053
95 105 94 imag 0.013 -0.015 0.017 0.015 0.017
95 106 94 real 0.003 0.003 -0.006 0.001 0.001
95 106 94 imag 0.003 0.003 -0.005 0.001 0.001
95 107 94 real 0.007 -0.01 0.013 0.01 0.011
95 107 94 imag 0.003 -0.004 0.005 0.004 0.004
95 108 94 real 0.005 -0.003 0 0.002 0.001
95 108 94 imag -0.001 0 0 -0.001 0
96 97 94 real -0.155 0.019 0.015 -0.121 -0.121
96 97 94 imag -0.261 0.032 0.026 -0.203 -0.203
96 98 94 real 0.001 -0.001 0 0 0
96 98 94 imag 0.029 -0.029 0.018 0.019 0.02
96 99 94 real -0.322 0.034 0.029 -0.258 -0.261
96 99 94 imag 0.34 -0.036 -0.031 0.274 0.276
96 100 94 real -0.002 -0.001 0.001 -0.002 -0.002
96 100 94 imag 0.016 0.007 -0.007 0.015 0.014
96 101 94 real 0.047 0 -0.014 0.034 0.034
96 101 94 imag -0.022 0 0.006 -0.016 -0.016
96 102 94 real -0.001 0.001 0 0 -0.001
96 102 94 imag 0.022 -0.015 0.004 0.011 0.013
96 103 94 real 0.009 -0.001 -0.002 0.006 0.006
96 103 94 imag 0.024 -0.004 -0.004 0.016 0.016
96 104 94 real 0 -0.005 0.002 -0.002 -0.002
96 104 94 imag -0.001 0.013 -0.006 0.006 0.005
96 105 94 real -0.109 0.018 0.007 -0.083 -0.086
96 105 94 imag 0.091 -0.015 -0.006 0.069 0.072
96 106 94 real 0.064 -0.015 0.003 0.052 0.055
96 106 94 imag -0.018 0.004 -0.001 -0.015 -0.016
96 107 94 real -0.041 0.012 -0.004 -0.033 -0.034
96 107 94 imag 0.03 -0.009 0.003 0.024 0.025
96 108 94 real -0.002 0.001 0 0 0
96 108 94 imag 0.004 -0.003 -0.001 0.001 0
97 98 94 real 0.011 -0.009 0.009 0.011 0.013
97 98 94 imag 0.006 -0.006 0.005 0.006 0.007
97 99 94 real 0.017 0.036 -0.036 0.018 0.015
97 99 94 imag 0.06 0.127 -0.125 0.062 0.053
97 100 94 real -0.013 0.021 -0.018 -0.01 -0.011
97 100 94 imag -0.01 0.016 -0.014 -0.008 -0.008
97 101 94 real 0.005 -0.002 0 0.004 0.004
97 101 94 imag -0.05 0.016 -0.004 -0.037 -0.041
97 102 94 real 0.013 -0.006 0 0.007 0.007
97 102 94 imag 0.009 -0.004 0 0.005 0.004
97 103 94 real 0.015 -0.001 -0.013 0 0
97 103 94 imag 0.002 -0.001 -0.002 0 0
97 104 94 real 0 0.002 0.001 0.003 0.003
97 104 94 imag 0 0.003 0.001 0.004 0.003
97 105 94 real 0.009 0.001 -0.006 0.004 0.005
97 105 94 imag 0.057 0.007 -0.037 0.027 0.029
97 106 94 real 0.01 -0.001 -0.001 0.008 0.008
97 106 94 imag -0.038 0.005 0.004 -0.029 -0.029
97 107 94 real 0.002 0 -0.001 0.001 0.001
97 107 94 imag 0.018 -0.001 -0.01 0.007 0.011
97 108 94 real -0.001 0.001 -0.002 -0.002 -0.002
97 108 94 imag -0.001 0.001 -0.003 -0.003 -0.003
98 99 94 real -0.026 0.022 -0.02 -0.024 -0.028
98 99 94 imag -0.025 0.022 -0.02 -0.024 -0.028
98 100 94 real -0.015 0.012 -0.004 -0.006 -0.008
98 100 94 imag -0.002 0.002 -0.001 -0.001 -0.001
98 101 94 real 0 -0.001 -0.005 -0.006 -0.007
98 101 94 imag 0.001 -0.002 -0.012 -0.012 -0.015
98 102 94 real -0.022 0.019 -0.009 -0.011 -0.012
98 102 94 imag -0.002 0.001 -0.001 -0.001 -0.001
98 103 94 real -0.001 0 0.002 0.001 0.001
98 103 94 imag 0 0 -0.001 0 0
98 104 94 real 0.007 0 -0.005 0.002 0.003
98 104 94 imag 0.003 -0.001 -0.001 0.001 0.001
98 105 94 real -0.01 0.01 -0.011 -0.011 -0.013
98 105 94 imag -0.012 0.013 -0.014 -0.014 -0.017
98 106 94 real 0 0.002 0 0.001 0
98 106 94 imag 0 0.007 -0.002 0.005 0.001
98 107 94 real -0.001 -0.001 -0.002 -0.004 -0.002
98 107 94 imag -0.002 -0.002 -0.002 -0.006 -0.004
98 108 94 real 0.001 -0.002 0.002 0.001 0.001
98 108 94 imag 0 -0.001 0.001 0.001 0
99 100 94 real 0.001 -0.017 0.027 0.011 0.016
99 100 94 imag -0.001 0.012 -0.02 -0.008 -0.011
99 101 94 real 0.099 -0.039 0.031 0.091 0.105
99 101 94 imag 0.039 -0.016 0.012 0.036 0.041
99 102 94 real -0.011 0.005 0.009 0.004 0.005
99 102 94 imag 0.009 -0.004 -0.008 -0.003 -0.004
99 103 94 real 0.011 -0.016 0.02 0.015 0.018
99 103 94 imag -0.024 0.033 -0.042 -0.033 -0.038
99 104 94 real -0.005 -0.003 -0.001 -0.009 -0.009
99 104 94 imag 0.002 0.001 0 0.004 0.004
99 105 94 real -0.097 0 0.093 -0.003 -0.003
99 105 94 imag -0.012 0 0.011 0 0
99 106 94 real 0.054 -0.011 -0.001 0.043 0.047
99 106 94 imag 0.032 -0.007 0 0.025 0.028
99 107 94 real -0.036 0.007 0.022 -0.008 -0.01
99 107 94 imag -0.007 0.001 0.004 -0.001 -0.002
99 108 94 real 0.004 -0.004 0.007 0.008 0.006
99 108 94 imag -0.002 0.002 -0.003 -0.003 -0.003
100 101 94 real -0.004 0.004 0.001 0.001 0.003
100 101 94 imag -0.007 0.007 0.002 0.002 0.004
100 102 94 real -0.034 0.024 -0.015 -0.025 -0.029
100 102 94 imag 0.003 -0.002 0.001 0.002 0.002
100 103 94 real -0.122 0.106 -0.117 -0.132 -0.15
100 103 94 imag 0.067 -0.059 0.065 0.073 0.083
100 104 94 real 0.063 -0.053 0.04 0.05 0.056
100 104 94 imag 0.013 -0.011 0.008 0.01 0.012
100 105 94 real -0.001 -0.005 0.007 0.002 0.005
100 105 94 imag -0.001 -0.004 0.006 0.002 0.004
100 106 94 real 0.005 -0.011 -0.004 -0.01 -0.006
100 106 94 imag 0.011 -0.024 -0.01 -0.023 -0.014
100 107 94 real -0.003 -0.001 -0.006 -0.01 -0.008
100 107 94 imag -0.003 -0.002 -0.006 -0.011 -0.008
100 108 94 real -0.011 0.009 -0.004 -0.005 -0.007
100 108 94 imag -0.002 0.002 -0.001 -0.001 -0.001
101 102 94 real 0 0 0.001 0.001 0.002
101 102 94 imag 0 0 -0.001 -0.002 -0.004
101 103 94 real 0.001 0 0 0.001 0.001
101 103 94 imag -0.015 0.009 -0.008 -0.014 -0.015
101 104 94 real -0.019 0.019 -0.013 -0.014 -0.019
101 104 94 imag 0.02 -0.019 0.014 0.014 0.019
101 105 94 real 0.035 -0.006 0.017 0.046 0.057
101 105 94 imag -0.009 0.001 -0.004 -0.012 -0.015
101 106 94 real -0.041 0.028 -0.016 -0.028 -0.035
101 106 94 imag -0.006 0.005 -0.003 -0.004 -0.005
101 107 94 real 0.069 -0.055 0.038 0.053 0.061
101 107 94 imag -0.013 0.01 -0.007 -0.01 -0.012
101 108 94 real 0.006 -0.004 -0.001 0.001 0.001
101 108 94 imag -0.006 0.004 0.001 -0.001 -0.001
102 103 94 real -0.013 0.011 -0.016 -0.018 -0.022
102 103 94 imag 0.006 -0.005 0.007 0.008 0.01
102 104 94 real 0.011 -0.014 -0.001 -0.003 -0.004
102 104 94 imag 0.003 -0.004 0 -0.001 -0.001
102 105 94 real 0.006 -0.007 0.01 0.009 0.011
102 105 94 imag 0.007 -0.007 0.01 0.01 0.012
102 106 94 real 0.013 -0.012 0.008 0.009 0.01
102 106 94 imag 0.037 -0.034 0.023 0.026 0.031
102 107 94 real 0.007 -0.01 0.004 0.001 0.001
102 107 94 imag 0.009 -0.012 0.005 0.001 0.002
102 108 94 real 0.018 -0.013 0.008 0.014 0.014
102 108 94 imag 0.006 -0.004 0.003 0.004 0.004
103 104 94 real -0.007 0.009 -0.023 -0.022 -0.028
103 104 94 imag -0.006 0.008 -0.02 -0.019 -0.025
103 105 94 real -0.012 0.008 -0.011 -0.015 -0.017
103 105 94 imag -0.036 0.025 -0.034 -0.044 -0.05
103 106 94 real -0.014 0.014 -0.006 -0.006 -0.008
103 106 94 imag 0.146 -0.155 0.069 0.06 0.087
103 107 94 real 0.032 -0.033 0.013 0.012 0.016
103 107 94 imag 0.125 -0.132 0.054 0.047 0.064
103 108 94 real -0.019 0.017 -0.006 -0.007 -0.006
103 108 94 imag -0.016 0.015 -0.005 -0.006 -0.005
104 105 94 real -0.084 0.081 -0.051 -0.054 -0.068
104 105 94 imag -0.05 0.049 -0.031 -0.032 -0.04
104 106 94 real -0.037 0.045 -0.011 -0.004 -0.011
104 106 94 imag -0.052 0.064 -0.017 -0.005 -0.016
104 107 94 real 0.137 -0.148 0.043 0.031 0.051
104 107 94 imag 0.095 -0.103 0.029 0.022 0.035
104 108 94 real 0.008 -0.007 0.002 0.002 0.003
104 108 94 imag 0 0 0 0 0
105 106 94 real -0.171 0.16 -0.135 -0.146 -0.162
105 106 94 imag -0.076 0.071 -0.06 -0.064 -0.071
105 107 94 real 0.212 -0.192 0.15 0.171 0.193
105 107 94 imag 0.015 -0.013 0.01 0.012 0.014
105 108 94 real 0.048 -0.038 0.029 0.039 0.04
105 108 94 imag -0.028 0.023 -0.017 -0.023 -0.024
106 107 94 real -0.03 0.03 -0.028 -0.028 -0.031
106 107 94 imag 0.011 -0.01 0.009 0.01 0.011
106 108 94 real -0.012 0.01 -0.008 -0.01 -0.01
106 108 94 imag 0.017 -0.013 0.011 0.014 0.014
107 108 94 real 0.015 -0.013 0.011 0.014 0.014
107 108 94 imag -0.01 0.009 -0.008 -0.009 -0.01
