  -1.51161109399572       0.982812289861303     
  -1.48152265058807       0.998341740112602     
  -1.31078550741634       0.994484085697715     
  -1.15606051129287       0.999924158475834     
  -1.10139730034421       0.989035048939415     
 -0.929698402922650       0.998297284540497     
 -0.891776799864432       0.982960522243545     
 -0.801692846589654       5.713198375930464E-004
 -0.767825337229145       0.985466210761474     
 -0.764386105372441       0.982438377015595     
 -0.729726576437574       2.066666891461999E-002
 -0.718847078815421       5.493497793479600E-002
 -0.717751109748664       2.091407710431105E-003
 -0.713976789192459       0.894474032240157     
 -0.691214287157216       4.651504802783490E-002
 -0.690083468867272       2.838720793569948E-002
 -0.688276242545438       0.908126832249056     
 -0.647990491349570       5.665443644288802E-003
 -0.645456210020345       1.064677557770502E-003
 -0.620664961757382       1.331585912929329E-002
 -0.618573699157518       3.424491913628843E-003
 -0.617680430432279       1.262661011823270E-003
 -0.608957165271963       1.026028048152987E-003
 -0.608018025908259       8.516147989383332E-004
 -0.607644534281891       7.169399773445039E-004
 -0.606974620169000       5.786297434282180E-004
 -0.585361226926948       0.996645489268272     
 -0.564032976252614       0.978049775748556     
 -0.559384192236588       0.552926572589971     
 -0.543854959303474       0.980208698215488     
 -0.538345668529235       9.957673206911174E-003
 -0.536314744322670       1.335136935007740E-002
 -0.535871568060859       3.081289197773373E-003
 -0.535440222239598       5.251517545212560E-002
 -0.533838312747368       0.174820268951579     
 -0.532482523209791       0.115571214765664     
 -0.509753815594024       0.135966121457161     
 -0.506828689033565       3.876682142712942E-003
 -0.503459309129530       0.892983208098345     
 -0.473694158154338       0.318431272274093     
 -0.472200741401979       6.526367175160420E-003
 -0.470625602763486       0.123474086988547     
 -0.456026974649106       0.413947051578916     
 -0.430631261808845       8.108766727449467E-002
 -0.426803294682140       1.992267716158568E-003
 -0.424968242507653       5.874582031205760E-003
 -0.424370348297490       6.723851273407473E-003
 -0.408760699684808       0.992968918724718     
 -0.403406571688004       8.661907229486881E-003
 -0.401338596952111       7.057186479057128E-003
 -0.387846255913952       5.824081046915735E-002
 -0.376569187723078       5.559946457080776E-003
 -0.366748785789158       1.277598177469933E-004
 -0.366085175365561       4.888890042842402E-004
 -0.365605084097227       1.207161913036255E-004
 -0.364046459207745       5.094202690489425E-003
 -0.363272926856990       1.793503143840090E-004
 -0.362947372286847       2.885451356638147E-003
 -0.355987786584345       6.233402270838145E-002
 -0.350595950940976       2.848049770306304E-003
 -0.337744596558348       0.727602777364749     
 -0.306652364187316       0.110980017449815     
 -0.298026496270346       1.902248252948094E-003
 -0.297081594381333       1.387235689952892E-002
 -0.296606348065470       1.341864367661046E-003
 -0.295724127694145       4.848027690981418E-003
 -0.294339788352510       1.601631746066416E-003
 -0.294297221015309       5.438482866604599E-004
 -0.292899320218446       9.374459073625553E-003
 -0.286515214415683       1.701678187167440E-003
 -0.286209569058155       5.346872341097485E-003
 -0.285317730813454       6.302849372188545E-003
 -0.283474951350199       2.365969742926344E-004
 -0.281211609437619       1.430791483475107E-002
 -0.272501177437760       4.567275455421937E-003
 -0.270401341324630       3.759159557381915E-003
 -0.269891378917093       3.332934020473499E-003
 -0.268731597300411       1.835838530612543E-003
 -0.227065462057212       3.140168797090802E-002
 -0.219933924707696       5.664843128145870E-004
 -0.216903318947502       1.098506109984620E-002
 -0.215259548451998       1.141839928135754E-002
 -0.214203265850202       1.832187167955304E-003
 -0.202297310354874       2.119837351809269E-003
 -0.201506204644412       1.566150647640428E-003
 -0.198301009983921       1.290084290389234E-002
 -0.195214395288700       8.888168779424763E-003
 -0.177186523816825       5.720209275467086E-002
 -0.173561904766715       1.139987040140245E-002
 -0.165035809743929       0.119723382687476     
 -0.162651223674160       7.699102387859413E-003
 -0.161994995412474       5.287201364247208E-003
 -0.158551847498174       0.627452324086835     
 -0.148808640759340       9.022318042625842E-003
 -0.146125974403379       8.555559004265395E-002
 -0.130317860475825       2.296376515020419E-002
 -0.127152250772396       9.217279188380659E-004
 -0.113565535693796       9.276696924818058E-002
 -0.103522734639425       1.458809511035828E-002
 -9.501329628193955E-002  1.021701944181898E-002
 -9.115941617744516E-002  5.621759561448660E-003
 -8.815511033290069E-002  1.270769611445696E-003
 -8.719301066340579E-002  7.457983715424143E-004
 -7.846345242820307E-002  4.582519397651372E-002
 -7.653309702558914E-002  2.471213881713345E-003
 -7.525822653451220E-002  2.422794364673718E-003
 -5.579933106727572E-002  1.064957384566751E-003
 -5.542462637271967E-002  3.794362804744545E-004
 -4.891618979182610E-002  2.662808188286520E-002
 -4.336133402526038E-002  2.500045070508941E-003
 -4.129467069333226E-002  6.199855354463434E-003
 -3.930488475868527E-002  2.220383356932022E-002
 -3.774549231332569E-002  2.057971646768776E-002
 -2.916520144274509E-002  2.381885013061762E-002
 -2.227616958586742E-002  4.155617998159119E-003
 -1.862449633833932E-002  2.633908062150600E-003
 -1.727815804013699E-002  1.950893070566818E-003
 -1.585174406502354E-002  3.599434801781058E-002
  4.206922532458912E-003  2.670292172815510E-002
  9.788588877486459E-003  1.281963647487986E-002
  1.308596520302019E-002  6.662713676340071E-003
  1.644142903300783E-002  2.065214508857862E-002
  2.029159394842017E-002  4.019024533351565E-002
  2.517451427726558E-002  3.701755173368425E-003
  2.798037686538501E-002  8.186460721305746E-003
  2.830402464869730E-002  1.422330732953054E-002
  2.925136506976245E-002  2.542907293836488E-003
  2.986937014188396E-002  5.988202195383758E-003
  3.136392558837464E-002  4.555255080806093E-003
  4.081070037312162E-002  5.513603943418828E-002
  4.845729036086432E-002  3.887302855196228E-002
  5.606451714726102E-002  2.784430740804589E-002
  5.974593533234518E-002  7.403917648716564E-002
  6.372969869701395E-002  2.743685969252550E-003
  6.498141289397197E-002  6.813411256274776E-003
  7.079396129643867E-002  7.029680864037529E-003
  8.832310728513193E-002  2.159372026772271E-002
  8.997786718188405E-002  7.045623858978878E-002
  9.511229909644681E-002  2.853553915779435E-002
  9.684077559068915E-002  2.230015224838633E-002
  0.103446128789671       0.610164256445591     
  0.107648555784130       0.128084010112019     
  0.111544447860496       0.208030069235071     
  0.114123728421920       2.821993840894979E-003
  0.118018047711483       2.108731256944490E-002
  0.119525855794942       0.145810104700412     
  0.122713094489034       3.659840914686348E-002
  0.125118222634123       2.465076596893969E-002
  0.128311938312963       2.427772602564974E-002
  0.131575454336490       5.210461942674446E-002
  0.132241353958405       2.327575437673267E-002
  0.134104511913097       4.344673213053947E-002
  0.135486739109614       0.220001180729560     
  0.145256766968115       0.735583715963586     
  0.151025333950272       0.132770740319288     
  0.152660391944772       8.628995569954243E-002
  0.157575267740869       0.150749329880350     
  0.158903810923648       2.050920111079204E-002
  0.159435868477350       1.060721988341246E-002
  0.159990609142198       5.134245880064809E-002
  0.163161696367992       0.122147747687284     
  0.179146818011938       0.344550889215442     
  0.189990968485381       0.127577493625742     
  0.190773634204505       0.422992156958569     
  0.197790897866133       0.349553785982905     
  0.201613619730793       2.776908659860426E-002
  0.202422319102540       1.354000402445063E-002
  0.203079856035285       7.591160920719827E-003
  0.204744140496229       1.644092115561628E-002
  0.213729095727169       1.639072925891114E-002
  0.218230419755985       0.176355463804879     
  0.228018592346535       0.177210285891733     
  0.229249360388655       8.138032120484937E-002
  0.232525974444812       4.864849896242568E-002
  0.232717712714132       5.768498079381916E-002
  0.233906938648825       0.142245610979427     
  0.236011816581187       2.770910019625736E-002
  0.236428278111417       3.247619506568191E-002
  0.237423370190387       6.828015613756516E-002
  0.237985967566573       0.129549287392992     
  0.241851129493146       0.322274658646453     
  0.244124815841405       0.355548312580020     
  0.244388769562564       6.234153377911981E-002
  0.245599275066499       0.882025161829485     
  0.250664788974262       0.689267592159921     
  0.252276671153893       0.349636129723894     
  0.260782967061092       0.487627212048136     
  0.263516385414187       5.063452793090676E-002
  0.264083264081196       0.249752739852412     
  0.265609660993760       0.231038973673725     
  0.269054034811141       0.550416889613571     
  0.283894310554413       0.179562249357699     
  0.287494748861460       0.251004913398487     
  0.288226331121120       0.422926145436415     
  0.290094495757694       0.438157833867519     
