1 0.982829448187862	0.982829660238235	0.982829644801799	0.982829660238186	0.982829563797850	0.982829600677769	0.982829658887436	0.982829733197712	0.982829489545499	0.982829560722943	0.982829676375089	0.982829560724783	0.982829563797132	0.982829733195583	0.982829658886736	0.982829600677723
2 0.998322625369457	0.998322466729697	0.998322513518639	0.998322466730010	0.998322563800513	0.998322519549500	0.998322464599952	0.998322416151455	0.998322551434155	0.998322532285515	0.998322468477205	0.998322532285840	0.998322563800252	0.998322416151376	0.998322464600080	0.998322519549389
3 0.994477946202143	0.994477985009469	0.994477931811229	0.994477985008680	0.994477941661370	0.994477962025086	0.994477922974284	0.994477945438405	0.994477989064558	0.994477919508282	0.994477892198611	0.994477919508560	0.994477941661339	0.994477945439318	0.994477922974085	0.994477962025123
4 0.999924145526119	0.999924137735285	0.999924132044929	0.999924137735195	0.999924146937270	0.999924138981312	0.999924130261576	0.999924137794373	0.999924146276757	0.999924138408019	0.999924132497325	0.999924138407732	0.999924146937294	0.999924137794576	0.999924130261521	0.999924138981431
5 0.989035868460654	0.989035879720543	0.989036000720153	0.989035879721910	0.989035822719775	0.989035910980842	0.989036057859714	0.989035873502881	0.989035877277434	0.989035922229416	0.989036012137175	0.989035922228396	0.989035822721394	0.989035873504262	0.989036057861391	0.989035910981314
6 0.998297428376653	0.998296983853867	0.998296577199533	0.998296983853078	0.998297402592475	0.998296997296632	0.998296612844407	0.998296993289873	0.998297404494893	0.998297020437138	0.998296610121403	0.998297020437210	0.998297402591332	0.998296993289366	0.998296612844059	0.998296997296595
7 0.982969328499763	0.982980520424597	0.982991497821991	0.982980520424947	0.982975575440081	0.982985532410727	0.982995442044112	0.982985589988691	0.982981851399211	0.982990603133128	0.982999246028870	0.982990603131018	0.982975575439283	0.982985589985694	0.982995442044122	0.982985532410326
8 4.196930881574286E-004	5.087388247781737E-004	2.717998178721192E-003	5.087388247828694E-004	4.620318550209121E-004	6.012071048356410E-004	5.119256898395828E-003	5.927676672852535E-004	3.933450044109174E-004	7.043452011039962E-004	0.983042213757029	7.043452011054664E-004	4.620318550186161E-004	5.927676672861571E-004	5.119256898420152E-003	6.012071048344075E-004
9 0.985456622433400	0.985204656771222	9.862074841550941E-004	0.985204656771078	0.985457511633793	0.985240922835954	2.529892892059081E-003	0.985208536733243	1.642632200278057E-003	3.305244576031164E-003	0.883901571661091	3.305244576025271E-003	0.985457511633793	0.985208536733324	2.529892892062630E-003	0.985240922836216
10 0.982261188931224	0.982051440928847	0.984700936292299	0.982051440929206	0.945040715368340	0.979048692120600	0.983312584164996	0.978823169663273	0.985469166290429	0.985192692431775	7.618031630610370E-002	0.985192692431330	0.945040715368904	0.978823169663205	0.983312584165332	0.979048692120225
11 1.620978233336108E-002	1.907701193195867E-003	0.981438095643018	1.907701193195340E-003	3.854568923102830E-002	4.467049946897183E-003	0.978437995629226	4.798902618877960E-003	0.982295688314500	0.980518456083566	1.028784074746794E-003	0.980518456083613	3.854568923100948E-002	4.798902618879840E-003	0.978437995628719	4.467049946899260E-003
12 8.847036245023957E-003	3.784382184773351E-002	0.900470191602868	3.784382184775006E-002	2.734537028730104E-002	1.593134198494419E-003	3.868723911317977E-003	1.576632621252448E-003	0.745230521597872	1.966976215393811E-003	2.036493574710222E-002	1.966976215389088E-003	2.734537028732015E-002	1.576632621252808E-003	3.868723911322053E-003	1.593134198495546E-003
13 1.334381161715683E-004	4.340273096738918E-002	4.606426743577893E-002	4.340273096739322E-002	0.939449770723509	0.109309373661089	6.042830178749006E-004	0.106818361374389	1.886115475871098E-002	1.159691219038929E-002	7.140246380644662E-003	1.159691219038675E-002	0.939449770724014	0.106818361374386	6.042830178794728E-004	0.109309373661004
14 0.945121414234921	2.438134352141023E-004	2.237447931021910E-002	2.438134352145623E-004	1.723724509041161E-002	0.857465776048955	0.937137675017726	0.859424820641408	0.209713526198381	0.899941701523182	0.956584620372769	0.899941701523239	1.723724509038426E-002	0.859424820639729	0.937137675016599	0.857465776049180
15 4.648307330621837E-003	0.890357717565586	7.016578958785195E-003	0.890357717565612	6.755052993633806E-003	3.691738759778857E-003	2.618552100079727E-002	3.637110177061379E-003	0.974987511646624	1.056020084653500E-002	0.945397949204490	1.056020084651506E-002	6.755052993624972E-003	3.637110177069803E-003	2.618552100095421E-002	3.691738759773368E-003
16 4.359211043684772E-003	0.978173576421559	1.569861478874192E-003	0.978173576421535	0.958514558245407	0.977468012413901	1.347869085678875E-002	0.977382365551098	2.331183488120465E-003	5.197045965404185E-002	2.503531689774795E-002	5.197045965418898E-002	0.958514558245464	0.977382365552213	1.347869085676329E-002	0.977468012412597
17 0.975647643732271	5.487000401686326E-003	1.221015232137536E-003	5.487000401686581E-003	6.422189705238163E-003	4.961250802273716E-003	0.973563456479888	5.974859470316767E-003	4.303064675113186E-004	0.978997403955975	8.249020158491475E-004	0.978997403953995	6.422189705213616E-003	5.974859470322847E-003	0.973563456479873	4.961250802286756E-003
18 5.426056243389711E-003	1.180050062997506E-003	3.532005778108339E-003	1.180050062999444E-003	5.873747080253622E-004	6.843554246156564E-004	5.783150910742101E-003	4.448699721529642E-004	2.988598654925434E-003	1.796602304153618E-003	8.988365830076074E-003	1.796602304155334E-003	5.873747080245637E-004	4.448699721533866E-004	5.783150910742217E-003	6.843554246158632E-004
19 1.029348653617303E-003	1.954913096439142E-004	0.974381445206201	1.954913096454223E-004	4.979657879956778E-004	4.194391295901234E-003	1.108450640473484E-003	3.949804045161747E-003	2.405235773673947E-003	4.827268763330635E-003	2.199331038949382E-002	4.827268763334338E-003	4.979657879954591E-004	3.949804045157398E-003	1.108450640464741E-003	4.194391295903644E-003
20 1.507612921949113E-002	5.407881126160203E-003	1.459811019108549E-002	5.407881126169324E-003	9.318176376136121E-004	6.714434940897528E-004	5.321878105538702E-004	5.894818291007219E-004	2.889299505710645E-003	3.383313454068682E-004	2.006405578655032E-002	3.383313454067257E-004	9.318176376154984E-004	5.894818291007525E-004	5.321878105548400E-004	6.714434940901253E-004
21 2.134675619065314E-003	9.506356774245507E-004	5.660474769189714E-004	9.506356774300090E-004	1.982460283873919E-002	5.600812103554529E-003	2.186889000190459E-004	5.327737912338999E-003	3.001994232754737E-004	2.794313389013201E-003	8.060142874786436E-004	2.794313389014849E-003	1.982460283872874E-002	5.327737912354259E-003	2.186889000160899E-004	5.600812103563867E-003
22 4.628696713184653E-004	5.775280949227394E-004	5.310140237141174E-004	5.775280949230227E-004	1.974698337548367E-003	8.910513434662673E-004	5.671783136184795E-002	1.199856623592280E-003	4.204896501389881E-002	6.444705115769941E-004	1.471616423678148E-004	6.444705115779602E-004	1.974698337544889E-003	1.199856623595459E-003	5.671783136191686E-002	8.910513434656397E-004
23 5.076116272600309E-004	1.294825034408893E-002	1.277531696505654E-003	1.294825034415078E-002	4.302927585055094E-004	1.411782859109280E-002	3.936022621741646E-003	1.510260947694381E-002	1.323189281851548E-003	1.565885641112982E-003	4.063559479427348E-004	1.565885641117383E-003	4.302927585064562E-004	1.510260947692854E-002	3.936022621714204E-003	1.411782859106018E-002
24 6.432814896373775E-004	2.440875491303845E-002	3.050768991421090E-002	2.440875491303905E-002	5.070736943956423E-003	7.924568132740490E-003	0.990183716169136	8.466672352071025E-003	8.628493771258036E-004	3.956733888068888E-002	0.989795633066862	3.956733888072587E-002	5.070736943920723E-003	8.466672352068277E-003	0.990183716169548	7.924568132745658E-003
25 4.922876245732517E-004	0.267978875494747	1.557132422175307E-003	0.267978875494670	0.987398860842830	3.658651823250551E-003	2.457035859955849E-002	2.933341716009405E-003	1.396244359008997E-003	6.188599026586057E-003	0.103489218289674	6.188599026583684E-003	0.987398860842776	2.933341716012559E-003	2.457035859941617E-002	3.658651823257167E-003
26 5.083704625866062E-004	0.724922816539524	0.996868251698152	0.724922816539679	7.844314264545099E-002	0.992691108870882	2.289744304054296E-003	0.992182672610047	1.388628000213210E-003	0.991570845514651	5.762935089598941E-003	0.991570845514870	7.844314264578398E-002	0.992182672609892	2.289744304051980E-003	0.992691108871325
27 0.996672244901320	0.285028567886372	0.969525623203893	0.285028567886155	5.175166136789019E-003	0.116766045580887	0.982214051258527	0.120003391335064	2.137905826591557E-003	0.967328522996958	2.477788465128805E-003	0.967328522996437	5.175166136791211E-003	0.120003391334936	0.982214051258205	0.116766045580749
28 0.965999698250143	0.877895763417181	2.168702431890531E-002	0.877895763417209	2.115726044318817E-003	0.978351763187863	0.279338728480676	0.972902078857840	0.995000771011010	0.116692363465599	2.091494590661936E-002	0.116692363465719	2.115726044318006E-003	0.972902078857448	0.279338728481097	0.978351763187652
29 0.525247603164922	3.529261091970822E-002	5.195637256217001E-002	3.529261091971062E-002	2.299859425673036E-003	0.156575644011309	1.780671712446930E-002	0.150010794437498	0.990345387042279	3.672603992129448E-003	0.968617188250516	3.672603992126572E-003	2.299859425671441E-003	0.150010794437555	1.780671712447720E-002	0.156575644011429
30 0.969097540592059	4.167312334287056E-002	0.694440004204337	4.167312334275056E-002	2.991513421731399E-003	1.949414701362207E-002	5.894494585792309E-002	2.107340251256563E-002	0.548379782029683	0.410424751685644	0.711885520515845	0.410424751686618	2.991513421737139E-003	2.107340251254972E-002	5.894494585774188E-002	1.949414701363193E-002
31 1.196104373731590E-002	9.694576358799455E-003	0.989744512276014	9.694576358806979E-003	0.984184247752841	3.059796354915696E-002	8.672754546461757E-002	3.577015723442441E-002	1.229571813663097E-003	0.956971999501996	0.928457889459124	0.956971999502520	0.984184247752762	3.577015723436928E-002	8.672754546474523E-002	3.059796354919232E-002
32 1.738378233659767E-002	0.446113897370942	0.184301124330137	0.446113897370780	3.039201048186085E-002	0.435910111760855	0.854718114528308	0.489469955934278	0.771643984841907	1.534268625820745E-002	4.229220265249119E-002	1.534268625821842E-002	3.039201048174935E-002	0.489469955934181	0.854718114527635	0.435910111760447
33 3.960986621567113E-003	0.973244631809651	9.872870320408188E-002	0.973244631809862	0.716515671029230	0.914295398053601	0.527332901622375	0.937708054182883	0.483388125876582	6.966439430579924E-003	9.220374725432083E-004	6.966439430582724E-003	0.716515671027842	0.937708054182513	0.527332901622770	0.914295398054151
34 1.740073153687877E-002	0.170503776047306	7.398109524269207E-004	0.170503776047179	0.987008687542969	0.177340690006991	4.267175108053804E-003	9.715483698326387E-002	7.443684710705062E-003	2.828783961755732E-002	6.334815042005697E-003	2.828783961750816E-002	0.987008687543892	9.715483698326259E-002	4.267175108057038E-003	0.177340690007039
35 0.116100517426634	3.282023175019144E-002	3.964250369475281E-002	3.282023175018902E-002	0.241134453450252	7.090525062642834E-002	8.711504977618783E-004	7.432046759299633E-002	2.482647827900723E-003	3.452194974388801E-003	4.465136040235559E-002	3.452194974372779E-003	0.241134453450232	7.432046759301102E-002	8.711504977551233E-004	7.090525062645002E-002
36 0.240284460310578	0.968974708270097	0.839729364802644	0.968974708270381	4.774498569438242E-003	1.432578163524931E-002	5.200839564440705E-004	1.445016753805412E-002	1.690781683943517E-002	9.420795409071366E-002	5.945173667032109E-002	9.420795409071023E-002	4.774498569433950E-003	1.445016753804840E-002	5.200839564438553E-004	1.432578163525159E-002
37 0.100338040176155	0.208550552221574	4.043514912356629E-003	0.208550552221268	0.836931581098761	1.087850713040371E-002	8.219111240739596E-003	9.055402981672709E-003	3.397197470923626E-003	0.264510063164086	5.050346167277089E-003	0.264510063164130	0.836931581098737	9.055402981672260E-003	8.219111240741525E-003	1.087850713040236E-002
38 3.227681608288376E-003	1.014893804771364E-003	3.868721391178441E-002	1.014893804770569E-003	5.271185819121313E-002	0.944781206074784	0.976102647228888	0.948081012613076	0.889366048729076	0.977881515710302	6.447619213340442E-003	0.977881515710126	5.271185819118534E-002	0.948081012613319	0.976102647229550	0.944781206074669
39 0.937501490615300	4.365209580671656E-003	6.396859869463420E-004	4.365209580671821E-003	1.104832083780700E-002	1.085378032311540E-003	0.203492032483256	3.436014520869830E-003	0.235815982727477	6.925460042286570E-002	6.505652499252302E-003	6.925460042287247E-002	1.104832083780564E-002	3.436014520870774E-003	0.203492032483412	1.085378032311401E-003
40 2.478060608726600E-003	9.606612856385879E-003	1.208456446566892E-002	9.606612856401487E-003	4.483984702631067E-003	8.964213784183941E-002	5.700245972045992E-003	8.960371758734104E-002	8.344005497943638E-003	2.945275477252127E-003	0.974106684450540	2.945275477250243E-003	4.483984702628634E-003	8.960371758733078E-002	5.700245972050800E-003	8.964213784181810E-002
41 3.293135802803134E-002	2.592181939972795E-003	1.882560842224769E-002	2.592181939997525E-003	4.771725931530851E-002	0.143995946148474	0.204813627109838	0.139185610110319	1.584383324811877E-003	0.573216016171011	0.513692485461893	0.573216016172303	4.771725931531485E-002	0.139185610110214	0.204813627109946	0.143995946148263
42 0.343685795454692	2.975760425656865E-003	3.868797077701419E-004	2.975760425627759E-003	0.229891948818400	0.238045650815029	3.617315760821861E-003	0.267616715466797	3.609908369991281E-003	7.223130966649618E-004	9.599016346573197E-004	7.223130966658818E-004	0.229891948818301	0.267616715466750	3.617315760821454E-003	0.238045650815156
43 0.475404585932155	1.964540118132071E-003	0.626536057071017	1.964540118131108E-003	2.205104113034359E-003	0.145137786155846	0.298604164809983	0.114171929498144	0.529131671110115	2.688756215265177E-002	2.297917652076803E-003	2.688756215260905E-002	2.205104113035971E-003	0.114171929498082	0.298604164810023	0.145137786155832
44 8.939720328459973E-002	0.348836326061332	6.222931454388640E-003	0.348836326060880	0.179559593765634	0.282974092173131	7.014317868537798E-002	0.286248779630612	0.303748734188513	3.039396234256767E-003	3.258755217748856E-004	3.039396234240207E-003	0.179559593765381	0.286248779630596	7.014317868507140E-002	0.282974092173256
45 1.642589201471777E-003	0.328305815374724	1.041892341762320E-002	0.328305815374300	0.407916970313950	2.778138429047013E-002	4.323502996961910E-002	3.008004460684780E-002	1.053522017960212E-002	2.122700566001145E-002	0.260100267524651	2.122700566002282E-002	0.407916970313661	3.008004460686628E-002	4.323502996994373E-002	2.778138429045943E-002
46 5.618899895749564E-003	6.334403449755699E-002	1.268375726908648E-004	6.334403449753435E-002	1.004937304351368E-003	2.066060519968652E-002	4.534435482754774E-002	2.050701960129893E-002	7.163691721794437E-003	0.280555629588784	0.234761614371770	0.280555629588956	1.004937304350403E-003	2.050701960131784E-002	4.534435482758065E-002	2.066060519970069E-002
47 7.444543157656710E-003	1.106053026828127E-003	1.006285193565865E-002	1.106053026828255E-003	4.488689080456579E-003	1.311366061364433E-002	7.135871163675186E-002	1.132797494420609E-002	2.374914599867355E-003	6.291229698995187E-003	5.271468681618822E-002	6.291229699023093E-003	4.488689080452856E-003	1.132797494419451E-002	7.135871163659595E-002	1.311366061365833E-002
48 0.993856019401165	2.608212360608928E-003	0.215746940149947	2.608212360605702E-003	4.830109580054252E-002	5.417602111701474E-004	4.690105532785355E-002	2.555787742099988E-003	1.820474380503438E-003	6.722188727704635E-003	3.789513766548257E-003	6.722188727692005E-003	4.830109580065636E-002	2.555787742100250E-003	4.690105532826767E-002	5.417602111704317E-004
49 9.014674716099697E-003	0.605079352882400	2.782998491696710E-003	0.605079352882246	0.996087118551858	1.700025318294483E-002	1.137602418494516E-002	1.940229704369915E-002	7.281828634556764E-004	7.035987785577538E-003	8.048721144218604E-003	7.035987785603751E-003	0.996087118552718	1.940229704370900E-002	1.137602418476949E-002	1.700025318293702E-002
50 7.237830873567105E-003	0.454952703820141	0.961001117501140	0.454952703820088	2.478543320007294E-003	5.030644375065578E-002	8.377749942080128E-003	3.898927452417589E-002	3.216398608461562E-003	1.148143304190518E-002	5.011626441473331E-002	1.148143304194606E-002	2.478543320011984E-003	3.898927452429705E-002	8.377749942091747E-003	5.030644375072497E-002
51 5.702372397907261E-002	3.448125692329569E-003	1.609830510594000E-002	3.448125692339116E-003	4.206969278414980E-002	0.970403540998111	3.275646621263835E-003	0.975637002211349	3.347004048255047E-002	2.293577185133021E-003	0.136876571187683	2.293577185130474E-003	4.206969278424622E-002	0.975637002210957	3.275646621281126E-003	0.970403540998374
52 5.594179652936297E-003	7.714952762023999E-004	3.590921576054492E-002	7.714952762007489E-004	1.527301743828754E-003	1.256319476720851E-002	0.993113455391957	9.596770603877803E-003	0.996751066394383	0.991654950487349	0.648684461912040	0.991654950487347	1.527301743825427E-003	9.596770603877289E-003	0.993113455391612	1.256319476720828E-002
53 1.357549831913208E-004	2.795516009749518E-003	3.421275179885737E-003	2.795516009748949E-003	2.837674958343034E-002	1.854712900214322E-002	4.934920433328299E-002	2.360286192601032E-002	0.226382191816626	5.552237263958219E-002	1.491322178559539E-002	5.552237263961383E-002	2.837674958336266E-002	2.360286192599543E-002	4.934920433339384E-002	1.854712900212204E-002
54 1.916440448597806E-004	1.202105770206412E-003	9.982184537512240E-004	1.202105770203497E-003	4.280847312820166E-003	9.329188454342873E-004	2.824271647367033E-003	9.678480777174999E-004	9.456471272422087E-004	2.011399712948747E-003	0.106453369577835	2.011399712956101E-003	4.280847312823154E-003	9.678480777220118E-004	2.824271647394762E-003	9.329188454377302E-004
55 1.087147104950190E-004	1.392367844374014E-003	5.989687517367179E-002	1.392367844375721E-003	1.625378477442653E-003	1.111331391892374E-004	1.661088534141083E-002	1.124860569948771E-004	4.248302987278990E-005	1.613730647310284E-003	1.247248136998680E-004	1.613730647314526E-003	1.625378477443527E-003	1.124860569952145E-004	1.661088534141174E-002	1.111331391911990E-004
56 1.502960454158190E-003	4.478894651930938E-002	6.506202961038671E-003	4.478894651925018E-002	1.978700458758026E-004	4.070592532392691E-004	3.678379826894765E-003	6.410117643659409E-004	9.012333660105501E-004	2.196362045824571E-003	6.648254970483538E-004	2.196362045822179E-003	1.978700458789303E-004	6.410117643660899E-004	3.678379826887114E-003	4.070592532399878E-004
57 7.921501110355905E-005	5.616395461716953E-003	1.540300075979523E-003	5.616395461832800E-003	2.674232046118356E-003	5.221810834690804E-002	4.870107363790173E-004	5.361816653750874E-002	1.275103422975838E-002	1.850469067867507E-003	2.596766836397530E-003	1.850469067874167E-003	2.674232046120911E-003	5.361816653754367E-002	4.870107363784279E-004	5.221810834693905E-002
58 1.284410448074200E-003	2.166823498130613E-003	3.942438074082124E-003	2.166823498125267E-003	8.839430187683077E-002	3.972541952148579E-002	1.180047719465595E-004	3.793279392698482E-002	3.530516078471095E-003	1.793908647294076E-003	4.262363905154977E-004	1.793908647295435E-003	8.839430187677531E-002	3.793279392700229E-002	1.180047719458836E-004	3.972541952147723E-002
59 5.686309264109799E-002	1.574980773684780E-003	1.131341453829542E-003	1.574980773697751E-003	2.875656169283817E-003	2.919501024676144E-003	6.975321141447156E-003	4.088443473750061E-003	0.361791058228154	2.874217748386518E-003	7.211332324267594E-002	2.874217748368336E-003	2.875656169307158E-003	4.088443473748849E-003	6.975321141432004E-003	2.919501024679043E-003
60 2.916299515105036E-003	0.171160972645530	9.164865668065652E-004	0.171160972645469	0.299436057453389	2.957805007070786E-002	2.173710124400053E-002	5.532717563437080E-003	0.103178404993064	1.296494478584610E-003	3.087798151237327E-003	1.296494478584847E-003	0.299436057452905	5.532717563437135E-003	2.173710124401165E-002	2.957805007074627E-002
61 0.724128695518805	3.245883973268875E-002	5.082605257852772E-002	3.245883973271854E-002	0.399056837388712	0.389732307848373	0.152622578461095	0.426108527615317	2.319504299274621E-002	0.787628364013009	1.385190152859938E-003	0.787628364013176	0.399056837389124	0.426108527615222	0.152622578461299	0.389732307848480
62 0.129356548127701	0.378455016694827	7.927182296155712E-003	0.378455016695108	1.202053260659573E-003	2.628854422269371E-002	2.266228539339128E-003	7.793914866182499E-003	1.109476333636318E-003	0.162408458446428	8.264352896345472E-004	0.162408458446372	1.202053260663499E-003	7.793914866179189E-003	2.266228539324303E-003	2.628854422268717E-002
63 4.324844207474509E-003	0.282590691940957	1.941283776853403E-003	0.282590691941318	1.186642595497243E-002	0.316642295231799	0.398020190997399	0.319033477946913	1.190975102271780E-003	4.658036979519602E-003	0.772040282461088	4.658036979518285E-003	1.186642595496920E-002	0.319033477947188	0.398020190997327	0.316642295231118
64 7.615998570376614E-003	9.679063562713966E-003	1.861684938687204E-003	9.679063562673017E-003	8.237044525336423E-003	2.221338006629919E-002	4.888492812184706E-003	2.501880756089745E-002	6.604749203345356E-002	8.494307716094932E-004	4.333802711864832E-002	8.494307716078232E-004	8.237044525318638E-003	2.501880756094167E-002	4.888492812186221E-003	2.221338006631033E-002
65 2.335953177909465E-003	1.860937393847967E-003	0.780916921709310	1.860937393849703E-003	9.737213684871750E-002	2.463940560720363E-002	0.209106166051453	2.611939399741417E-002	0.167121178318038	2.156066154511875E-003	6.392935109618564E-003	2.156066154514720E-003	9.737213684877039E-002	2.611939399740461E-002	0.209106166051759	2.463940560722484E-002
66 3.412560435646324E-003	1.218663064342313E-003	7.427789141043049E-002	1.218663064344051E-003	2.366406870118628E-003	9.071395034900542E-003	0.104306254566656	3.167298306214099E-003	1.903554185284593E-003	6.368425553428660E-003	4.658066240218710E-003	6.368425553430725E-003	2.366406870137763E-003	3.167298306213792E-003	0.104306254566684	9.071395034921501E-003
67 2.171973768301229E-003	4.747745808149173E-004	1.541579343296463E-003	4.747745808150318E-004	6.657642515080201E-003	1.203677873056246E-002	9.254822916217532E-003	2.050932370470087E-002	6.641180090408570E-004	6.647360171395873E-003	1.196796243629477E-003	6.647360171380847E-003	6.657642515069936E-003	2.050932370471475E-002	9.254822916248712E-003	1.203677873055610E-002
68 2.804496787641419E-004	2.065646995852628E-003	1.025511309929113E-003	2.065646995853626E-003	4.086821467466920E-004	5.361226557407203E-002	1.320583628924904E-002	4.714942571121851E-002	5.284239666350929E-002	5.626089187319553E-003	0.100494169691764	5.626089187321055E-003	4.086821467583663E-004	4.714942571115262E-002	1.320583628925296E-002	5.361226557412777E-002
69 1.085652773703328E-002	4.559986462559652E-002	2.262485200591315E-003	4.559986462555978E-002	7.098455425404352E-004	5.846320186099298E-003	1.403160211452924E-003	6.102581217514391E-003	5.025361023012371E-003	1.193605163467345E-003	2.685171487741588E-004	1.193605163471135E-003	7.098455425413628E-004	6.102581217512504E-003	1.403160211441158E-003	5.846320186107248E-003
70 2.698110038364924E-004	4.278728043127946E-003	2.934401653023476E-002	4.278728043122720E-003	1.529464009753436E-003	1.452643086290740E-002	1.355950682900165E-003	1.511177743308005E-002	7.537771465467548E-004	1.580747619327907E-003	6.909597436283505E-003	1.580747619330712E-003	1.529464009758671E-003	1.511177743306144E-002	1.355950682896884E-003	1.452643086290794E-002
71 1.964001286696709E-004	2.233554689105283E-003	8.231005388586654E-003	2.233554689099501E-003	4.004387037567647E-002	1.294755552807063E-003	1.855142079678590E-003	8.945018640239712E-004	1.001673913596743E-003	8.071336523514811E-004	6.212534727178658E-005	8.071336523525914E-004	4.004387037569595E-002	8.945018640172156E-004	1.855142079681240E-003	1.294755552796622E-003
72 5.097860300214887E-003	4.811711626513313E-003	5.164575339206979E-004	4.811711626518542E-003	2.350069619395157E-003	1.625187783883764E-002	6.933723128062243E-002	1.735078675677687E-002	1.642992474318030E-004	1.201238591440832E-003	2.085811054593233E-003	1.201238591439095E-003	2.350069619378465E-003	1.735078675667017E-002	6.933723128061639E-002	1.625187783891282E-002
73 1.356551362624842E-004	2.448042170716802E-002	1.363245309772694E-003	2.448042170708878E-002	4.030898682763641E-003	0.997383951622199	0.998747917540000	0.996891589771788	1.179325960619856E-003	1.339092479313474E-003	0.998443001321746	1.339092479314318E-003	4.030898682843423E-003	0.996891589771586	0.998747917540004	0.997383951622018
74 2.389858082121602E-002	0.999271904336928	0.999050243735210	0.999271904337059	0.997674911373124	1.204019868302051E-003	2.609165281459264E-003	2.681454550808991E-003	2.506646167911137E-002	0.998184456065846	8.753096697154688E-003	0.998184456065939	0.997674911373349	2.681454550826281E-003	2.609165281460374E-003	1.204019868302456E-003
75 3.615939065897878E-003	4.094424718821543E-004	2.481510045532516E-002	4.094424718820464E-004	2.809967515375710E-003	4.352514153115126E-004	5.307368739892080E-003	9.107400061677422E-004	0.999602227816758	1.861443107957749E-002	2.690186687660029E-003	1.861443107963826E-002	2.809967515371874E-003	9.107400061658507E-004	5.307368739911882E-003	4.352514153130822E-004
76 3.633078448734169E-003	4.285097915891407E-003	5.376813682923040E-003	4.285097915915518E-003	8.817641156818317E-004	9.264434930296696E-003	2.022641452289805E-003	8.235280191665022E-003	5.122640607453465E-003	5.121389456218432E-003	1.282786922402025E-003	5.121389456214777E-003	8.817641156855724E-004	8.235280191622641E-003	2.022641452280423E-003	9.264434930210083E-003
77 3.301441842957956E-003	1.596190455490902E-003	7.010041473258682E-005	1.596190455506677E-003	1.836240408620315E-004	3.335258692183747E-003	3.567198293195237E-003	3.501208684043571E-003	2.376112372323951E-003	1.072879600286372E-004	1.563331152249517E-002	1.072879600266797E-004	1.836240408612174E-004	3.501208684043790E-003	3.567198293191506E-003	3.335258692203514E-003
78 1.783912746967252E-003	3.716633517154965E-002	5.548261372976830E-004	3.716633517151622E-002	3.967299482527310E-003	2.491909043417101E-002	1.845997548540760E-003	2.446950187247940E-002	7.197332083046731E-004	1.083537864068184E-004	7.108264704465586E-003	1.083537864052634E-004	3.967299482526526E-003	2.446950187269121E-002	1.845997548523973E-003	2.491909043429590E-002
79 0.998574364000637	9.504361386949884E-004	5.876368621854906E-004	9.504361386731109E-004	2.628595732533903E-002	7.705174921781602E-004	1.977772314277850E-002	4.042642401259612E-004	4.049081211481197E-002	4.978081776807428E-004	5.889960356189446E-003	4.978081776866751E-004	2.628595732531883E-002	4.042642401266622E-004	1.977772314280475E-002	7.705174921790399E-004
80 3.468692561715434E-002	5.593509660283563E-003	1.622464092732897E-004	5.593509660148040E-003	5.760523570479387E-003	2.977900362708789E-004	3.170953804781073E-003	1.570929120663229E-003	2.734241287158881E-003	1.915587840787702E-004	4.091100726696986E-003	1.915587840786558E-004	5.760523570404001E-003	1.570929120654607E-003	3.170953804773661E-003	2.977900362794844E-004
81 5.646549241098672E-004	5.297488944653213E-003	9.610453510432845E-003	5.297488944649211E-003	2.842299159814564E-003	1.128402879596858E-002	1.152101520206663E-002	1.105262766594948E-002	8.490387743409613E-004	1.248360324270876E-002	1.053688771829071E-003	1.248360324270441E-002	2.842299159828429E-003	1.105262766598169E-002	1.152101520212265E-002	1.128402879592860E-002
82 7.364000422758110E-003	2.600162387986551E-003	3.651940584432248E-003	2.600162388016775E-003	6.041748481122093E-003	2.497777330028044E-004	4.852120348694918E-003	2.327788487579567E-004	1.643279000332735E-003	4.079924254309510E-003	4.935252539251793E-004	4.079924254287436E-003	6.041748481107592E-003	2.327788487581359E-004	4.852120348735367E-003	2.497777330025164E-004
83 9.295253950269398E-003	1.337652362285617E-003	7.908778320820260E-002	1.337652362285707E-003	3.832558284121238E-003	5.248654480488124E-003	4.139473214705191E-003	4.847124391519700E-003	2.749422188083870E-002	3.139154091350429E-004	3.266058625750707E-003	3.139154091350790E-004	3.832558284115861E-003	4.847124391547046E-003	4.139473214745460E-003	5.248654480488044E-003
84 2.568574298941936E-003	1.708817033107440E-003	1.953371472068099E-002	1.708817033111450E-003	9.100509396110515E-004	2.757785609931991E-003	1.080679032867315E-003	2.771917581991664E-003	2.263417961044661E-004	4.749704844628156E-004	3.839681256296010E-004	4.749704844623224E-004	9.100509396072451E-004	2.771917582044262E-003	1.080679032863650E-003	2.757785609855842E-003
85 1.867920090728707E-003	3.091175059380629E-002	6.233401308963868E-003	3.091175059384282E-002	6.722808971408137E-004	1.083691365551886E-003	1.375931295148702E-002	8.020704086797774E-004	9.916562988221150E-005	1.076722996008674E-003	3.171509884473112E-003	1.076722996002840E-003	6.722808971441505E-004	8.020704086819458E-004	1.375931295149596E-002	1.083691365543176E-003
86 1.527844527440605E-003	7.718724693924527E-003	2.278486119095276E-003	7.718724693955838E-003	4.305939802819644E-003	5.891808027105813E-003	5.778021416607694E-004	5.868470707396925E-004	5.301451154980798E-004	4.091314985487290E-004	4.435726544725566E-003	4.091314985297137E-004	4.305939802797551E-003	5.868470707407370E-004	5.778021416665330E-004	5.891808027092832E-003
87 1.277070822006444E-002	1.387033236188917E-003	1.267466587142724E-003	1.387033236185549E-003	6.063386706791297E-004	3.057107598407940E-002	2.808205890596454E-003	4.419675467188376E-002	4.972047164761324E-003	2.452397732389288E-002	1.158831796436669E-003	2.452397732400163E-002	6.063386706789075E-004	4.419675467190438E-002	2.808205890592130E-003	3.057107598407952E-002
88 8.781404444756549E-003	5.501607616197899E-004	4.320795165621707E-003	5.501607616114881E-004	8.104643811722281E-002	1.966317255268129E-002	8.104926680929044E-003	1.748107914369095E-002	3.623831787449325E-004	5.127825690320544E-003	1.396864100472654E-003	5.127825690290910E-003	8.104643811722029E-002	1.748107914366280E-002	8.104926681008925E-003	1.966317255268161E-002
89 4.734651782390597E-002	1.337670422616039E-004	5.715780032902771E-003	1.337670422661043E-004	2.116084863253823E-002	1.752449494076938E-002	6.037107704662029E-003	1.234746076164423E-002	4.154103910901076E-002	7.038093062994137E-002	6.535804379639063E-003	7.038093062990769E-002	2.116084863245919E-002	1.234746076162319E-002	6.037107704664374E-003	1.752449494070150E-002
90 1.047198135527419E-002	0.225528509293357	1.156026758167650E-002	0.225528509293312	8.191411268661903E-003	2.948966708234576E-003	7.787953662047916E-004	6.164270229588503E-003	7.779965092842245E-003	1.124685643169129E-003	1.198321564272031E-003	1.124685643164372E-003	8.191411268661686E-003	6.164270229601026E-003	7.787953662015565E-004	2.948966708223616E-003
91 6.856103707263544E-002	7.719198222312801E-003	0.754096873191886	7.719198222325636E-003	7.302058898059246E-003	2.269010583040250E-003	0.651931220827201	2.494592626923807E-003	1.986805969147831E-002	6.962799371461683E-003	5.229595247963566E-004	6.962799371462968E-003	7.302058898014536E-003	2.494592626925072E-003	0.651931220827650	2.269010583028764E-003
92 3.832623940677271E-003	0.301482887530187	7.439272785307601E-003	0.301482887530122	2.826323335211264E-002	0.474411140272541	0.139179113288639	0.479688327378877	1.670426811568683E-003	3.674834364483659E-003	4.368996309545262E-004	3.674834364488283E-003	2.826323335213874E-002	0.479688327378954	0.139179113288905	0.474411140272614
93 3.591877867313661E-003	0.384847026488863	8.230070125912335E-002	0.384847026487847	0.231691016489532	0.257427080989892	3.370220326152244E-003	0.245045821001594	0.167142129644366	0.686925369665890	0.839698168006077	0.686925369665610	0.231691016489637	0.245045821001941	3.370220326149571E-003	0.257427080989456
94 0.649115991700027	1.641004501487252E-002	1.551851862279765E-003	1.641004501511705E-002	0.275809249353033	0.102084763252253	0.144279808353713	0.121141075977505	2.777226629048503E-002	0.178800932012188	0.174332855515900	0.178800932011999	0.275809249353049	0.121141075977411	0.144279808353687	0.102084763252315
95 7.847639542081734E-003	1.962809728965822E-002	1.616817217641047E-002	1.962809728965718E-002	0.251139764062929	1.345725252975059E-002	5.930832848312105E-003	1.412848291170802E-002	0.638399007047499	1.830571790509262E-003	6.257266525263955E-004	1.830571790513536E-003	0.251139764063305	1.412848291169554E-002	5.930832848281667E-003	1.345725252964237E-002
96 0.124864395225603	1.069614752827990E-002	2.466274149843223E-003	1.069614752828480E-002	9.728991460035577E-002	9.036200039713806E-003	9.223290016597618E-004	8.329118432727512E-003	1.179802750683289E-002	3.233744217629534E-003	8.830554391595736E-004	3.233744217630532E-003	9.728991460031822E-002	8.329118432750662E-003	9.223290016651446E-004	9.036200039649682E-003
97 2.658968903884267E-002	4.500248754306742E-003	1.507662276752152E-003	4.500248754325600E-003	2.853967460321413E-003	8.352421910243880E-004	2.634751118907728E-003	6.908236758635304E-004	4.787017378748421E-003	6.376814121940305E-003	1.025141568449132E-003	6.376814121941059E-003	2.853967460319718E-003	6.908236758635150E-004	2.634751118961987E-003	8.352421910257318E-004
98 9.709015524061561E-004	3.596592425344068E-003	4.683916974683953E-002	3.596592425355754E-003	8.054631256567650E-003	3.817093484992436E-002	1.172517168579561E-002	1.503262134394194E-002	1.158613081390179E-002	4.384052083669914E-002	1.441439692012564E-002	4.384052083673623E-002	8.054631256620464E-003	1.503262134395202E-002	1.172517168584195E-002	3.817093484994510E-002
99 9.727675440279680E-002	2.235040920699382E-003	2.025012439103068E-002	2.235040920730154E-003	2.109136838379547E-003	3.824481015523012E-003	2.090047280604708E-003	1.136316404030247E-002	1.635657871672459E-003	2.186813375081530E-002	2.476009087123781E-002	2.186813375090942E-002	2.109136838378223E-003	1.136316404026194E-002	2.090047280654389E-003	3.824481015526538E-003
100 1.416773316319765E-002	1.442035109820280E-002	1.676240282110304E-003	1.442035109821408E-002	4.506210474764443E-003	1.054476342122286E-002	3.088512472479860E-003	1.994731984566763E-002	2.927523682043692E-003	1.600323719841032E-002	5.719787908166248E-003	1.600323719857466E-002	4.506210474752345E-003	1.994731984571825E-002	3.088512472473496E-003	1.054476342093166E-002
101 1.010643252677359E-002	1.030245840869383E-003	1.179662659701990E-003	1.030245840870185E-003	1.308539229499363E-003	4.548481080015222E-002	2.414755777099114E-003	2.831629191592923E-002	3.744327083068895E-003	3.832349752421139E-003	2.300665187387820E-003	3.832349752462617E-003	1.308539229496904E-003	2.831629191585750E-002	2.414755777091733E-003	4.548481080007668E-002
102 5.514200658194566E-003	1.082143326178031E-003	0.103228627859339	1.082143326141805E-003	1.152962537634637E-002	2.824516476778455E-003	7.887438413688516E-002	6.429039912800434E-003	1.645504338939491E-003	5.867335158210721E-003	4.897072121282688E-003	5.867335158192356E-003	1.152962537634153E-002	6.429039912789821E-003	7.887438413688722E-002	2.824516476795725E-003
103 1.076355622507981E-003	9.143438707777289E-002	2.325604889124738E-002	9.143438707766083E-002	3.041389427380572E-003	2.474357570292371E-002	5.606624974563975E-004	2.297949013790140E-002	1.546206220050595E-002	5.196954594193464E-003	4.388403316817080E-003	5.196954594125955E-003	3.041389427404407E-003	2.297949013792286E-002	5.606624974555724E-004	2.474357570292508E-002
104 5.902125737910462E-004	3.264858594478290E-003	7.492161270483704E-004	3.264858594467043E-003	3.952871436435600E-002	5.119789913313195E-002	1.808448565975451E-002	5.822056923836948E-002	2.456660147689685E-002	5.727943721465669E-003	2.168291148686533E-003	5.727943721501793E-003	3.952871436426078E-002	5.822056923850113E-002	1.808448565977189E-002	5.119789913319289E-002
105 2.514883800967046E-003	1.987229589078473E-003	5.559201588514962E-004	1.987229589120769E-003	2.391200483239067E-003	7.203319105912715E-003	1.222128507519404E-002	7.689152982202446E-003	1.752067723238883E-002	3.599150378152846E-003	1.914582899534974E-003	3.599150378162331E-003	2.391200483239349E-003	7.689152982277989E-003	1.222128507520055E-002	7.203319105903547E-003
106 1.231559154225333E-002	1.140393802141881E-002	2.077335562877669E-003	1.140393802142643E-002	1.040960742451119E-002	1.964122444856535E-003	7.200408262091830E-003	4.161465930944742E-003	8.508891646953955E-003	1.762558274868470E-003	6.628913420671931E-002	1.762558274889808E-003	1.040960742450053E-002	4.161465930915113E-003	7.200408262122958E-003	1.964122444880361E-003
107 3.589533735005613E-002	6.783255227004602E-003	3.461645880624636E-003	6.783255227016733E-003	3.374637146494844E-002	1.829382903909296E-002	2.513756632371144E-002	2.024673163623938E-002	1.043203624619257E-003	1.397014835170532E-003	2.051114464779768E-002	1.397014835166157E-003	3.374637146474172E-002	2.024673163618041E-002	2.513756632369643E-002	1.829382903907939E-002
108 6.051932329155066E-004	5.421660605380707E-003	2.503457326442500E-003	5.421660605544544E-003	2.511432520331920E-003	1.405876969465487E-002	7.701672238927533E-003	6.424179248190283E-003	1.491639732356924E-003	4.166191109166283E-003	1.050120799563112E-002	4.166191109170454E-003	2.511432520332193E-003	6.424179248174931E-003	7.701672238927345E-003	1.405876969447085E-002
109 3.352703924491372E-004	4.852338227671999E-003	5.906843874597408E-003	4.852338227669599E-003	6.600052364716491E-003	3.394985330736461E-003	2.534055886194811E-002	4.585527279766907E-003	5.933481621567997E-003	8.105556466391752E-004	1.006261665116275E-002	8.105556466486980E-004	6.600052364743120E-003	4.585527279765331E-003	2.534055886206418E-002	3.394985330733540E-003
110 1.798174562950485E-002	5.441615128980217E-003	7.181034843558263E-003	5.441615128992601E-003	1.927427035003051E-002	7.583479406009552E-003	1.926539374362411E-003	1.059594809441586E-002	1.615750512220497E-003	7.633430522903760E-002	5.835703838064775E-003	7.633430522890468E-002	1.927427035000595E-002	1.059594809443084E-002	1.926539374375443E-003	7.583479405921347E-003
111 1.912217542746880E-003	9.083817283400939E-003	1.644390019195579E-003	9.083817283387322E-003	5.290375214139944E-003	2.694344294601224E-003	1.689945732518459E-002	2.772449766626158E-003	3.317773933855215E-003	6.888620933072956E-003	5.440253523474613E-003	6.888620932999624E-003	5.290375214146221E-003	2.772449766618936E-003	1.689945732526064E-002	2.694344294551584E-003
112 1.408321624188076E-002	1.660910045067291E-002	1.244543731991973E-003	1.660910045062588E-002	8.864155756309167E-003	1.616913514554520E-002	2.318371416427821E-002	1.297557589812283E-002	0.102557853148481	1.612945914232834E-002	3.295441103766933E-003	1.612945914209111E-002	8.864155756319455E-003	1.297557589806627E-002	2.318371416426339E-002	1.616913514572127E-002
113 2.611534175491284E-002	4.717228404830041E-003	3.899056784227508E-004	4.717228404826167E-003	1.427640106439907E-002	6.943185630795793E-003	1.364271356999503E-002	4.598485119176713E-003	2.508434474554371E-002	6.976579062902770E-003	2.769059084012272E-003	6.976579062929463E-003	1.427640106439746E-002	4.598485119189072E-003	1.364271357001182E-002	6.943185630777588E-003
114 1.783114589265320E-002	1.645482995163175E-003	2.464293910126683E-003	1.645482995154713E-003	1.199694051958927E-002	1.149838825537536E-002	1.496472985356264E-002	4.119912776417537E-002	1.997386003229799E-002	4.231295268268136E-003	2.782688131153538E-003	4.231295268268654E-003	1.199694051953900E-002	4.119912776419467E-002	1.496472985359590E-002	1.149838825535574E-002
115 2.187875693898455E-002	7.065512760838712E-002	1.987766281245796E-003	7.065512760838935E-002	1.299626033890666E-002	2.730518897151101E-002	2.496895285090632E-003	4.278291531287405E-003	5.995396780004981E-003	1.393030966591688E-003	2.006586669345476E-003	1.393030966589209E-003	1.299626033879797E-002	4.278291531323506E-003	2.496895285099795E-003	2.730518897147324E-002
116 3.328084661169124E-003	1.231723279916388E-002	7.883330637013989E-003	1.231723279909914E-002	4.046440711387239E-002	8.176990387614973E-003	7.244753965632949E-003	6.213347386409235E-003	1.844044480044964E-003	2.579952421567788E-003	1.816984564744460E-003	2.579952421510518E-003	4.046440711359237E-002	6.213347386391560E-003	7.244753965753779E-003	8.176990387482557E-003
117 1.420238283179194E-003	8.563251510366059E-003	1.184039677479388E-002	8.563251510228185E-003	7.702688495446011E-003	1.227194722646168E-002	1.000997345549698E-002	4.896082462068645E-003	3.524647169133738E-002	2.062460498393447E-002	1.245254873744416E-002	2.062460498385386E-002	7.702688495458537E-003	4.896082462080882E-003	1.000997345552926E-002	1.227194722651237E-002
118 7.757776729773125E-004	5.162316780478580E-003	9.039147835215216E-003	5.162316780487590E-003	5.089069184267675E-003	6.982832674076433E-003	1.683931770251701E-003	2.035836503356355E-002	3.095077902486086E-002	1.066667821286301E-002	1.895101101277486E-003	1.066667821286628E-002	5.089069184198597E-003	2.035836503337322E-002	1.683931770298721E-003	6.982832674055246E-003
119 9.405983207380886E-003	2.075138429519912E-003	7.631650092000638E-003	2.075138429505221E-003	3.313381785715690E-003	5.306424345383016E-003	1.201816346458440E-003	4.335958591186213E-003	2.835030446621069E-003	9.395711328821443E-003	1.501357538175746E-002	9.395711328790329E-003	3.313381785769249E-003	4.335958591155676E-003	1.201816346432101E-003	5.306424345398768E-003
120 4.283661963096402E-002	3.780759431615516E-002	9.313729116544703E-002	3.780759431616984E-002	1.772192604705900E-002	2.417160735462785E-002	4.881082280778291E-003	2.527474730852974E-002	1.546055637438853E-002	2.148259497031731E-003	2.367829310196268E-002	2.148259497033581E-003	1.772192604702066E-002	2.527474730857058E-002	4.881082280766805E-003	2.417160735463877E-002
121 2.653292476612702E-002	5.461478195002862E-003	1.463095967085923E-002	5.461478195014590E-003	9.966359275204955E-003	7.876547099317887E-003	2.275255582472525E-002	5.495061424376694E-003	1.742970940369815E-003	1.541039511460354E-003	1.920927687614245E-002	1.541039511459805E-003	9.966359275240587E-003	5.495061424404104E-003	2.275255582468692E-002	7.876547099339732E-003
122 1.482043641715433E-002	2.468019658910969E-002	1.708983779414563E-002	2.468019658907099E-002	3.920539656413302E-002	3.192077283106620E-002	1.479432891029667E-002	2.800826921741853E-002	9.643537839016341E-004	6.323701339247401E-002	1.067741293692673E-002	6.323701339224753E-002	3.920539656419796E-002	2.800826921739749E-002	1.479432891016534E-002	3.192077283102641E-002
123 7.624206004726483E-003	1.724378158693013E-002	1.261431299496288E-002	1.724378158692929E-002	4.701173082360004E-002	1.010036437617799E-002	1.504883756927993E-002	7.873061212349250E-003	3.646838554528301E-002	3.688321454080300E-002	5.195281416135370E-003	3.688321454083154E-002	4.701173082358182E-002	7.873061212368370E-003	1.504883756911158E-002	1.010036437608913E-002
124 1.532673738331149E-002	2.217472742817253E-002	3.008990126520090E-003	2.217472742820917E-002	1.941006403364818E-002	9.000800963881974E-003	7.666935920868190E-003	1.439690209413495E-002	1.307772830033076E-002	4.925597891367083E-002	4.652003200999533E-003	4.925597891366690E-002	1.941006403363098E-002	1.439690209411133E-002	7.666935920937141E-003	9.000800963788651E-003
125 2.777500559181874E-002	2.477181272776975E-002	1.766674264495780E-002	2.477181272778906E-002	9.120790595055450E-003	2.281935293632764E-002	1.049527813522736E-002	1.122273123773569E-002	1.361477254717208E-002	3.610657652072505E-003	4.255089950946789E-003	3.610657652069427E-003	9.120790595084229E-003	1.122273123775308E-002	1.049527813514916E-002	2.281935293633158E-002
126 3.317836401893727E-003	9.674014752851691E-003	1.454800070904417E-002	9.674014752832052E-003	2.510644283339009E-002	2.952493013605450E-002	6.843818288469801E-003	3.244815658146095E-002	8.229670148204889E-003	3.086356029255300E-003	1.593026945268310E-002	3.086356029247204E-003	2.510644283355974E-002	3.244815658149022E-002	6.843818288484865E-003	2.952493013599641E-002
127 5.402466452587868E-003	3.796978304961107E-003	7.229003950088179E-003	3.796978304952784E-003	9.349744862262232E-003	3.891806916575575E-002	4.802935428581055E-003	2.605410612255388E-002	5.225659813495912E-003	5.123312080670192E-003	3.426410550204322E-003	5.123312080701774E-003	9.349744862177989E-003	2.605410612260604E-002	4.802935428507096E-003	3.891806916579182E-002
128 2.053926141925446E-002	7.762470655563601E-003	4.600548858604217E-003	7.762470655587541E-003	1.482031650699443E-002	2.023899628165651E-002	3.296799955406496E-002	1.237667714479525E-002	5.497575226494875E-002	6.934868615686456E-002	1.347539980450515E-003	6.934868615687086E-002	1.482031650692749E-002	1.237667714474502E-002	3.296799955400859E-002	2.023899628172291E-002
129 1.140860509925588E-002	2.379078530963103E-002	7.720409318901608E-003	2.379078530961056E-002	1.433838280477183E-002	3.819394631110670E-002	7.032780979062520E-003	5.862895401266546E-002	8.493902437156697E-003	2.668604097847121E-002	2.598291553860834E-002	2.668604097848449E-002	1.433838280475547E-002	5.862895401307593E-002	7.032780979143963E-003	3.819394631108278E-002
130 4.106234346705183E-003	9.364504667734072E-003	3.704496940129830E-003	9.364504667735463E-003	3.369071382573059E-002	5.690452385497666E-003	1.862866314461665E-002	4.642879166915566E-003	3.726109865310194E-003	4.689861185028610E-002	6.373619112240880E-002	4.689861185061625E-002	3.369071382578026E-002	4.642879166973512E-003	1.862866314454176E-002	5.690452385542804E-003
131 6.190746124168207E-003	1.292185585033553E-002	1.909624294365436E-002	1.292185585032016E-002	2.931120478384945E-002	7.483286134564832E-003	4.024688857104841E-003	7.895669689301971E-003	2.797510036451845E-002	1.098290875909694E-002	4.392852165777142E-003	1.098290875907857E-002	2.931120478382570E-002	7.895669689385276E-003	4.024688857160333E-003	7.483286134569259E-003
132 5.313090641750165E-002	2.342694120357595E-002	1.230172444889086E-002	2.342694120355319E-002	1.443781980844579E-002	4.570027567759791E-003	8.907863640189138E-003	7.697131569606644E-003	2.106386831594219E-002	6.086415023648114E-003	3.243870570549743E-003	6.086415023616005E-003	1.443781980844257E-002	7.697131569595304E-003	8.907863640218620E-003	4.570027567749217E-003
133 3.823712572598718E-002	2.201547072676641E-002	5.336296497918228E-002	2.201547072681095E-002	1.853194651009222E-002	4.446903127766328E-003	1.283513365435791E-002	4.813953116512936E-003	2.151977219061561E-002	2.318289089389053E-002	1.857552213565700E-003	2.318289089388189E-002	1.853194651002117E-002	4.813953116520287E-003	1.283513365428275E-002	4.446903127783210E-003
134 2.508349329499273E-002	4.412246456405117E-002	1.682411802466992E-002	4.412246456402223E-002	2.102491349458630E-002	3.135231413550315E-003	0.121424695466321	3.150785459465028E-003	2.103102186013947E-002	7.241748876412195E-003	0.124930044303120	7.241748876430569E-003	2.102491349454283E-002	3.150785459460222E-003	0.121424695466144	3.135231413581234E-003
135 7.791053874561585E-002	9.345344224812032E-003	6.811766608289575E-003	9.345344224845471E-003	1.477586282774803E-002	7.460716616203444E-002	8.751152093200170E-003	8.965588429014631E-002	1.575675778529194E-002	1.240981583424001E-002	1.923618615132408E-002	1.240981583426255E-002	1.477586282770881E-002	8.965588429042702E-002	8.751152093248320E-003	7.460716616192517E-002
136 2.538363447941758E-003	1.063787150306983E-002	8.409017267770318E-003	1.063787150305188E-002	3.443771498109213E-002	1.862235510392711E-002	3.686268977371889E-003	6.267612895496337E-003	9.521775142149780E-002	1.766959029741784E-002	4.097496599389149E-003	1.766959029740671E-002	3.443771498097657E-002	6.267612895528950E-003	3.686268977397160E-003	1.862235510394118E-002
137 7.126687491134097E-003	9.203833125998749E-003	1.451673696218623E-002	9.203833125986419E-003	7.753056493105624E-003	1.521013899915345E-002	1.189869797514350E-002	1.892087177127199E-002	2.253377485195990E-002	6.645954342176396E-003	2.973453143871750E-003	6.645954342167752E-003	7.753056493033835E-003	1.892087177122927E-002	1.189869797514164E-002	1.521013899918931E-002
138 7.364507202019549E-003	1.526791563048668E-002	5.600815262770909E-003	1.526791563058529E-002	8.587508710948465E-002	2.720280648059024E-002	5.947630834918354E-003	2.820576793272267E-002	5.958876554053282E-002	4.519160107841307E-003	6.610695923826538E-003	4.519160107870280E-003	8.587508710963705E-002	2.820576793270527E-002	5.947630834786844E-003	2.720280648056811E-002
139 2.142802855809496E-002	4.876638834480203E-002	1.580440464075962E-002	4.876638834488268E-002	9.806549653856038E-003	5.482594263923939E-003	5.816675035410215E-003	7.144670985068979E-003	0.798046546172950	3.256903943925258E-002	1.962386733068798E-002	3.256903943930155E-002	9.806549653775334E-003	7.144670985094349E-003	5.816675035413657E-003	5.482594263869485E-003
140 5.872898542482899E-002	3.553658717257658E-003	7.081418298036389E-003	3.553658717290278E-003	2.016179437470133E-002	2.063289871697113E-002	3.220356409686908E-003	1.657369528890844E-002	0.178743113112165	1.987896314333804E-002	1.396456348487907E-002	1.987896314335671E-002	2.016179437459482E-002	1.657369528880793E-002	3.220356409701225E-003	2.063289871697118E-002
141 2.769800823199956E-002	3.840839106753435E-003	8.103804244823390E-003	3.840839106762185E-003	6.429074310322312E-003	1.728873966574309E-002	3.459714947630043E-002	2.014636785949000E-002	5.463292294521264E-002	1.150064169138328E-002	2.067101719221393E-003	1.150064169141474E-002	6.429074310321138E-003	2.014636785948685E-002	3.459714947627494E-002	1.728873966567088E-002
142 1.969814952232733E-002	2.895305317772836E-003	0.124944486252422	2.895305317786676E-003	8.393838984288018E-003	0.121044010832584	6.767636692775528E-002	0.153758988643113	4.440175076930201E-002	9.821775886284691E-003	1.316054286953024E-003	9.821775886323535E-003	8.393838984267647E-003	0.153758988643050	6.767636692835655E-002	0.121044010832401
143 0.402564406807490	2.470542913676732E-002	2.668593070390039E-002	2.470542913674055E-002	1.210447902936074E-002	0.200155959265029	9.543795860423688E-003	0.136816226727802	5.931722054340492E-002	1.018274835544036E-002	0.160098425072961	1.018274835535167E-002	1.210447902937700E-002	0.136816226727770	9.543795860431931E-003	0.200155959264988
144 0.199508545892610	7.648830132073238E-002	5.508722312929093E-003	7.648830132080035E-002	0.168071995758042	0.672878545751539	8.944850670917590E-003	0.690518970685575	0.314876772383781	4.254092835110053E-003	0.194462551368740	4.254092835087145E-003	0.168071995757928	0.690518970685150	8.944850670955561E-003	0.672878545751605
145 0.345871446989946	6.256696909165230E-002	1.001498942317418E-002	6.256696909172189E-002	0.731074754398417	8.850763352907697E-003	6.311820558506977E-003	1.363208367859972E-002	6.191509943004884E-002	4.375856358809729E-003	0.704754887887371	4.375856358816398E-003	0.731074754397987	1.363208367859496E-002	6.311820558476985E-003	8.850763352921879E-003
146 2.434796851850982E-003	4.491030269063182E-002	4.549863985443422E-003	4.491030269058671E-002	3.636409792340053E-002	1.716055090840321E-002	9.896520901958297E-003	1.990991670475321E-002	7.398917738697329E-003	1.780290469585489E-002	3.832766901320101E-003	1.780290469585739E-002	3.636409792337829E-002	1.990991670470156E-002	9.896520901961700E-003	1.716055090845538E-002
147 1.380026562547927E-002	0.784729519936395	0.615195594012696	0.784729519936756	8.670599714269990E-002	2.681479940517857E-002	0.875283438599896	3.633183561378869E-002	8.381560532832556E-003	0.892335733627820	1.050590315675809E-002	0.892335733627530	8.670599714269717E-002	3.633183561383405E-002	0.875283438599584	2.681479940520444E-002
148 0.118231153411140	8.446589228692915E-002	0.331812949213348	8.446589228695608E-002	4.386033750431746E-002	1.554169290682143E-002	3.207465078335700E-002	5.180537572450277E-002	9.639950650571789E-003	6.560377432376679E-002	4.291494298190292E-002	6.560377432382027E-002	4.386033750438781E-002	5.180537572457274E-002	3.207465078370204E-002	1.554169290683528E-002
149 5.053353504368976E-002	2.235454707645438E-002	1.148721907134550E-002	2.235454707646164E-002	0.250647923774140	2.828999810561694E-002	2.229121158181846E-002	1.262847904856823E-002	0.537711560220319	1.920988247249168E-002	2.831703438201011E-002	1.920988247262268E-002	0.250647923774410	1.262847904852671E-002	2.229121158146882E-002	2.828999810560969E-002
150 2.976892480413122E-002	1.216282238286354E-002	5.090845538446801E-003	1.216282238288536E-002	2.032980584111472E-002	5.973377811736023E-002	9.476862415421966E-002	2.314928627693587E-002	1.273098011076866E-002	4.043075843825147E-002	5.957107959552397E-002	4.043075843852472E-002	2.032980584113617E-002	2.314928627693678E-002	9.476862415434679E-002	5.973377811755029E-002
151 2.465091167258631E-002	3.572746990137647E-002	2.424122207887324E-003	3.572746990133471E-002	0.461981256764376	4.457090695169498E-002	8.203752133964101E-002	3.334834745012005E-002	6.100841398697756E-002	5.614900648765209E-002	7.891362180888915E-002	5.614900648764247E-002	0.461981256764878	3.334834745004643E-002	8.203752133946261E-002	4.457090695157630E-002
152 3.519302721597640E-002	4.728631295291413E-002	0.131537460443467	4.728631295297198E-002	0.362972885316805	2.384919402756769E-002	3.053018042533691E-002	2.260128158901644E-002	2.435640144585129E-002	7.096137859418698E-002	2.257136221548643E-002	7.096137859422193E-002	0.362972885317019	2.260128158906191E-002	3.053018042534493E-002	2.384919402760350E-002
153 2.503808467760730E-002	0.133959637456176	0.616318943532584	0.133959637456043	0.102293550559717	0.153258108224640	0.218808149300245	0.149261891073211	0.367937486301721	2.084384865764128E-002	2.090561093743848E-002	2.084384865773698E-002	0.102293550559694	0.149261891073234	0.218808149300256	0.153258108224644
154 2.946774232078805E-002	5.403024400964200E-003	6.920364197354309E-002	5.403024400969720E-003	3.295024321757432E-002	6.185896495204703E-002	0.291767512445496	0.107335793417168	0.152143430685370	0.299052395890732	9.117361568342741E-002	0.299052395891009	3.295024321746526E-002	0.107335793417190	0.291767512445449	6.185896495212803E-002
155 0.212425493208420	0.167846625095369	9.920536936377815E-002	0.167846625095283	9.576053421758701E-002	5.786091225360212E-002	0.143333934746483	6.429440750691151E-002	0.260569788449862	0.465264201964990	3.402303498681736E-002	0.465264201965601	9.576053421760790E-002	6.429440750691141E-002	0.143333934746532	5.786091225357751E-002
156 0.719636795396542	1.186505389478617E-002	0.162664292276715	1.186505389479350E-002	0.235057611634155	0.369433136513210	3.991944775150806E-002	0.430772280432304	0.103632297723583	0.348202303851023	4.610444791037280E-002	0.348202303851135	0.235057611634689	0.430772280432227	3.991944775136537E-002	0.369433136513455
157 4.572726124268845E-002	2.062138983345897E-002	4.388627078156446E-002	2.062138983347275E-002	0.314617302720014	0.322571873841913	8.808612870354628E-002	0.203085479037319	0.239954465869142	0.329361988445720	2.505800423123816E-002	0.329361988445617	0.314617302719972	0.203085479037118	8.808612870374395E-002	0.322571873842245
158 5.613408060200584E-002	0.427555268579214	4.788486012343902E-002	0.427555268579085	2.484440654596206E-002	5.591679664273223E-002	0.176731555088166	0.128717004984794	3.508012632686542E-002	0.248416567893472	0.552663069410830	0.248416567893423	2.484440654593966E-002	0.128717004984878	0.176731555088776	5.591679664276612E-002
159 0.278368276791749	0.456456725898088	3.573546294936304E-002	0.456456725898177	4.887366833582322E-002	0.164964295281688	0.111781327338199	6.645694531632537E-002	3.717373869967889E-002	0.509824422698049	2.476590507787777E-002	0.509824422698223	4.887366833582494E-002	6.645694531629788E-002	0.111781327338095	0.164964295281750
160 0.241648773549059	0.224886043657824	2.285362765574299E-002	0.224886043657783	0.159674173010441	0.205519376177802	0.258315407683941	0.174736254571864	1.588019987576450E-002	7.651187174895531E-002	3.222372858374749E-002	7.651187174908376E-002	0.159674173010392	0.174736254571925	0.258315407683823	0.205519376177771
161 2.991420202865705E-002	0.514032074536304	2.334322256184858E-002	0.514032074536464	0.182663809116213	0.262905810825217	3.378986925351439E-002	0.264805531969122	1.819625691383729E-002	1.423159674056720E-002	0.121359905972713	1.423159674055272E-002	0.182663809116226	0.264805531969255	3.378986925352615E-002	0.262905810825481
162 3.855645526890898E-002	1.746403525642800E-002	1.759957722738096E-002	1.746403525645380E-002	2.653823126020897E-002	0.315013012350251	6.211654045367581E-002	0.418826933817481	1.304015188312783E-002	2.253594915245628E-002	0.194442998934721	2.253594915239858E-002	2.653823126018469E-002	0.418826933817405	6.211654045368391E-002	0.315013012350385
163 7.695654802235063E-002	4.674723318997711E-002	0.156688242806065	4.674723318996946E-002	7.359420006617902E-002	0.182317479147269	2.999807630947061E-002	0.166997059177112	6.507626375709610E-002	2.761895690832336E-002	0.164964846337170	2.761895690831066E-002	7.359420006623626E-002	0.166997059177150	2.999807630944611E-002	0.182317479147341
164 0.231889941364040	5.602895484800682E-002	0.136560908746900	5.602895484795459E-002	0.592054116761298	9.818378664941174E-002	0.118254641471597	9.311906536096386E-002	9.399483754578873E-003	0.131351828862135	6.223558736032547E-002	0.131351828862036	0.592054116761487	9.311906536062377E-002	0.118254641471769	9.818378664989499E-002
165 0.316771186900995	8.280927772251605E-002	0.819160040681983	8.280927772248424E-002	6.335632701778232E-002	4.921430621845623E-002	0.704159057017021	7.406150634919360E-002	6.564921402160939E-003	9.652355759422571E-002	2.402289535892366E-002	9.652355759402496E-002	6.335632701787806E-002	7.406150634936967E-002	0.704159057016334	4.921430621844873E-002
166 7.664843189171719E-002	6.135320982234133E-002	3.258011770250211E-002	6.135320982225497E-002	4.265488862531384E-002	9.432702354299480E-002	0.181027504304725	2.456946139108872E-002	8.112622422907183E-002	0.511119445024818	8.997050744315185E-002	0.511119445024556	4.265488862513631E-002	2.456946139111579E-002	0.181027504305135	9.432702354292281E-002
167 0.464498163748768	0.214219851961093	6.426891102851837E-002	0.214219851961957	0.211350167909720	7.494481019718002E-002	0.163228141048802	2.573489237293453E-002	1.566740382332182E-002	6.413850409925102E-002	4.913936771868346E-002	6.413850409898364E-002	0.211350167909831	2.573489237299493E-002	0.163228141048919	7.494481019709098E-002
168 0.352699561290024	5.535540636359737E-002	4.784923983860615E-002	5.535540636355587E-002	3.867136968116920E-002	3.448804952979227E-002	0.297654502079630	9.848433399092729E-002	0.666580153701114	2.243994514562291E-002	0.952139932226005	2.243994514566131E-002	3.867136968120708E-002	9.848433399089178E-002	0.297654502079695	3.448804952971166E-002
169 4.322280157913064E-002	0.216218090975580	7.044624149091619E-002	0.216218090975560	3.640831003488004E-002	7.725030901328002E-002	0.395219928623808	9.942016839173305E-002	5.237562137815624E-002	1.671575216985992E-002	0.604242173040231	1.671575216981401E-002	3.640831003490198E-002	9.942016839169106E-002	0.395219928615166	7.725030901333965E-002
170 1.397607711952949E-002	3.933829265778497E-002	0.777674276378748	3.933829265780521E-002	2.723500043593116E-002	4.432237172006630E-002	0.156394718066109	5.578929913832312E-002	8.255856220899749E-002	4.824285145536085E-002	0.396782905803820	4.824285145534539E-002	2.723500043580088E-002	5.578929913824525E-002	0.156394718075114	4.432237172002883E-002
171 8.061635741771244E-003	0.136858170524123	7.429203029387983E-002	0.136858170524129	7.030694627396129E-002	0.184763350674123	2.679021181081642E-002	0.154033033233005	3.909218054874989E-002	1.660810653275371E-002	5.529683883419995E-002	1.660810653265621E-002	7.030694627399298E-002	0.154033033233018	2.679021181084828E-002	0.184763350674008
172 2.538318692577030E-002	7.236570740955724E-002	6.257653711002951E-002	7.236570740964363E-002	6.844460296495601E-002	0.411757053722001	8.683509556709915E-002	0.389304030821854	4.343463097328144E-002	0.218136246120838	4.716049769288264E-002	0.218136246120918	6.844460296466998E-002	0.389304030821753	8.683509556712680E-002	0.411757053722062
173 1.651569030736260E-002	0.215596760965904	0.105720350304340	0.215596760965969	5.952393353469352E-002	0.157285803593847	2.975428047379955E-002	0.241320436860231	0.105625101827801	2.331312574374801E-002	2.053019459725248E-002	2.331312574361461E-002	5.952393353454878E-002	0.241320436860287	2.975428047397561E-002	0.157285803593865
174 0.161399390240443	0.203156200473935	0.111046456559867	0.203156200473846	4.479376894459860E-002	5.685057578950269E-002	2.478576385443707E-002	2.625478049266660E-002	4.563801418627696E-002	7.090545456422603E-002	1.312548976469886E-002	7.090545456425337E-002	4.479376894461830E-002	2.625478049265913E-002	2.478576385435940E-002	5.685057578953803E-002
175 0.143105255662896	9.400178905584690E-002	0.321983343885874	9.400178905590455E-002	3.690508913699152E-002	6.754570916275200E-002	2.118964362759851E-002	4.110037094831653E-002	2.106230622203018E-002	0.215236484694347	1.866855721522761E-002	0.215236484694406	3.690508913706391E-002	4.110037094806007E-002	2.118964362767853E-002	6.754570916268494E-002
176 7.076393322529193E-002	0.100844786639990	0.352846539400472	0.100844786640007	2.291138382235400E-002	0.146602106645422	1.644024962873128E-002	0.317423616759511	1.648222153398413E-002	0.380787350494921	5.274046405208648E-002	0.380787350495360	2.291138382233865E-002	0.317423616758939	1.644024962875951E-002	0.146602106645474
177 4.972896051893142E-002	0.392593391242925	0.176628983527027	0.392593391243021	0.528839580347745	8.466372318688031E-002	1.637805067279966E-002	0.106890088430304	0.172659608285780	0.388284335522884	1.556825837614800E-002	0.388284335522691	0.528839580347526	0.106890088430271	1.637805067289096E-002	8.466372318687812E-002
178 2.411304761450652E-002	0.333573796261514	8.213225481395532E-002	0.333573796261629	8.485338445414105E-002	0.420993623212214	1.986543326529600E-002	0.249588338418005	0.752209571188296	0.371974504608130	6.409880833368654E-002	0.371974504608465	8.485338445408107E-002	0.249588338418031	1.986543326532108E-002	0.420993623212232
179 4.786109729883538E-002	0.252044104812524	2.314241359728997E-002	0.252044104812276	0.148993546979171	8.303240108432926E-002	2.993843497447666E-002	4.896749273551400E-002	0.464456413640818	7.195172338162746E-002	2.055900986340354E-002	7.195172338160742E-002	0.148993546979188	4.896749273534298E-002	2.993843497428801E-002	8.303240108428110E-002
180 3.504753991712163E-002	0.195624870484224	2.004984773808383E-002	0.195624870483641	2.045266069720185E-002	7.643012855706456E-002	5.107212511143520E-002	0.191475670128843	0.158944971015408	4.218175458281976E-002	1.265209388226644E-002	4.218175458291554E-002	2.045266069722291E-002	0.191475670128906	5.107212511123407E-002	7.643012855707525E-002
181 3.545988444231021E-002	0.165338139047460	0.106403116670563	0.165338139047368	7.620171900826009E-002	0.108613422589112	3.858035878500963E-002	0.109218217400961	0.371914215032005	5.697297976967845E-002	1.543093912561386E-002	5.697297976952324E-002	7.620171900828571E-002	0.109218217400903	3.858035878508238E-002	0.108613422589165
182 4.958752265600905E-002	0.270807855233799	9.922086124987632E-002	0.270807855233910	7.467110967836486E-002	0.696408429489637	4.238261284428693E-002	0.412126123305034	0.227609919168046	0.214373276076735	9.783832193759906E-002	0.214373276076772	7.467110967838790E-002	0.412126123304930	4.238261284428721E-002	0.696408429490019
183 0.239792469758234	8.354146466071030E-002	0.379721109759832	8.354146466064315E-002	3.799477371451173E-002	0.173356605631522	0.645444935208790	0.360178125427752	0.347706234037642	5.160536824422249E-002	0.161167810397873	5.160536824419242E-002	3.799477371447838E-002	0.360178125427829	0.645444935208687	0.173356605631443
184 0.145220970478530	0.333850894042141	7.742804874654699E-002	0.333850894042244	0.246994674527979	5.517053814577008E-002	0.466246468428634	6.842557568138008E-002	1.559560036654982E-002	6.478745649015206E-002	0.610798564152535	6.478745649019652E-002	0.246994674528167	6.842557568150924E-002	0.466246468428452	5.517053814558478E-002
185 4.588504081210781E-002	0.209705502630860	3.291193913274170E-002	0.209705502630886	8.172485050543728E-002	0.372218296056316	9.057828587977848E-002	0.431580277016338	3.339360240131674E-002	3.761152427705283E-002	0.207220468116601	3.761152427728830E-002	8.172485050535380E-002	0.431580277016413	9.057828587968525E-002	0.372218296056343
186 0.512120580794233	0.332720517155388	0.101609168747205	0.332720517155321	0.335470660528241	0.188516750581977	0.159582783827934	0.177135073806471	0.404690282158840	8.994553552640885E-002	0.434427945590911	8.994553552629875E-002	0.335470660528423	0.177135073806464	0.159582783827825	0.188516750581965
187 0.902978122495392	0.148639628130740	2.688242719948687E-002	0.148639628130805	0.550324271914139	0.374271202944781	0.328544208751054	0.370491358892878	0.156526336423941	0.594049898753960	0.597481832002798	0.594049898754446	0.550324271914230	0.370491358892929	0.328544208750976	0.374271202944785
188 0.650932234822420	0.453422014437512	7.026734639659796E-002	0.453422014437481	0.597042546073765	0.347265466486300	0.584751963983683	0.186998701086294	1.902723466908549E-002	0.226279125816119	0.152023465189319	0.226279125816002	0.597042546073613	0.186998701086404	0.584751963983745	0.347265466486079
189 0.434671521777467	0.106378756309756	3.396703627691341E-002	0.106378756309497	0.412826777894080	0.236579045619431	0.472628613746155	0.470805515122046	2.540966492473337E-002	0.341179443662994	0.226395858433340	0.341179443662473	0.412826777894240	0.470805515121965	0.472628613745845	0.236579045619522
190 0.252175087522843	0.260055921601861	0.471397175623632	0.260055921601750	0.164054272835755	0.474391620151070	0.544683459283491	0.321975883693712	0.285924564855628	1.726043413249915E-002	0.519769033051056	1.726043413237669E-002	0.164054272835909	0.321975883693593	0.544683459283264	0.474391620151080
191 3.481324466418280E-002	0.230340398161479	0.482702083595447	0.230340398161500	0.418746021795383	0.477767516271120	0.424903079647251	0.460435277808184	0.749923479432758	0.370176323456633	0.190047857315317	0.370176323456989	0.418746021795183	0.460435277808070	0.424903079647043	0.477767516270975
192 0.315931836239184	8.862130699509176E-002	0.582231114407448	8.862130699518313E-002	0.201968095385769	0.331476166037592	0.101520331795721	0.303428219093648	0.534531021665075	0.457564400926509	0.396817429279039	0.457564400926626	0.201968095385493	0.303428219093986	0.101520331795412	0.331476166037644
193 0.419750120956617	0.159111877983706	0.171504258675112	0.159111877983734	0.405940211316137	0.110532472725663	7.522985437684684E-002	0.213005800861480	0.107397497397420	0.539772962332358	6.661078024286378E-002	0.539772962332221	0.405940211316374	0.213005800861481	7.522985437721377E-002	0.110532472725829
194 0.575969764809427	0.425482258026205	0.206971763745194	0.425482258026326	3.327907413001559E-002	0.104506402958549	0.304121971906800	0.274359834640648	0.285429275895814	0.553618036935452	0.178563953260176	0.553618036934781	3.327907412997622E-002	0.274359834640550	0.304121971906371	0.104506402958482
195 0.123918884914541	0.126717126234062	0.520756286350229	0.126717126233930	3.917200625872719E-002	0.102954358065959	4.109140878658928E-002	7.082490774377390E-002	0.214468751496882	0.119608823228386	3.317631815680935E-002	0.119608823228596	3.917200625875572E-002	7.082490774366272E-002	4.109140878684694E-002	0.102954358066096
196 0.197492885405061	0.156524290782751	0.585743056369282	0.156524290782711	0.184127633382771	0.151246298709813	0.475944951083454	9.078433994460493E-002	0.521468489987732	0.211842133899589	0.516415398098456	0.211842133899676	0.184127633382862	9.078433994471359E-002	0.475944951083381	0.151246298709935
197 0.406657817276987	0.233293326152340	0.138440465704243	0.233293326152132	0.123086888086403	0.183819165432457	0.426872702611963	0.119612180200035	0.193925701033001	0.141864308018749	0.496030820765771	0.141864308018754	0.123086888086682	0.119612180200005	0.426872702612483	0.183819165432454
198 0.250235548317683	0.152505336357158	0.196831940344474	0.152505336357194	0.104616884834149	0.265832417116877	0.462861689289147	0.251561484938641	9.758777068550570E-002	0.294148919304163	0.549372831785541	0.294148919304175	0.104616884834191	0.251561484938548	0.462861689289621	0.265832417116790
199 0.381708408307852	0.164892738299407	0.397997304646080	0.164892738299477	8.802928426735189E-002	0.279219137266180	0.441731966517548	0.251298943199730	0.186957099063189	0.187016626164877	0.530644134780193	0.187016626164847	8.802928426764892E-002	0.251298943200185	0.441731966517084	0.279219137265846
